% function evaluation | noise-free fitness - Fopt (-4.620900000000e+02) | best noise-free fitness - Fopt | measured fitness | best measured fitness | x1 | x2...
1 +8.433431465e+01 +8.433431465e+01 -3.777556854e+02 -3.777556854e+02 -3.2291e+00 +3.8089e+00
3 +5.140143920e+01 +5.140143920e+01 -4.106885608e+02 -4.106885608e+02 +1.1479e+00 +3.8653e+00
9 +3.430595896e+01 +3.430595896e+01 -4.277840410e+02 -4.277840410e+02 +9.1526e-01 +1.3725e+00
37 +2.261231327e+01 +2.261231327e+01 -4.394776867e+02 -4.394776867e+02 -1.4515e+00 +2.5972e+00
94 +1.544378925e+01 +1.544378925e+01 -4.466462108e+02 -4.466462108e+02 +6.7665e-01 +1.9557e+00
228 +8.876143412e+00 +8.876143412e+00 -4.532138566e+02 -4.532138566e+02 +5.8689e-01 +1.9835e+00
614 +5.441350484e+00 +5.441350484e+00 -4.566486495e+02 -4.566486495e+02 +4.3732e-01 +1.9989e+00
% function evaluation | noise-free fitness - Fopt (7.766000000000e+01) | best noise-free fitness - Fopt | measured fitness | best measured fitness | x1 | x2...
1 +1.364898443e+02 +1.364898443e+02 +2.141498443e+02 +2.141498443e+02 +8.4106e-02 +2.6710e+00
5 +5.854415247e+01 +5.854415247e+01 +1.362041525e+02 +1.362041525e+02 -5.9978e-01 -3.1097e+00
10 +1.047629563e+01 +1.047629563e+01 +8.813629563e+01 +8.813629563e+01 +1.4669e+00 -9.3120e-01
21 +9.585466115e+00 +9.585466115e+00 +8.724546611e+01 +8.724546611e+01 +1.5592e+00 -8.8102e-01
27 +6.282420962e+00 +6.282420962e+00 +8.394242096e+01 +8.394242096e+01 +1.3795e+00 -9.0854e-01
28 +1.838539145e+00 +1.838539145e+00 +7.949853915e+01 +7.949853915e+01 +1.4440e+00 -8.4707e-01
33 +1.265453026e+00 +1.265453026e+00 +7.892545303e+01 +7.892545303e+01 +1.4280e+00 -8.5754e-01
% function evaluation | noise-free fitness - Fopt (1.156800000000e+02) | best noise-free fitness - Fopt | measured fitness | best measured fitness | x1 | x2...
1 +4.842462419e+01 +4.842462419e+01 +1.641046242e+02 +1.641046242e+02 +1.7876e+00 +5.8073e-02
2 +2.295541764e+01 +2.295541764e+01 +1.386354176e+02 +1.386354176e+02 -1.0863e-02 -1.5662e+00
6 +7.569343394e+00 +7.569343394e+00 +1.232493434e+02 +1.232493434e+02 +1.0706e+00 -1.2744e+00
40 +3.885204773e+00 +3.885204773e+00 +1.195652048e+02 +1.195652048e+02 +1.1190e+00 -1.3041e+00
284 +2.233744204e+00 +2.233744204e+00 +1.179137442e+02 +1.179137442e+02 +1.1892e+00 -1.3023e+00
593 +1.513638887e+00 +1.513638887e+00 +1.171936389e+02 +1.171936389e+02 +2.1369e+00 -1.2860e+00
% function evaluation | noise-free fitness - Fopt (-3.710000000000e+00) | best noise-free fitness - Fopt | measured fitness | best measured fitness | x1 | x2...
1 +1.952372889e+02 +1.952372889e+02 +1.915272889e+02 +1.915272889e+02 +1.6495e+00 +1.7226e+00
2 +1.375137060e+01 +1.375137060e+01 +1.004137060e+01 +1.004137060e+01 +3.2501e+00 -2.5933e+00
30 +2.241456174e+00 +2.241456174e+00 -1.468543826e+00 -1.468543826e+00 +3.2165e+00 -2.6044e+00
358 +1.347651259e+00 +1.347651259e+00 -2.362348741e+00 -2.362348741e+00 +3.1014e+00 -1.9769e+00
1209 +9.977761452e-01 +9.977761452e-01 -2.712223855e+00 -2.712223855e+00 +3.1177e+00 -2.6042e+00
% function evaluation | noise-free fitness - Fopt (1.321800000000e+02) | best noise-free fitness - Fopt | measured fitness | best measured fitness | x1 | x2...
1 +2.880946283e+02 +2.880946283e+02 +4.202746283e+02 +4.202746283e+02 +2.3811e-01 -3.7192e+00
2 +7.948968667e+01 +7.948968667e+01 +2.116696867e+02 +2.116696867e+02 -3.0184e+00 +1.9515e+00
3 +4.653484405e+01 +4.653484405e+01 +1.787148441e+02 +1.787148441e+02 +3.8866e+00 -2.9721e-01
6 +2.854610346e+01 +2.854610346e+01 +1.607261035e+02 +1.607261035e+02 -1.1802e+00 +1.1683e+00
34 +2.278747250e+01 +2.278747250e+01 +1.549674725e+02 +1.549674725e+02 +7.4240e-01 +2.1902e+00
52 +8.114896936e+00 +8.114896936e+00 +1.402948969e+02 +1.402948969e+02 +1.9637e+00 +1.4523e+00
219 +4.225025088e+00 +4.225025088e+00 +1.364050251e+02 +1.364050251e+02 +1.8312e+00 +1.4720e+00
% function evaluation | noise-free fitness - Fopt (-4.174000000000e+01) | best noise-free fitness - Fopt | measured fitness | best measured fitness | x1 | x2...
1 +6.197155323e+01 +6.197155323e+01 +2.023155323e+01 +2.023155323e+01 -3.3971e+00 -1.6735e+00
3 +1.670898234e+01 +1.670898234e+01 -2.503101766e+01 -2.503101766e+01 +8.7581e-01 -2.1077e+00
31 +1.171383598e+01 +1.171383598e+01 -3.002616402e+01 -3.002616402e+01 +9.6410e-01 -2.1745e+00
66 +7.930008541e+00 +7.930008541e+00 -3.380999146e+01 -3.380999146e+01 +2.9306e+00 -1.8149e+00
93 +2.202711328e+00 +2.202711328e+00 -3.953728867e+01 -3.953728867e+01 +3.0279e+00 -1.8463e+00
333 +7.436591058e-01 +7.436591058e-01 -4.099634089e+01 -4.099634089e+01 +3.1101e+00 -1.8525e+00
339 +2.689719546e-01 +2.689719546e-01 -4.147102805e+01 -4.147102805e+01 +3.1087e+00 -1.8443e+00
989 +1.305438961e-02 +1.305438961e-02 -4.172694561e+01 -4.172694561e+01 +3.1319e+00 -1.8328e+00
% function evaluation | noise-free fitness - Fopt (-4.948600000000e+02) | best noise-free fitness - Fopt | measured fitness | best measured fitness | x1 | x2...
1 +2.445540479e+02 +2.445540479e+02 -2.503059521e+02 -2.503059521e+02 -3.7763e+00 +3.1942e+00
3 +3.529747358e+01 +3.529747358e+01 -4.595625264e+02 -4.595625264e+02 +2.2890e+00 -1.5230e+00
7 +2.336267319e+01 +2.336267319e+01 -4.714973268e+02 -4.714973268e+02 -1.3982e+00 -1.1307e+00
79 +9.017368998e+00 +9.017368998e+00 -4.858426310e+02 -4.858426310e+02 +7.2963e-01 -5.5185e-01
348 +6.108051255e+00 +6.108051255e+00 -4.887519487e+02 -4.887519487e+02 +9.0658e-01 -8.0271e-01
510 +3.360759970e+00 +3.360759970e+00 -4.914992400e+02 -4.914992400e+02 +2.6476e+00 -1.1307e+00
516 +2.141729231e+00 +2.141729231e+00 -4.927182708e+02 -4.927182708e+02 +2.6754e+00 -1.1087e+00
637 +1.022271745e+00 +1.022271745e+00 -4.938377283e+02 -4.938377283e+02 +2.7750e+00 -1.1462e+00
650 +6.878093393e-01 +6.878093393e-01 -4.941721907e+02 -4.941721907e+02 +2.7143e+00 -1.1272e+00
766 +2.617776225e-01 +2.617776225e-01 -4.945982224e+02 -4.945982224e+02 +2.7401e+00 -1.1225e+00
1948 +7.928055047e-02 +7.928055047e-02 -4.947807194e+02 -4.947807194e+02 +2.7555e+00 -1.1252e+00
2067 +1.476350846e-02 +1.476350846e-02 -4.948452365e+02 -4.948452365e+02 +2.7678e+00 -1.1214e+00
% function evaluation | noise-free fitness - Fopt (3.484000000000e+02) | best noise-free fitness - Fopt | measured fitness | best measured fitness | x1 | x2...
1 +2.418460187e+02 +2.418460187e+02 +5.902460187e+02 +5.902460187e+02 -5.2640e-01 -3.9442e+00
2 +4.524895220e+01 +4.524895220e+01 +3.936489522e+02 +3.936489522e+02 +1.4648e+00 -5.2866e-01
3 +3.766683066e+01 +3.766683066e+01 +3.860668307e+02 +3.860668307e+02 -2.3668e+00 +6.2391e-01
24 +1.958673395e+01 +1.958673395e+01 +3.679867340e+02 +3.679867340e+02 +1.6840e+00 +1.1658e+00
50 +1.304662819e+01 +1.304662819e+01 +3.614466282e+02 +3.614466282e+02 +1.0782e+00 +6.8006e-01
81 +7.747699367e+00 +7.747699367e+00 +3.561476994e+02 +3.561476994e+02 +9.8151e-01 +6.5415e-01
85 +1.394644089e+00 +1.394644089e+00 +3.497946441e+02 +3.497946441e+02 +9.9848e-01 +6.0890e-01
% function evaluation | noise-free fitness - Fopt (3.770000000000e+00) | best noise-free fitness - Fopt | measured fitness | best measured fitness | x1 | x2...
1 +5.034883837e+01 +5.034883837e+01 +5.411883837e+01 +5.411883837e+01 -8.2820e-01 -3.1541e+00
2 +3.697727879e+01 +3.697727879e+01 +4.074727879e+01 +4.074727879e+01 -1.1113e+00 -2.4682e+00
33 +2.262737658e+01 +2.262737658e+01 +2.639737658e+01 +2.639737658e+01 -1.0687e+00 -2.3968e+00
57 +1.361416190e+01 +1.361416190e+01 +1.738416190e+01 +1.738416190e+01 -1.4822e-01 -2.3113e+00
84 +8.290992616e+00 +8.290992616e+00 +1.206099262e+01 +1.206099262e+01 +2.0163e+00 -1.9893e+00
222 +1.386989805e+00 +1.386989805e+00 +5.156989805e+00 +5.156989805e+00 +1.9650e+00 -2.0283e+00
1388 +9.984004427e-01 +9.984004427e-01 +4.768400443e+00 +4.768400443e+00 +1.9481e+00 -2.0391e+00
% function evaluation | noise-free fitness - Fopt (3.770000000000e+01) | best noise-free fitness - Fopt | measured fitness | best measured fitness | x1 | x2...
1 +2.519870754e+02 +2.519870754e+02 +2.896870754e+02 +2.896870754e+02 -1.8820e-01 +2.2810e+00
2 +3.401211740e+01 +3.401211740e+01 +7.171211740e+01 +7.171211740e+01 -1.8264e-01 -1.3442e+00
15 +1.397580861e+01 +1.397580861e+01 +5.167580861e+01 +5.167580861e+01 -8.0098e-01 -3.3160e+00
24 +6.026675538e+00 +6.026675538e+00 +4.372667554e+01 +4.372667554e+01 +9.9454e-01 -2.3795e+00
156 +1.311976273e+00 +1.311976273e+00 +3.901197627e+01 +3.901197627e+01 +1.0320e+00 -2.3298e+00
284 +9.425293889e-01 +9.425293889e-01 +3.864252939e+01 +3.864252939e+01 +1.0707e+00 -2.3237e+00
294 +4.457644385e-01 +4.457644385e-01 +3.814576444e+01 +3.814576444e+01 +1.0769e+00 -2.3499e+00
554 +2.108379866e-01 +2.108379866e-01 +3.791083799e+01 +3.791083799e+01 +1.0831e+00 -2.3435e+00
1720 +6.285962679e-02 +6.285962679e-02 +3.776285963e+01 +3.776285963e+01 +1.1076e+00 -2.3457e+00
1978 +3.970701308e-02 +3.970701308e-02 +3.773970701e+01 +3.773970701e+01 +1.1084e+00 -2.3446e+00
% function evaluation | noise-free fitness - Fopt (6.956900000000e+02) | best noise-free fitness - Fopt | measured fitness | best measured fitness | x1 | x2...
1 +2.817012952e+01 +2.817012952e+01 +7.238601295e+02 +7.238601295e+02 +1.7461e+00 -3.8651e+00
3 +2.110851576e+01 +2.110851576e+01 +7.167985158e+02 +7.167985158e+02 +2.3518e+00 -2.1362e+00
41 +7.987772958e+00 +7.987772958e+00 +7.036777730e+02 +7.036777730e+02 +1.5024e+00 -2.9427e+00
85 +5.043967356e+00 +5.043967356e+00 +7.007339674e+02 +7.007339674e+02 +2.2920e+00 -3.9389e+00
% function evaluation | noise-free fitness - Fopt (-1.180300000000e+02) | best noise-free fitness - Fopt | measured fitness | best measured fitness | x1 | x2...
1 +3.777887128e+02 +3.777887128e+02 +2.597587128e+02 +2.597587128e+02 +7.0261e-01 -2.7424e+00
2 +2.314383746e+02 +2.314383746e+02 +1.134083746e+02 +1.134083746e+02 +2.5080e+00 +3.0535e+00
5 +4.844905876e+01 +4.844905876e+01 -6.958094124e+01 -6.958094124e+01 -7.9647e-01 +1.6608e+00
9 +2.093886491e+01 +2.093886491e+01 -9.709113509e+01 -9.709113509e+01 -3.0285e+00 +3.2682e+00
116 +1.457222491e+01 +1.457222491e+01 -1.034577751e+02 -1.034577751e+02 +7.6070e-01 +3.5642e+00
300 +8.044969829e+00 +8.044969829e+00 -1.099850302e+02 -1.099850302e+02 -9.0151e-01 +2.8740e+00
645 +4.793118445e+00 +4.793118445e+00 -1.132368816e+02 -1.132368816e+02 +9.2716e-01 +3.5584e+00
766 +3.847840803e+00 +3.847840803e+00 -1.141821592e+02 -1.141821592e+02 +9.6200e-01 +3.5406e+00
910 +9.139598728e-01 +9.139598728e-01 -1.171160401e+02 -1.171160401e+02 +1.0151e+00 +3.5547e+00
1296 +2.609073277e-01 +2.609073277e-01 -1.177690927e+02 -1.177690927e+02 +1.0442e+00 +3.5645e+00
1426 +4.338591815e-02 +4.338591815e-02 -1.179866141e+02 -1.179866141e+02 +1.0786e+00 +3.5614e+00
2463 +2.939792894e-03 +2.939792894e-03 -1.180270602e+02 -1.180270602e+02 +1.0760e+00 +3.5646e+00
% function evaluation | noise-free fitness - Fopt (4.816000000000e+01) | best noise-free fitness - Fopt | measured fitness | best measured fitness | x1 | x2...
1 +1.072393205e+02 +1.072393205e+02 +1.553993205e+02 +1.553993205e+02 +6.8647e-01 -3.4894e+00
2 +4.272121590e+01 +4.272121590e+01 +9.088121590e+01 +9.088121590e+01 -3.4011e+00 -1.4042e+00
9 +2.109223908e+01 +2.109223908e+01 +6.925223908e+01 +6.925223908e+01 -4.5939e-01 -5.2908e-01
23 +6.131283335e+00 +6.131283335e+00 +5.429128334e+01 +5.429128334e+01 -5.4976e-01 -4.3802e-01
