% function evaluation | noise-free fitness - Fopt (6.870000000000e+00) | best noise-free fitness - Fopt | measured fitness | best measured fitness | x1 | x2...
1 +1.244618662e+01 +1.244618662e+01 +1.931618662e+01 +1.931618662e+01 -7.4149e-01 +4.4251e+00 -2.2000e+00 -2.3103e+00 -1.6214e+00 -2.5314e+00 +3.5972e-01 +1.9546e+00 +3.5453e+00 +4.0531e-01
2 +7.440111275e+00 +7.440111275e+00 +1.431011127e+01 +1.431011127e+01 +1.2278e+00 -2.7717e+00 -2.1714e+00 +2.5906e+00 +4.5636e+00 -3.9433e+00 -5.6422e-01 +3.3158e+00 +1.7181e+00 -2.1434e+00
19 +6.113038960e+00 +6.113038960e+00 +1.298303896e+01 +1.298303896e+01 +9.6264e-02 -3.8537e+00 -4.4735e+00 +2.8346e+00 -1.1895e+00 -5.9181e-02 +2.2161e+00 -2.7713e+00 -1.7406e+00 -4.3595e-01
% function evaluation | noise-free fitness - Fopt (1.000000000000e-02) | best noise-free fitness - Fopt | measured fitness | best measured fitness | x1 | x2...
1 +2.942739613e+01 +2.942739613e+01 +2.943739613e+01 +2.943739613e+01 +3.2223e+00 -5.1764e-01 -8.9639e-01 +9.9692e-01 +3.6176e+00 +3.8761e+00 -1.1217e+00 -2.2726e+00 +3.1068e+00 +9.5395e-01
2 +2.176208662e+01 +2.176208662e+01 +2.177208662e+01 +2.177208662e+01 +4.9255e+00 +3.3549e+00 -4.1931e+00 +8.8691e-01 +2.4189e+00 +1.5739e+00 -1.7910e+00 +2.5406e+00 -5.9219e-01 +4.5449e+00
4 +1.569663710e+01 +1.569663710e+01 +1.570663710e+01 +1.570663710e+01 +1.3523e+00 +3.4672e+00 -2.3131e+00 -2.3726e+00 +5.5408e-01 -2.5491e+00 +1.2517e-01 -2.9394e-01 -1.9910e+00 -1.0020e+00
13 +8.594481631e+00 +8.594481631e+00 +8.604481631e+00 +8.604481631e+00 +1.0869e+00 -3.3046e+00 +4.6730e+00 +1.5159e+00 +3.4726e+00 +3.8776e+00 -9.7882e-01 -2.2520e+00 +3.1793e+00 +1.5474e+00
33 +6.146203533e+00 +6.146203533e+00 +6.156203533e+00 +6.156203533e+00 -3.0619e+00 +1.0521e-01 +5.6270e-01 +5.3585e-01 +3.0206e+00 -3.7944e+00 -3.0056e+00 +5.9039e-01 +3.7413e-01 +8.8905e-01
% function evaluation | noise-free fitness - Fopt (-1.306100000000e+02) | best noise-free fitness - Fopt | measured fitness | best measured fitness | x1 | x2...
1 +7.435280981e+00 +7.435280981e+00 -1.231747190e+02 -1.231747190e+02 -2.7986e+00 -3.5860e+00 +3.0474e+00 +4.2892e+00 +1.6353e-02 +2.1046e+00 -1.9104e+00 +3.5218e+00 -1.8787e+00 +2.1428e+00
47 +5.218695568e+00 +5.218695568e+00 -1.253913044e+02 -1.253913044e+02 -2.8201e+00 -5.5709e-03 -7.4709e-01 -1.6681e+00 -4.4745e+00 -2.9581e-01 -2.5484e+00 -3.6348e+00 -4.8569e+00 +2.5816e+00
% function evaluation | noise-free fitness - Fopt (-2.231200000000e+02) | best noise-free fitness - Fopt | measured fitness | best measured fitness | x1 | x2...
1 +2.674293786e+01 +2.674293786e+01 -1.963770621e+02 -1.963770621e+02 -4.5164e+00 -3.4373e+00 -3.0917e-01 +3.7315e+00 +1.0068e+00 +5.9137e-01 -4.1163e-01 +3.3112e+00 -1.2391e+00 -1.7921e+00
2 +1.688305713e+01 +1.688305713e+01 -2.062369429e+02 -2.062369429e+02 +2.0639e+00 +4.8060e+00 +1.2997e+00 +3.2681e+00 -9.5700e-02 +4.6313e+00 +2.5319e+00 -3.5580e+00 +5.6126e-02 -4.6920e+00
3 +1.535563332e+01 +1.535563332e+01 -2.077643667e+02 -2.077643667e+02 -4.9064e+00 -5.9342e-01 +2.8978e+00 +3.8927e+00 -1.6927e+00 -4.3834e+00 -4.0534e+00 +1.5571e+00 +1.6072e+00 -8.6831e-01
22 +6.448089164e+00 +6.448089164e+00 -2.166719108e+02 -2.166719108e+02 +4.7371e+00 -2.3809e+00 +4.1400e+00 +7.7392e-01 +4.6677e+00 +3.2986e+00 +1.6787e-01 -2.9842e+00 -1.9096e+00 +5.3667e-01
61 +5.817167798e+00 +5.817167798e+00 -2.173028322e+02 -2.173028322e+02 -3.5508e+00 -1.7186e+00 -7.8986e-01 -1.4512e+00 +4.4099e+00 +1.7820e+00 -4.1093e+00 -4.9894e+00 -4.6766e+00 -3.7457e+00
67 +3.367896766e+00 +3.367896766e+00 -2.197521032e+02 -2.197521032e+02 +2.4913e+00 -9.9971e-01 -4.2571e+00 +5.5493e-01 +1.5365e-01 -3.7365e+00 +2.8334e+00 -2.6219e+00 +1.7848e-01 -4.0407e-01
% function evaluation | noise-free fitness - Fopt (-4.443000000000e+01) | best noise-free fitness - Fopt | measured fitness | best measured fitness | x1 | x2...
1 +1.648382949e+01 +1.648382949e+01 -2.794617051e+01 -2.794617051e+01 +4.3081e+00 +9.1841e-01 -2.3435e+00 +1.1834e+00 +1.1098e+00 -4.5940e+00 -3.2757e+00 +8.3840e-01 -1.2033e+00 +2.8514e+00
2 +9.219669831e+00 +9.219669831e+00 -3.521033017e+01 -3.521033017e+01 +3.4848e+00 +1.2508e+00 +8.5746e-01 -3.6006e+00 -2.4060e+00 -4.9543e+00 +6.4805e-01 -2.0983e+00 +4.5258e+00 -4.5473e+00
45 +4.947578648e+00 +4.947578648e+00 -3.948242135e+01 -3.948242135e+01 -7.1430e-01 -1.6816e+00 -1.6053e+00 +1.0262e-02 +1.8400e+00 -2.2184e+00 +2.1515e+00 +4.0826e+00 +3.6787e+00 -1.8654e+00
% function evaluation | noise-free fitness - Fopt (1.994000000000e+01) | best noise-free fitness - Fopt | measured fitness | best measured fitness | x1 | x2...
1 +9.708447521e+00 +9.708447521e+00 +2.964844752e+01 +2.964844752e+01 +9.0525e-02 +4.0182e+00 -4.3716e+00 +2.9485e+00 +4.2540e+00 -3.6841e+00 +4.1464e+00 -2.1282e+00 +4.9171e+00 +2.5418e+00
47 +6.247889548e+00 +6.247889548e+00 +2.618788955e+01 +2.618788955e+01 +2.3061e+00 +1.2517e+00 +1.7116e+00 -5.6956e-03 +2.4765e+00 -2.9477e-01 +2.9833e+00 +4.3245e+00 +3.9827e+00 +3.4347e+00
% function evaluation | noise-free fitness - Fopt (2.047400000000e+02) | best noise-free fitness - Fopt | measured fitness | best measured fitness | x1 | x2...
1 +4.180496005e+00 +4.180496005e+00 +2.089204960e+02 +2.089204960e+02 +1.4502e+00 +3.3158e+00 -4.4490e+00 -4.0336e+00 -1.9776e+00 +4.1252e+00 -2.9507e+00 -6.2391e-01 +8.7105e-01 -3.4315e+00
63 +3.704998955e+00 +3.704998955e+00 +2.084449990e+02 +2.084449990e+02 -2.0934e+00 +2.6266e-01 -2.2557e+00 -4.6818e+00 -1.3629e+00 -3.5507e+00 +3.8704e+00 -3.3652e+00 +8.0723e-01 +4.8788e+00
% function evaluation | noise-free fitness - Fopt (-3.887700000000e+02) | best noise-free fitness - Fopt | measured fitness | best measured fitness | x1 | x2...
1 +1.923715183e+01 +1.923715183e+01 -3.695328482e+02 -3.695328482e+02 +4.1033e+00 -1.6289e+00 +1.4248e+00 -2.4005e+00 -2.6576e-02 +2.4157e+00 -2.3554e+00 +1.5172e+00 -2.1071e-01 +4.5912e+00
5 +9.772511009e+00 +9.772511009e+00 -3.789974890e+02 -3.789974890e+02 -3.0081e+00 -3.9292e+00 -4.3072e+00 +3.5845e+00 +2.2057e+00 -2.8645e+00 -4.5483e+00 +1.8697e+00 -3.7445e+00 -4.3708e+00
79 +5.128988884e+00 +5.128988884e+00 -3.836410111e+02 -3.836410111e+02 -4.3479e+00 -1.6230e+00 -2.2867e+00 -1.5290e+00 -6.2471e-01 -3.7946e+00 +3.0339e+00 +1.6827e+00 +4.1287e+00 -4.2065e+00
89 +3.866379958e+00 +3.866379958e+00 -3.849036200e+02 -3.849036200e+02 -3.0420e-02 +1.8794e+00 -1.2313e+00 +8.4614e-01 -2.7204e+00 +2.2585e+00 +3.0128e+00 -4.3730e+00 +1.9288e+00 -8.5260e-01
% function evaluation | noise-free fitness - Fopt (-1.918000000000e+01) | best noise-free fitness - Fopt | measured fitness | best measured fitness | x1 | x2...
1 +4.259354267e+00 +4.259354267e+00 -1.492064573e+01 -1.492064573e+01 -1.6004e+00 +3.0977e+00 +9.3418e-01 -1.8220e+00 -1.3191e+00 -6.5204e-01 +2.5978e+00 -2.8308e+00 -4.2416e+00 -3.4325e+00
% function evaluation | noise-free fitness - Fopt (-3.724500000000e+02) | best noise-free fitness - Fopt | measured fitness | best measured fitness | x1 | x2...
1 +1.723798760e+01 +1.723798760e+01 -3.552120124e+02 -3.552120124e+02 +4.5795e+00 -1.4486e+00 +7.8228e-01 -9.4818e-01 +3.7551e+00 +1.4550e+00 -4.2358e-01 +7.8249e-01 -2.1539e+00 +6.0555e-01
2 +1.165708855e+01 +1.165708855e+01 -3.607929114e+02 -3.607929114e+02 +3.3574e+00 -2.4079e+00 +1.1885e+00 -2.7045e+00 -2.1761e+00 -3.1428e+00 +1.8437e+00 +2.3998e+00 +1.8570e+00 -4.1482e+00
10 +8.414912767e+00 +8.414912767e+00 -3.640350872e+02 -3.640350872e+02 +1.3842e-01 +2.0966e+00 +1.7987e+00 -1.8786e+00 -4.2435e+00 -1.8913e-01 -4.6664e+00 -1.3672e+00 +1.0711e+00 -4.6291e+00
26 +5.096674659e+00 +5.096674659e+00 -3.673533253e+02 -3.673533253e+02 +1.6885e+00 -2.7576e+00 +6.0416e-01 -2.9980e+00 +2.2564e+00 +2.0936e+00 +3.4311e+00 +2.8566e+00 -1.5625e+00 +8.4658e-01
% function evaluation | noise-free fitness - Fopt (8.450000000000e+00) | best noise-free fitness - Fopt | measured fitness | best measured fitness | x1 | x2...
1 +1.466501671e+01 +1.466501671e+01 +2.311501671e+01 +2.311501671e+01 +7.9708e-01 -4.7067e+00 +7.7060e-02 -2.1676e+00 -1.0259e+00 +4.9124e+00 +4.1625e+00 -2.5479e+00 +1.9509e+00 +5.3244e-01
2 +8.911181458e+00 +8.911181458e+00 +1.736118146e+01 +1.736118146e+01 -4.4227e+00 -3.0371e-01 +3.4613e+00 -3.7119e+00 +4.7320e+00 +4.9531e+00 +4.5757e+00 -1.4810e+00 +4.5006e+00 -2.3216e+00
4 +5.086164971e+00 +5.086164971e+00 +1.353616497e+01 +1.353616497e+01 +4.4168e+00 +2.5218e+00 +2.3733e+00 -3.9676e+00 +7.5253e-01 +3.2425e+00 -8.2193e-01 +1.0281e+00 -1.5907e+00 +1.9035e+00
% function evaluation | noise-free fitness - Fopt (1.184000000000e+01) | best noise-free fitness - Fopt | measured fitness | best measured fitness | x1 | x2...
1 +1.441951815e+01 +1.441951815e+01 +2.625951815e+01 +2.625951815e+01 +5.9083e-01 -5.9650e-01 +2.3386e+00 +2.0983e+00 +2.5525e+00 +6.0917e-01 +2.1619e+00 +2.0155e+00 -3.4441e+00 -2.6513e+00
6 +7.261545676e+00 +7.261545676e+00 +1.910154568e+01 +1.910154568e+01 +1.7083e+00 -4.6540e+00 -2.6585e+00 +1.2012e+00 +1.1819e+00 +2.7577e+00 -6.1143e-01 +2.9693e+00 +1.1927e+00 +2.4225e+00
17 +4.132289279e+00 +4.132289279e+00 +1.597228928e+01 +1.597228928e+01 -1.2453e+00 -1.2276e+00 +1.0163e+00 +2.7866e+00 -4.6255e+00 -4.5223e+00 +4.6196e+00 +1.7023e+00 +1.5570e+00 -1.6561e+00
% function evaluation | noise-free fitness - Fopt (1.581200000000e+02) | best noise-free fitness - Fopt | measured fitness | best measured fitness | x1 | x2...
1 +2.342722533e+01 +2.342722533e+01 +1.815472253e+02 +1.815472253e+02 +2.9358e+00 -2.2442e+00 -1.7468e+00 +3.3229e-04 +2.8958e+00 -9.9047e-01 +2.3588e-01 +7.2008e-01 -2.8889e+00 -4.1807e-01
2 +1.062424342e+01 +1.062424342e+01 +1.687442434e+02 +1.687442434e+02 -3.8505e+00 +1.4359e+00 +3.5537e+00 -4.4796e+00 +4.1315e+00 -4.1545e+00 -3.7462e+00 -3.3734e+00 +4.0661e+00 +2.1835e+00
26 +9.467377195e+00 +9.467377195e+00 +1.675873772e+02 +1.675873772e+02 -1.9138e+00 +1.1134e+00 -3.2442e+00 -3.2666e+00 -2.2216e+00 -4.5468e+00 +9.7488e-01 +1.1870e+00 +2.4854e+00 -2.1793e+00
54 +5.339833528e+00 +5.339833528e+00 +1.634598335e+02 +1.634598335e+02 +1.3437e+00 -3.1707e+00 +4.4619e+00 -4.8933e-01 +1.3036e+00 +4.0874e+00 -3.5059e+00 -4.7870e-01 +2.9889e+00 +1.2372e+00
% function evaluation | noise-free fitness - Fopt (-1.021200000000e+02) | best noise-free fitness - Fopt | measured fitness | best measured fitness | x1 | x2...
1 +1.664709952e+01 +1.664709952e+01 -8.547290048e+01 -8.547290048e+01 -1.7822e+00 -4.2785e+00 +1.2574e+00 -1.6460e+00 +2.6308e+00 +4.5142e+00 +1.4871e+00 +1.3921e-02 -3.3295e+00 +4.2038e+00
2 +9.139417043e+00 +9.139417043e+00 -9.298058296e+01 -9.298058296e+01 +2.6410e+00 -2.3028e+00 +4.6783e+00 +5.5014e-01 -2.0957e+00 +4.8353e+00 +2.1746e+00 -1.5071e+00 -4.6406e+00 -1.9565e+00
11 +5.001146580e+00 +5.001146580e+00 -9.711885342e+01 -9.711885342e+01 +9.3438e-01 -4.4310e+00 -2.8172e+00 -4.8184e+00 +2.5451e+00 +4.8738e-01 +3.3509e+00 +2.4957e+00 -3.4802e+00 +3.2770e+00
81 +3.519965314e+00 +3.519965314e+00 -9.860003469e+01 -9.860003469e+01 -3.4907e+00 -4.9315e+00 +1.3076e+00 +2.6524e+00 -4.5092e+00 +2.6140e+00 -3.6411e+00 +4.8882e-01 +2.1215e+00 -3.8935e+00
% function evaluation | noise-free fitness - Fopt (-8.798000000000e+01) | best noise-free fitness - Fopt | measured fitness | best measured fitness | x1 | x2...
1 +5.378426390e+00 +5.378426390e+00 -8.260157361e+01 -8.260157361e+01 +1.9491e+00 +8.7246e-01 -4.1827e+00 -4.2595e+00 -2.0081e+00 -6.1944e-01 -3.8872e+00 -3.0693e-02 +3.0676e+00 -3.3579e+00
