% function evaluation | noise-free fitness - Fopt (9.294000000000e+01) | best noise-free fitness - Fopt | measured fitness | best measured fitness | x1 | x2...
1 +2.267571342e+03 +2.267571342e+03 +2.360511342e+03 +2.360511342e+03 +2.2188e+00 +1.8728e+00 +1.3607e+00 -3.4332e+00 -3.7505e+00 +2.2849e+00 -1.3882e+00 -2.0170e+00 +2.8904e+00 -3.2512e+00 +1.0497e+00 +1.5241e+00 -1.5418e+00 -8.3026e-01 -5.0360e-01 +1.3919e+00 +1.0969e-01 -1.2286e+00 -2.9211e+00 +5.4983e-01
12 +9.961712297e+02 +9.961712297e+02 +1.089111230e+03 +1.089111230e+03 +2.6860e+00 -2.8173e+00 -9.8580e-01 +3.7438e+00 +3.9115e+00 +1.9448e+00 -3.6090e+00 -1.4625e+00 +2.3854e+00 +3.0328e+00 -1.8965e+00 -3.8778e+00 +1.0146e+00 +3.6528e+00 +2.7813e+00 -1.1414e+00 +2.9255e+00 +3.5645e+00 -1.6550e+00 -2.1233e+00
105 +5.330130759e+02 +5.330130759e+02 +6.259530759e+02 +6.259530759e+02 +2.5383e+00 -6.8233e-01 -3.4804e+00 +2.2014e+00 -4.1772e-01 +2.8202e+00 +1.9404e+00 +1.3943e+00 +3.2885e+00 -1.0028e-01 +1.9498e+00 -3.7874e+00 +3.5731e+00 +6.8943e-01 +3.8409e+00 -3.1434e+00 +1.6086e-01 -1.1063e+00 -3.7760e+00 +1.1532e+00
2280 +3.959081210e+02 +3.959081210e+02 +4.888481210e+02 +4.888481210e+02 +2.6701e+00 -4.1437e-01 -3.1147e+00 +2.3383e+00 -3.0987e-01 +3.0340e+00 +2.5183e+00 +1.2447e+00 +3.3622e+00 +3.7000e-01 +1.7368e+00 -4.1344e+00 +3.2275e+00 +6.3616e-01 +3.9741e+00 -2.9984e+00 +5.8301e-01 -1.3993e+00 -3.8609e+00 +1.2224e+00
7799 +2.497231993e+02 +2.497231993e+02 +3.426631993e+02 +3.426631993e+02 +2.2343e+00 -4.0500e-01 -2.7427e+00 +2.2089e+00 +3.2697e-01 +3.9769e+00 +2.8761e+00 +1.3877e+00 +3.8972e+00 +1.5256e+00 +2.2415e+00 -4.3353e+00 +1.8671e+00 +7.2276e-01 +3.8923e+00 -2.8736e+00 +6.7801e-01 -1.4935e+00 -4.6762e+00 +9.7803e-01
15217 +1.579352227e+02 +1.579352227e+02 +2.508752227e+02 +2.508752227e+02 +9.7321e-01 -8.0339e-01 -2.3020e+00 +1.7969e+00 +5.8553e-01 +4.4551e+00 +2.6629e+00 +1.1845e+00 +4.2474e+00 +2.1936e+00 +1.5946e+00 -4.5699e+00 +1.5833e+00 +2.6138e-01 +3.7701e+00 -2.9309e+00 +6.4798e-01 -2.1181e+00 -4.5941e+00 +1.0829e+00
23382 +9.732166348e+01 +9.732166348e+01 +1.902616635e+02 +1.902616635e+02 -1.4316e+00 +1.4055e+00 +1.3540e+00 +8.1883e-01 +2.8063e+00 +3.5952e+00 +1.7951e+00 -7.5970e-01 +3.0217e+00 +2.1474e+00 -3.5509e-01 -5.3734e+00 +4.9070e-01 +7.5443e-01 +3.2728e-01 +2.3501e+00 +1.9437e+00 -8.7311e-01 -1.6621e+00 -2.6864e+00
27253 +6.012643566e+01 +6.012643566e+01 +1.530664357e+02 +1.530664357e+02 -1.6218e+00 +1.8082e+00 +1.5844e+00 +1.0188e+00 +2.2116e+00 +3.5520e+00 +2.3913e+00 -8.0777e-01 +3.0391e+00 +1.9815e+00 -5.1188e-01 -5.2970e+00 +7.5678e-01 +7.5379e-01 +1.5183e-01 +2.5807e+00 +2.0284e+00 -1.2968e+00 -1.2262e+00 -1.5849e+00
% function evaluation | noise-free fitness - Fopt (3.535000000000e+01) | best noise-free fitness - Fopt | measured fitness | best measured fitness | x1 | x2...
1 +5.211404819e+03 +5.211404819e+03 +5.246754819e+03 +5.246754819e+03 +2.5644e-01 -1.2570e+00 +8.8243e-01 +3.6444e+00 +3.8212e+00 +5.0432e-01 -3.3123e+00 -1.6890e+00 -3.8380e+00 +2.8265e+00 +9.0416e-02 +6.7463e-01 -2.7558e+00 -3.1972e+00 -7.2759e-01 -2.3553e+00 -3.5842e+00 -4.4838e-02 +3.7680e+00 -1.7604e+00
2 +3.233782823e+03 +3.233782823e+03 +3.269132823e+03 +3.269132823e+03 +1.6539e+00 -7.4629e-01 +3.1242e+00 -1.1450e+00 +4.4330e-01 -2.1337e+00 +1.4767e+00 -9.8619e-01 -6.8783e-01 +2.9481e+00 -3.8181e+00 -1.1537e+00 +2.6237e+00 +4.6072e-01 +8.6698e-02 +1.4202e+00 -3.9040e+00 -3.9822e+00 +1.8862e+00 +3.6519e+00
5 +2.429852113e+03 +2.429852113e+03 +2.465202113e+03 +2.465202113e+03 -8.4987e-01 +2.0493e+00 +1.6141e+00 -2.4701e+00 -1.1919e+00 +3.3191e-01 +1.5958e+00 -1.6347e+00 -1.3359e+00 +3.4989e+00 +3.0285e+00 +3.3730e+00 +1.6143e+00 +2.3639e+00 -8.1635e-01 +1.3156e+00 -1.8009e+00 -2.4046e-01 +3.2011e+00 -2.7773e+00
28 +1.584760170e+03 +1.584760170e+03 +1.620110170e+03 +1.620110170e+03 -9.2071e-01 -8.1854e-01 -6.0618e-01 -1.3995e+00 -3.5361e-01 -1.7433e+00 +3.2855e+00 -1.2289e+00 +1.1715e+00 +2.0850e+00 -2.6358e+00 -1.2176e+00 -1.5896e-01 +3.8863e+00 -1.7468e+00 -2.6214e+00 +1.0915e+00 +2.7205e+00 +1.1483e-01 +2.1440e+00
343 +8.984705892e+02 +8.984705892e+02 +9.338205892e+02 +9.338205892e+02 +1.1352e+00 -2.9074e+00 -8.6083e-01 +1.5515e+00 -1.4397e+00 -1.1477e+00 +3.4870e-02 -1.3379e+00 -2.2772e+00 -2.1965e+00 +9.3977e-01 -2.2287e+00 -5.9717e-01 +8.4956e-01 -2.2931e+00 -1.0677e+00 +3.1182e+00 -8.4397e-01 +2.6916e+00 +2.9634e+00
2186 +6.131635053e+02 +6.131635053e+02 +6.485135053e+02 +6.485135053e+02 -1.1718e+00 -1.1113e+00 +3.1575e-01 +2.1204e+00 -2.8309e+00 -2.1038e+00 +3.4554e+00 -1.6180e+00 +1.0941e+00 -1.1329e+00 -2.7779e+00 -1.4367e+00 -3.8006e-01 +4.4256e+00 -2.3821e+00 -1.4775e+00 +1.5043e+00 +2.8043e+00 +9.3118e-02 +1.6326e+00
4941 +3.968842088e+02 +3.968842088e+02 +4.322342088e+02 +4.322342088e+02 -9.7342e-01 -1.2886e+00 +9.9045e-01 +2.1887e+00 -2.7427e+00 -2.0710e+00 +3.6817e+00 -1.5670e+00 +1.3868e+00 -9.5197e-01 -2.7626e+00 -1.8043e+00 +2.7820e-01 +4.6621e+00 -2.6369e+00 -1.4969e+00 +1.7600e+00 +2.7762e+00 +6.8532e-01 +1.3698e+00
6711 +2.481686641e+02 +2.481686641e+02 +2.835186641e+02 +2.835186641e+02 -9.1499e-01 -1.2926e+00 +1.2103e+00 +2.3029e+00 -2.7626e+00 -2.1880e+00 +3.5361e+00 -1.5548e+00 +1.4030e+00 -1.3038e+00 -2.7621e+00 -1.9470e+00 +4.3321e-01 +4.7892e+00 -3.3360e+00 -1.4255e+00 +2.2800e+00 +2.8135e+00 +1.1028e+00 +1.4696e+00
10607 +1.525726673e+02 +1.525726673e+02 +1.879226673e+02 +1.879226673e+02 -5.9849e-01 -1.2722e+00 +1.2058e+00 +2.6434e+00 -2.3146e+00 -1.7615e+00 +3.6492e+00 -1.2898e+00 +1.4144e+00 -1.3671e+00 -3.2953e+00 -1.9493e+00 +1.2442e+00 +5.2503e+00 -3.9253e+00 -1.3783e+00 +3.1055e+00 +3.0004e+00 +1.6891e+00 +1.3441e+00
17411 +8.871855924e+01 +8.871855924e+01 +1.240685592e+02 +1.240685592e+02 -8.0086e-01 -1.2253e+00 +1.3900e+00 +3.1527e+00 -1.7066e+00 -1.2791e+00 +3.3945e+00 -1.2039e+00 +1.3481e+00 -6.8172e-01 -3.0225e+00 -2.7319e+00 +1.3694e+00 +4.9292e+00 -3.6504e+00 -1.1736e+00 +3.0355e+00 +3.4976e+00 +2.6064e+00 +1.9710e+00
21877 +6.210910200e+01 +6.210910200e+01 +9.745910200e+01 +9.745910200e+01 +1.3393e+00 -1.3917e+00 +7.3097e-01 +2.3625e+00 -3.1114e+00 -1.7747e+00 +3.9042e-01 +1.1835e+00 -5.4607e-01 -2.0550e+00 +3.3842e-01 -3.3745e+00 +8.4993e-01 +3.9059e+00 -1.3155e+00 +1.1864e-01 +4.7117e+00 +1.1721e+00 +3.4037e+00 +2.9487e+00
% function evaluation | noise-free fitness - Fopt (3.820000000000e+00) | best noise-free fitness - Fopt | measured fitness | best measured fitness | x1 | x2...
1 +1.899956655e+03 +1.899956655e+03 +1.903776655e+03 +1.903776655e+03 -8.4649e-01 -3.8931e+00 +1.8307e+00 +2.0043e+00 -2.0734e+00 +5.7155e-01 -3.4219e-01 -3.1632e+00 -8.4572e-01 -3.3842e+00 +1.4406e+00 +1.2307e+00 -3.3006e+00 +2.4137e+00 +3.9269e+00 -1.5192e+00 -2.2304e+00 -2.9534e+00 -6.3330e-01 +2.7321e+00
3 +7.999125152e+02 +7.999125152e+02 +8.037325152e+02 +8.037325152e+02 +3.6718e+00 +1.9336e+00 +2.0320e+00 -2.8440e+00 -2.5475e+00 +3.0640e+00 +3.8399e+00 -1.2012e+00 -3.5410e+00 -1.6954e+00 -1.7728e+00 +1.2674e+00 -2.1729e-01 -3.0335e+00 +2.7622e+00 +7.8216e-01 +2.9306e+00 -1.9878e+00 +1.0200e-01 +2.8599e+00
73 +6.178209146e+02 +6.178209146e+02 +6.216409146e+02 +6.216409146e+02 +3.9112e+00 +3.2627e+00 +1.2756e+00 -2.9444e+00 -2.3621e+00 +3.6808e+00 -2.7455e+00 +1.8644e+00 +3.1667e+00 -6.5716e-01 +1.7151e+00 -1.9487e+00 -1.8587e+00 -1.2361e+00 -2.6681e-01 -3.3113e+00 -3.2075e-01 +1.6908e+00 +2.1970e+00 -8.8197e-01
127 +3.206616599e+02 +3.206616599e+02 +3.244816599e+02 +3.244816599e+02 -1.6029e-01 +3.1868e-01 +1.2711e+00 -2.3923e+00 +2.7150e+00 +8.3977e-02 +1.0066e+00 +1.8223e+00 -1.7561e+00 -3.0973e+00 +2.3343e+00 -2.6485e-01 +1.1273e+00 -2.1724e+00 +2.3760e+00 +3.6474e-01 +3.4857e-01 -4.9852e-01 -1.3664e+00 +1.7806e+00
510 +2.376622317e+02 +2.376622317e+02 +2.414822317e+02 +2.414822317e+02 -9.1110e-02 -9.0228e-01 +1.3171e+00 -2.3425e+00 +2.6557e+00 -8.8946e-02 +1.2396e+00 +1.9148e+00 -9.6289e-01 -2.7713e+00 +2.4371e+00 -3.1930e-01 +5.4391e-01 -2.2198e+00 +2.3944e+00 +6.2536e-01 +7.1880e-01 +2.2220e+00 -1.4406e+00 +1.6996e+00
2536 +1.538188831e+02 +1.538188831e+02 +1.576388831e+02 +1.576388831e+02 -1.1259e-01 -1.1476e+00 +1.1471e+00 -2.5659e+00 +2.2748e+00 -2.5304e-01 +9.1040e-01 +1.9289e+00 -1.1770e+00 -2.9546e+00 +2.0388e+00 +3.2740e-01 +3.6748e-01 -2.4460e+00 +2.0315e+00 +4.7854e-01 +3.6068e-01 +2.0474e+00 -9.8319e-01 +1.7741e+00
8743 +9.846046359e+01 +9.846046359e+01 +1.022804636e+02 +1.022804636e+02 +2.0234e+00 +7.6687e-01 +2.2359e+00 -3.0613e+00 -8.0031e-01 +1.8267e+00 +2.7584e+00 -1.0223e+00 -1.2377e+00 -1.6391e+00 +1.8802e+00 -2.4367e+00 -6.8920e-01 -2.2222e+00 +9.9553e-01 +2.5543e+00 -1.8843e-01 +1.7539e-01 +5.0673e-01 +2.2778e+00
16640 +6.083657823e+01 +6.083657823e+01 +6.465657823e+01 +6.465657823e+01 +2.1850e+00 +5.5780e-01 +2.0395e+00 -3.9353e+00 -6.0779e-01 +1.4033e+00 +2.8541e+00 -1.3875e+00 -7.2975e-01 -1.7202e+00 +1.3551e+00 -1.3080e+00 -5.2388e-01 -1.6132e+00 +1.9921e-01 +2.8331e+00 -8.9358e-01 -2.1863e-01 +7.6274e-01 +2.1167e+00
22086 +3.908503556e+01 +3.908503556e+01 +4.290503556e+01 +4.290503556e+01 +2.8894e+00 +3.0566e-01 +2.0621e+00 -4.0987e+00 -9.9534e-02 +1.0065e+00 +2.7951e+00 -2.1999e+00 -2.6055e-01 -1.2695e+00 +1.5078e+00 -8.3013e-01 -9.1848e-01 -1.6991e+00 +9.4361e-02 +2.2091e+00 -1.0691e+00 -5.6161e-01 +1.0915e+00 +1.8451e+00
28119 +2.466328721e+01 +2.466328721e+01 +2.848328721e+01 +2.848328721e+01 +3.0529e+00 -4.8367e-01 +2.1479e+00 -3.8022e+00 +4.8842e-01 +1.2896e+00 +2.0226e+00 -2.6034e+00 -2.0411e-01 -1.2780e+00 +1.7982e+00 -3.9723e-01 -7.0113e-01 -1.6467e+00 -4.5148e-01 +2.3263e+00 -1.2932e+00 -7.8785e-01 +9.5753e-01 +1.7310e+00
% function evaluation | noise-free fitness - Fopt (2.175000000000e+01) | best noise-free fitness - Fopt | measured fitness | best measured fitness | x1 | x2...
1 +1.831975122e+03 +1.831975122e+03 +1.853725122e+03 +1.853725122e+03 +2.5250e+00 +2.3441e+00 -1.0616e+00 +1.1345e+00 +1.1429e+00 -1.2832e+00 +1.3414e+00 -1.2978e+00 +3.6035e-01 -3.5437e+00 +2.6727e+00 +3.0218e+00 +1.9454e+00 +2.9725e+00 -1.9521e+00 -7.3475e-01 +8.3576e-01 -9.8965e-01 +3.2623e+00 +3.9901e+00
3 +1.395461088e+03 +1.395461088e+03 +1.417211088e+03 +1.417211088e+03 -1.2593e+00 +2.4290e+00 -3.7062e-01 -4.2479e-01 +1.7580e+00 +1.5441e-01 +1.4785e+00 +2.3816e+00 +1.3842e+00 -2.4964e+00 +2.9793e+00 -1.2872e+00 +1.6982e+00 -2.4070e+00 -2.5753e+00 +8.4384e-01 -9.7223e-01 +3.0258e+00 -3.8469e+00 +6.9731e-01
35 +8.663901642e+02 +8.663901642e+02 +8.881401642e+02 +8.881401642e+02 -3.1036e+00 +5.5605e-01 +1.2497e+00 -9.4968e-01 -6.4557e-01 -6.6091e-02 +2.5551e+00 +1.6652e+00 -3.1423e-01 +8.4738e-01 +1.2158e-01 -3.6804e-01 -5.2169e-02 -2.2880e-01 -2.4470e+00 -1.1735e+00 -1.8783e+00 +6.3008e-01 -2.4288e+00 +1.3574e-01
97 +5.035049408e+02 +5.035049408e+02 +5.252549408e+02 +5.252549408e+02 +3.4067e-01 -1.5732e+00 -5.8122e-01 -8.1814e-01 -9.0036e-01 +1.6506e-01 +2.3433e+00 +8.3547e-01 +9.9352e-01 +2.2022e+00 +1.9182e+00 +1.5350e+00 -1.0093e+00 +2.2759e+00 -2.9535e+00 -2.9025e+00 -3.4132e+00 -1.3582e+00 -1.7511e+00 -1.6951e-01
858 +3.928312076e+02 +3.928312076e+02 +4.145812076e+02 +4.145812076e+02 +4.1170e-01 -1.6996e+00 -5.8893e-01 -8.9347e-01 -9.2421e-01 +2.2668e-01 +2.3769e+00 +5.9472e-01 +7.0285e-01 +2.2771e+00 +1.8838e+00 +1.1851e+00 -8.2971e-01 +1.9008e+00 -2.7395e+00 -2.9450e+00 -3.6683e+00 -1.1984e+00 -1.9602e+00 -5.4391e-01
2496 +2.503352454e+02 +2.503352454e+02 +2.720852454e+02 +2.720852454e+02 +3.9457e-01 -1.1841e+00 -2.5196e-01 -6.4740e-01 -9.1316e-01 +1.0199e-01 +2.5416e+00 +3.1423e-01 +7.4810e-01 +2.6816e+00 +1.9244e+00 +1.3649e+00 -6.2544e-01 +1.9486e+00 -2.3763e+00 -3.1286e+00 -3.7557e+00 -1.1567e+00 -2.2745e+00 -4.4852e-01
5788 +1.567765047e+02 +1.567765047e+02 +1.785265047e+02 +1.785265047e+02 +6.4565e-01 -1.5496e+00 -7.6185e-03 -4.5421e-01 -7.1410e-01 -1.0973e-01 +2.7432e+00 -1.0637e-01 +1.3343e+00 +3.0736e+00 +1.9737e+00 +1.0565e+00 +5.7379e-02 +1.9446e+00 -2.5494e+00 -3.2928e+00 -3.9701e+00 -8.8777e-01 -2.7764e+00 -8.6106e-01
10311 +9.217061859e+01 +9.217061859e+01 +1.139206186e+02 +1.139206186e+02 +7.4082e-01 -8.4794e-01 +9.9504e-01 +3.8198e-02 -4.6289e-01 -3.9571e-01 +2.8022e+00 +3.2881e-01 +1.2315e+00 +3.2676e+00 +2.0048e+00 +1.5624e+00 +6.3441e-01 +1.8846e+00 -1.4389e+00 -3.4728e+00 -3.6295e+00 -4.6910e-01 -3.4103e+00 -4.5678e-01
17074 +6.239039191e+01 +6.239039191e+01 +8.414039191e+01 +8.414039191e+01 +1.5086e+00 -6.9071e-01 +8.3161e-01 +2.2101e-01 -9.7371e-01 -9.0306e-01 +2.2659e+00 +2.7412e-01 +8.1033e-01 +3.5496e+00 +2.2072e+00 +2.3488e+00 +1.0422e+00 +1.4340e+00 -3.1603e-01 -3.8110e+00 -2.8455e+00 -1.0086e-01 -3.6495e+00 -1.6108e-01
20752 +3.963609510e+01 +3.963609510e+01 +6.138609510e+01 +6.138609510e+01 +1.5579e+00 -5.9913e-01 +6.4710e-01 +2.2676e-01 -1.0607e+00 -1.4475e+00 +2.6472e+00 +9.0915e-01 +9.0618e-01 +3.5526e+00 +2.1679e+00 +1.9981e+00 +1.1591e+00 +1.0153e+00 -6.6165e-02 -4.2738e+00 -2.0258e+00 +3.6335e-01 -4.3059e+00 +8.6556e-02
27650 +2.505861252e+01 +2.505861252e+01 +4.680861252e+01 +4.680861252e+01 +1.5645e+00 -9.5328e-02 +5.5329e-01 +8.3781e-01 -1.2701e+00 -1.7247e+00 +3.0951e+00 +1.3878e+00 +1.3700e+00 +3.5329e+00 +2.0225e+00 +1.5309e+00 +1.4345e+00 +2.6540e-01 +1.7998e-01 -4.9526e+00 -1.6563e+00 +1.2201e-01 -4.0894e+00 -1.5445e-01
% function evaluation | noise-free fitness - Fopt (6.479000000000e+01) | best noise-free fitness - Fopt | measured fitness | best measured fitness | x1 | x2...
1 +2.168865700e+03 +2.168865700e+03 +2.233655700e+03 +2.233655700e+03 -3.2357e+00 -4.9894e-01 -2.5822e+00 +2.9946e+00 +2.7966e+00 -9.9020e-01 -3.9781e+00 -2.8325e+00 -3.3273e-01 -2.9667e+00 +1.1769e+00 -1.7840e+00 -3.2708e+00 -3.4049e+00 +1.3537e+00 +3.6057e+00 +2.1706e+00 +1.5531e+00 +2.6235e+00 -3.5369e-01
2 +1.427599200e+03 +1.427599200e+03 +1.492389200e+03 +1.492389200e+03 -1.7924e+00 +3.6398e-01 +3.7883e+00 -2.3238e+00 -5.1703e-01 +3.9782e+00 -2.8471e+00 -3.2413e+00 -1.7800e+00 +1.1560e+00 +2.1815e+00 -3.0061e+00 -3.2658e+00 +3.6601e+00 +3.9263e+00 -1.2388e+00 +6.9766e-01 -5.7479e-01 -2.9189e+00 -2.9347e+00
3 +8.547121672e+02 +8.547121672e+02 +9.195021672e+02 +9.195021672e+02 -1.8603e+00 +1.0996e+00 -7.8767e-01 -1.6880e+00 +3.7826e+00 -2.9255e+00 -2.1868e+00 -1.5094e+00 +3.1413e+00 +3.5153e+00 +2.3731e+00 +2.0947e+00 -3.9213e+00 +3.9537e+00 -2.8864e+00 +5.6666e-02 +4.0172e-01 -3.5435e-01 -5.6585e-01 +3.3091e+00
24 +5.894435887e+02 +5.894435887e+02 +6.542335887e+02 +6.542335887e+02 -2.4189e-01 -4.2822e-01 -7.6626e-01 +7.9730e-01 +2.0746e+00 +1.7629e+00 -1.7523e+00 -3.5619e-01 -2.1192e+00 +2.8307e+00 +1.9876e+00 +3.0556e+00 -2.1888e+00 +3.8173e+00 -2.8001e+00 +3.7699e-01 -3.4115e+00 -9.9432e-01 +3.4577e-01 +3.2621e+00
122 +3.613994025e+02 +3.613994025e+02 +4.261894025e+02 +4.261894025e+02 -1.6848e+00 -3.1215e+00 +4.4344e-01 +1.0141e+00 +1.0346e+00 -2.3353e+00 -2.9376e+00 +2.1898e+00 -2.0813e+00 -9.5200e-01 +3.0649e+00 +1.3693e+00 -2.6226e+00 +1.4597e+00 -1.6349e+00 +1.2841e+00 +1.9541e+00 +2.5641e-01 -1.5739e+00 +3.9548e-01
2498 +2.511510375e+02 +2.511510375e+02 +3.159410375e+02 +3.159410375e+02 -1.0474e+00 -6.7857e-01 -1.4054e+00 +1.9649e+00 -1.5520e-01 -3.0120e+00 -2.5150e+00 +7.5394e-01 +4.2363e-01 -2.6602e-01 +1.9389e+00 +1.5634e+00 -8.6685e-01 +5.8097e-01 -1.5219e+00 -6.5603e-02 -2.2443e+00 -1.2074e+00 -2.0911e+00 +7.0159e-01
5824 +1.540227947e+02 +1.540227947e+02 +2.188127947e+02 +2.188127947e+02 -1.3183e+00 -2.6442e+00 +3.7926e-02 +8.6311e-01 +8.1037e-01 -2.2925e+00 -2.9624e+00 +2.1694e+00 -2.3435e+00 +4.7208e-02 +2.8888e+00 +8.5221e-01 -2.5800e+00 +2.0500e+00 -1.8265e+00 +1.5109e+00 +1.4732e+00 -1.1230e-01 -2.2444e+00 +6.1701e-01
9317 +9.978687344e+01 +9.978687344e+01 +1.645768734e+02 +1.645768734e+02 -1.2541e+00 -2.7471e+00 +2.3227e-01 +7.1752e-01 +4.9823e-01 -2.3684e+00 -3.1245e+00 +1.9075e+00 -2.2186e+00 +7.8905e-01 +2.3970e+00 +4.0767e-01 -2.2409e+00 +2.4306e+00 -1.8049e+00 +1.6381e+00 +1.5227e+00 +7.6538e-02 -2.0388e+00 +6.8654e-01
14493 +5.796031881e+01 +5.796031881e+01 +1.227503188e+02 +1.227503188e+02 -9.3403e-01 -2.2688e+00 +2.6294e-01 +7.7229e-01 +9.4452e-01 -2.1847e+00 -3.1775e+00 +1.7592e+00 -2.4352e+00 +1.6385e+00 +2.6638e+00 -1.8562e-01 -1.8373e+00 +2.7047e+00 -1.4141e+00 +1.5090e+00 +1.8679e+00 -2.5944e-01 -2.1095e+00 +9.2989e-01
16992 +3.949111888e+01 +3.949111888e+01 +1.042811189e+02 +1.042811189e+02 -1.0951e+00 -2.0388e+00 +2.9182e-01 +9.8722e-01 +9.0105e-01 -2.0523e+00 -3.4266e+00 +1.5023e+00 -2.5617e+00 +1.8783e+00 +2.8749e+00 -7.3408e-01 -1.6386e+00 +2.6523e+00 -1.6564e+00 +1.6127e+00 +2.0063e+00 -2.0272e-01 -1.6383e+00 +1.2496e+00
20795 +2.432324704e+01 +2.432324704e+01 +8.911324704e+01 +8.911324704e+01 -1.1906e+00 -1.5615e+00 +7.3429e-01 +1.0547e+00 +9.0261e-01 -1.9648e+00 -3.5064e+00 +1.5499e+00 -2.9994e+00 +1.8346e+00 +2.9017e+00 -8.5870e-01 -7.9349e-01 +2.6137e+00 -9.4594e-01 +1.2607e+00 +2.2884e+00 -1.5569e-02 -1.5339e+00 +1.9112e+00
% function evaluation | noise-free fitness - Fopt (-1.000000000000e+03) | best noise-free fitness - Fopt | measured fitness | best measured fitness | x1 | x2...
1 +2.051230967e+03 +2.051230967e+03 +1.051230967e+03 +1.051230967e+03 +2.9189e+00 +3.9029e+00 +3.0027e+00 +7.0558e-01 -2.8773e+00 -1.5663e+00 -2.5216e+00 -3.0484e+00 -9.4592e-01 -3.1293e+00 -1.9263e+00 +3.6723e+00 -1.7053e+00 +3.3550e+00 +1.7740e+00 +3.4059e-01 +2.9646e-01 +2.4067e+00 +3.1391e+00 -5.7288e-01
2 +1.581420595e+03 +1.581420595e+03 +5.814205949e+02 +5.814205949e+02 +3.9625e-01 -3.4696e+00 -1.2615e+00 -2.3366e+00 +1.3160e-01 -6.7610e-01 +3.1368e+00 -1.3446e+00 -3.9226e+00 +9.0375e-01 -2.7152e-01 +4.9177e-01 +2.4557e+00 +4.1525e-01 -1.9960e+00 -1.2342e+00 +1.5337e+00 +3.1046e-01 -6.9381e-01 -9.7295e-01
4 +4.856682100e+02 +4.856682100e+02 -5.143317900e+02 -5.143317900e+02 -1.8833e+00 -6.4031e-01 +1.5872e+00 -1.5293e+00 +6.2836e-02 +2.1990e+00 -8.7794e-01 +1.4137e-01 +4.0267e-01 -2.5925e+00 -7.8100e-01 -3.7202e+00 +2.0747e+00 -3.3704e+00 +6.6525e-01 +1.9962e+00 -2.9307e+00 +1.7897e+00 -1.0146e+00 +1.7578e+00
128 +3.721140256e+02 +3.721140256e+02 -6.278859744e+02 -6.278859744e+02 -1.9424e+00 +2.6758e+00 -7.6323e-01 +1.4152e+00 +2.4415e+00 -5.6270e-01 -9.8636e-01 +3.4205e+00 +3.9092e+00 -2.9902e+00 -1.3916e+00 +1.3162e+00 +2.1473e+00 +2.2280e+00 +2.5979e+00 +3.1067e+00 -3.2853e+00 -3.5497e-01 -9.6994e-01 +1.4569e+00
2632 +2.497908795e+02 +2.497908795e+02 -7.502091205e+02 -7.502091205e+02 +1.7180e+00 +3.5533e+00 +4.9192e-01 -1.8629e+00 -3.1453e+00 +1.1197e-01 +6.1435e-01 -3.1226e+00 +2.2217e+00 -1.6082e+00 -3.0417e+00 -8.0009e-01 +2.2023e+00 +3.5717e+00 +5.5827e-01 +3.5570e+00 -2.2418e+00 -4.3691e+00 +4.9949e-01 +1.1957e+00
5010 +1.558189150e+02 +1.558189150e+02 -8.441810850e+02 -8.441810850e+02 +1.7476e+00 +3.5030e+00 +9.1316e-01 -2.0059e+00 -3.5402e+00 +4.2140e-01 +9.1243e-01 -3.1252e+00 +2.8805e+00 -1.4591e+00 -3.2881e+00 -5.1178e-02 +2.0288e+00 +3.5587e+00 +1.1743e+00 +3.5773e+00 -2.4742e+00 -4.6100e+00 +5.8789e-01 +1.7546e+00
11558 +9.756067525e+01 +9.756067525e+01 -9.024393248e+02 -9.024393248e+02 +1.6079e+00 +2.7265e+00 +1.1865e+00 -2.0751e+00 -3.3492e+00 +1.1460e+00 +1.6229e+00 -3.6510e+00 +3.0505e+00 -1.8802e+00 -3.0145e+00 +1.5347e-02 +1.6360e+00 +3.6060e+00 +1.3200e+00 +4.0777e+00 -2.4679e+00 -5.2242e+00 +2.5787e-01 +2.3800e+00
21650 +6.283375618e+01 +6.283375618e+01 -9.371662438e+02 -9.371662438e+02 -1.6990e+00 +1.6880e+00 +1.7614e+00 -7.3402e-01 +1.8780e+00 -1.5023e-01 +1.9308e+00 +8.9926e-01 +2.5047e+00 -1.4098e+00 -1.7404e+00 +1.1880e+00 +8.9980e-01 +1.8813e+00 +3.3639e+00 +3.1068e+00 -3.4059e+00 -6.8710e-01 -8.4771e-01 +1.1370e+00
27824 +3.804139244e+01 +3.804139244e+01 -9.619586076e+02 -9.619586076e+02 -1.8378e+00 +1.9869e+00 +1.5178e+00 -1.1288e+00 +1.8287e+00 +3.4218e-01 +2.1141e+00 +6.8034e-01 +1.9308e+00 -1.5360e+00 -1.9289e+00 +1.2470e+00 +8.2561e-01 +1.8236e+00 +2.8226e+00 +3.1603e+00 -3.0771e+00 -8.7716e-01 -7.5364e-01 +1.4714e+00
% function evaluation | noise-free fitness - Fopt (6.750100000000e+02) | best noise-free fitness - Fopt | measured fitness | best measured fitness | x1 | x2...
1 +2.491776147e+03 +2.491776147e+03 +3.166786147e+03 +3.166786147e+03 +2.2763e+00 -2.4704e+00 -3.4775e+00 +2.3279e+00 -3.4076e+00 -1.2599e+00 +2.4239e+00 +2.1491e+00 +3.9403e+00 -8.4073e-01 +1.2390e+00 -1.8996e+00 +2.2890e-01 +1.2299e+00 -1.6228e+00 -3.7008e+00 +1.0825e+00 +2.8765e-01 -2.8685e+00 +2.1655e+00
3 +1.064771712e+03 +1.064771712e+03 +1.739781712e+03 +1.739781712e+03 +2.3694e+00 +5.3342e-01 +4.4933e-01 -2.3510e+00 -3.4744e+00 +2.2765e+00 +2.1093e+00 -6.9631e-01 -1.3189e+00 +2.0272e+00 +1.8818e+00 -1.5546e+00 -3.0208e+00 -3.2510e+00 +2.2503e+00 -1.7556e+00 +2.3613e+00 -2.4538e+00 +1.9626e+00 -2.1144e+00
10 +9.897540771e+02 +9.897540771e+02 +1.664764077e+03 +1.664764077e+03 -3.3398e+00 +1.9849e+00 +1.0610e-01 +1.1390e+00 -1.6577e-01 -2.0970e+00 -3.5896e+00 -1.3345e-01 +2.7280e+00 -2.6255e+00 -3.4441e+00 +2.1193e-01 -6.9918e-01 +5.9924e-01 -7.7547e-01 -1.8573e+00 -2.4888e+00 +9.4496e-02 +8.8301e-01 +1.2785e+00
13 +3.807192999e+02 +3.807192999e+02 +1.055729300e+03 +1.055729300e+03 +2.2216e+00 -7.8503e-01 -1.1846e+00 -8.0790e-01 +2.6691e-01 +3.1084e+00 +9.4158e-01 -3.3896e+00 +3.1589e+00 -1.0192e+00 +3.7473e+00 +3.0880e+00 +3.0486e+00 -2.7170e+00 -1.0361e-01 +7.7204e-01 -1.9473e+00 +2.7782e+00 +1.6412e+00 -2.2077e+00
215 +2.302535920e+02 +2.302535920e+02 +9.052635920e+02 +9.052635920e+02 +4.6366e-01 +3.1057e-01 -5.4268e-01 +2.7034e-01 -2.9350e+00 +1.9440e+00 +2.1812e+00 -1.8425e+00 +1.5074e+00 -1.5431e+00 +8.6131e-02 -8.2577e-01 -3.0994e+00 -1.5127e+00 -1.7028e+00 -1.8506e+00 +8.2149e-02 +3.8228e+00 +8.0529e-02 -2.4983e+00
2380 +1.501023438e+02 +1.501023438e+02 +8.251123438e+02 +8.251123438e+02 +7.9899e-02 +2.0248e-01 -1.5386e-01 -1.0155e-03 -3.4307e+00 +1.9148e+00 +1.6669e+00 -1.9289e+00 +1.5398e+00 -1.2229e+00 +2.3576e-01 -8.1039e-01 -3.0413e+00 -1.8051e+00 -1.7234e+00 -1.1943e+00 +3.4876e-01 +3.7921e+00 +2.4997e-01 -2.5028e+00
8142 +9.848702966e+01 +9.848702966e+01 +7.734970297e+02 +7.734970297e+02 -4.5521e-01 -2.8776e-01 +4.2832e-01 +5.9756e-03 -3.3109e+00 +1.9604e+00 +9.5173e-01 -1.7848e+00 +1.7534e+00 -3.7801e-01 -4.3451e-01 -3.1079e-01 -3.1698e+00 -2.1323e+00 -1.3113e+00 -7.1993e-01 -1.3833e-01 +3.8325e+00 -6.7463e-02 -2.4279e+00
13797 +6.101588904e+01 +6.101588904e+01 +7.360258890e+02 +7.360258890e+02 -1.1294e+00 -5.1844e-01 +1.3114e+00 -4.1983e-01 -3.5972e+00 +1.8154e+00 +1.0149e+00 -1.3375e+00 +1.5254e+00 -7.8773e-02 -3.0366e-01 -2.5371e-01 -3.1232e+00 -2.2007e+00 -1.1404e+00 -1.5689e-01 -7.6570e-01 +3.0595e+00 -1.3986e-02 -2.7571e+00
20747 +3.954891065e+01 +3.954891065e+01 +7.145589107e+02 +7.145589107e+02 -2.2100e+00 -1.0042e+00 +1.5940e+00 -9.6878e-01 -4.2755e+00 +1.9974e+00 +8.5338e-01 -6.3738e-01 +1.8935e+00 -3.4621e-01 -2.9793e-02 -9.9658e-01 -3.1595e+00 -2.4002e+00 -5.5529e-01 +6.7137e-01 -1.9031e+00 +2.9305e+00 -1.0738e+00 -3.1032e+00
% function evaluation | noise-free fitness - Fopt (-3.580600000000e+02) | best noise-free fitness - Fopt | measured fitness | best measured fitness | x1 | x2...
1 +3.447343730e+03 +3.447343730e+03 +3.089283730e+03 +3.089283730e+03 -4.1373e-01 +3.2554e+00 +2.4024e-01 +1.3945e+00 +3.6255e+00 -1.3027e+00 +3.4160e+00 -2.7179e+00 +2.1984e+00 -3.8845e+00 +3.7804e+00 +1.8935e+00 +1.5945e+00 -7.3848e-01 -3.0144e+00 +4.4469e-01 -7.1849e-01 +2.3712e+00 +1.8601e-01 +3.8239e+00
2 +1.388563977e+03 +1.388563977e+03 +1.030503977e+03 +1.030503977e+03 -2.3539e+00 -3.6635e+00 -9.5486e-01 +3.5682e+00 -3.9134e+00 -1.3919e+00 +1.6993e+00 -1.5625e+00 -4.0600e-01 -1.2889e+00 +3.5892e+00 -1.1859e+00 -2.0457e+00 -3.3530e+00 -3.4410e+00 +1.5264e+00 -3.3460e+00 -2.1299e+00 +2.3792e+00 +1.1318e+00
5 +9.516170530e+02 +9.516170530e+02 +5.935570530e+02 +5.935570530e+02 -2.9535e+00 -3.6134e-01 +3.2070e-01 -1.2366e+00 -1.4560e+00 -8.4748e-01 +3.3869e+00 -8.9218e-01 +1.5834e-01 +1.7499e-01 +3.2213e+00 +2.8263e+00 +2.2709e+00 +1.9597e-01 -3.9292e-01 +6.9625e-01 +1.5608e+00 -3.6094e+00 +2.2532e+00 +6.6160e-01
81 +6.160640104e+02 +6.160640104e+02 +2.580040104e+02 +2.580040104e+02 +3.2332e-01 +2.4996e+00 -3.6653e+00 -3.0146e+00 -1.2729e+00 +1.8869e+00 -6.5532e-02 +6.5275e-01 -3.2008e+00 +2.1350e+00 +9.0135e-01 +1.0140e+00 -3.2604e-01 -3.4339e+00 +3.3371e+00 -1.6842e+00 +3.6356e+00 -2.2193e+00 +4.9722e-01 -2.9920e+00
114 +3.489295562e+02 +3.489295562e+02 -9.130443760e+00 -9.130443760e+00 -8.6343e-01 -6.5693e-01 -3.8541e+00 -9.4696e-01 -2.6515e+00 -2.6036e+00 -2.1288e+00 +3.5324e+00 +2.6132e+00 +2.0972e+00 +1.7171e+00 +1.5715e+00 -3.7711e+00 -3.2394e+00 +3.8449e+00 +1.3693e+00 -1.3222e+00 -6.8802e-01 +2.4524e+00 +9.8352e-01
1636 +2.486059272e+02 +2.486059272e+02 -1.094540728e+02 -1.094540728e+02 -8.3953e-01 -1.1342e+00 -2.8365e-01 -2.4902e+00 -1.6226e+00 -8.7112e-02 +4.6015e-02 -3.0762e+00 +2.6676e+00 +2.1692e+00 +1.2337e+00 +6.2250e-01 -1.0167e+00 -4.5557e-01 +2.5534e+00 -1.2084e+00 -1.2291e+00 -6.3261e-01 +2.3771e+00 +5.3174e-01
7196 +1.573840243e+02 +1.573840243e+02 -2.006759757e+02 -2.006759757e+02 -1.2829e-01 -7.2048e-01 +7.1133e-01 -2.5327e+00 -2.3310e+00 -3.0736e-01 -6.4098e-01 -2.4076e+00 +2.9117e+00 +2.0411e+00 +1.3600e+00 +6.2871e-01 -1.5059e+00 -2.0523e-03 +2.7546e+00 -1.4067e+00 -1.3923e+00 -8.1515e-01 +2.5795e+00 +2.3671e-01
11466 +9.421985866e+01 +9.421985866e+01 -2.638401413e+02 -2.638401413e+02 +8.9855e-03 -7.9343e-01 +6.5888e-01 -2.2748e+00 -2.6800e+00 -1.0659e+00 -9.1491e-01 -1.7591e+00 +2.9071e+00 +2.1626e+00 +1.2147e+00 +9.7873e-01 -1.7214e+00 +2.6732e-01 +2.9925e+00 -1.1437e+00 -1.5083e+00 -1.0477e+00 +2.1995e+00 +6.1181e-01
15741 +6.196167226e+01 +6.196167226e+01 -2.960983277e+02 -2.960983277e+02 -1.0110e-01 -1.0442e+00 +7.9807e-01 -2.4925e+00 -2.9404e+00 -1.1623e+00 -1.0891e+00 -1.1222e+00 +3.0889e+00 +2.1818e+00 +1.3576e+00 +1.1248e+00 -1.7415e+00 +6.0253e-01 +2.7273e+00 -5.3675e-01 -1.5305e+00 -1.3893e+00 +2.1755e+00 +5.7000e-01
23893 +3.904622730e+01 +3.904622730e+01 -3.190137727e+02 -3.190137727e+02 -6.2623e-01 +1.5926e+00 +3.2350e+00 -3.2600e+00 -1.8942e+00 -7.4123e-01 -1.6285e+00 +1.7355e+00 +6.3736e-01 +3.1552e+00 -9.8541e-02 +3.5692e+00 -2.6241e+00 -1.2823e+00 +1.6336e+00 +6.4782e-01 -1.8395e+00 -2.4839e+00 +9.4343e-01 -6.5122e-01
% function evaluation | noise-free fitness - Fopt (-4.797000000000e+01) | best noise-free fitness - Fopt | measured fitness | best measured fitness | x1 | x2...
1 +3.886100571e+03 +3.886100571e+03 +3.838130571e+03 +3.838130571e+03 -3.7867e+00 +3.6048e+00 -2.0362e+00 +3.7301e+00 +7.6980e-01 -1.6171e+00 -1.3934e+00 -1.6294e+00 -2.3027e-01 +3.5322e+00 -2.9906e+00 -3.7960e+00 -2.7149e+00 +1.8483e+00 -1.5518e+00 -1.5730e+00 -1.5325e+00 +7.4670e-01 +3.7890e+00 -3.5203e+00
2 +1.056210823e+03 +1.056210823e+03 +1.008240823e+03 +1.008240823e+03 +6.4521e-01 -2.4255e+00 +3.9943e+00 -1.2861e+00 -1.3422e+00 -5.9660e-01 +2.9248e+00 -3.8962e+00 -3.8027e+00 +3.8532e+00 +2.3640e+00 -3.6849e+00 -3.4393e+00 -1.9726e+00 -3.5912e+00 +2.0555e+00 -2.1503e+00 -4.3845e-01 +2.0065e+00 -7.0408e-01
3 +7.770602493e+02 +7.770602493e+02 +7.290902493e+02 +7.290902493e+02 +2.4955e+00 +2.4539e+00 +1.9196e+00 +2.6771e+00 -2.4564e+00 -1.6211e+00 -3.0513e+00 +1.7449e+00 +2.4125e+00 +1.1037e+00 +2.5784e-02 -2.1248e-01 +2.4989e+00 +2.4053e+00 +2.2519e+00 -2.2892e+00 +1.1003e+00 +3.1649e+00 +5.6462e-02 -1.8524e+00
5 +4.284770426e+02 +4.284770426e+02 +3.805070426e+02 +3.805070426e+02 -3.3544e+00 -2.3603e-01 -8.1441e-01 -1.0902e+00 -1.8971e+00 +4.5157e-01 +1.9228e+00 +1.3941e+00 +2.6796e-01 +3.5389e+00 +3.9786e+00 +4.2187e-01 -1.7872e+00 +2.7917e+00 +5.7013e-01 +3.2782e+00 +3.8683e+00 +9.2512e-01 -3.8696e+00 +1.5229e+00
80 +3.961332988e+02 +3.961332988e+02 +3.481632988e+02 +3.481632988e+02 -1.0070e+00 -1.2829e+00 -9.8667e-01 -5.6829e-01 -3.0973e+00 +2.7806e-01 +2.1262e+00 +1.8523e+00 -1.5329e+00 +3.1119e+00 +3.0525e+00 +1.7505e+00 +1.1066e+00 +1.6048e+00 -1.1733e+00 -3.1143e+00 -6.6943e-01 +3.6509e-01 -9.4367e-01 +1.6142e+00
2241 +2.488916062e+02 +2.488916062e+02 +2.009216062e+02 +2.009216062e+02 -1.3183e+00 -1.3440e+00 -1.0824e+00 -8.7207e-01 -3.0937e+00 +1.5561e-01 +2.5296e+00 +1.7451e+00 -1.2723e+00 +2.8152e+00 +2.6591e+00 +1.7569e+00 +1.0562e+00 +1.6445e+00 -1.3229e+00 -2.6036e+00 -6.2085e-01 +1.4373e-01 -1.6246e+00 +1.4429e+00
7026 +1.537250787e+02 +1.537250787e+02 +1.057550787e+02 +1.057550787e+02 -1.0839e+00 -1.2015e+00 -7.8159e-01 -9.2769e-01 -2.9900e+00 -7.0048e-01 +2.4595e+00 +2.1409e+00 -1.7817e+00 +2.5954e+00 +2.6475e+00 +1.8707e+00 +8.3067e-01 +1.2390e+00 -1.9473e+00 -1.3926e+00 -9.6719e-01 +9.5040e-01 -3.1933e+00 +1.6119e+00
11701 +9.762540568e+01 +9.762540568e+01 +4.965540568e+01 +4.965540568e+01 -1.0666e+00 -1.1326e+00 -9.7411e-01 -1.1268e+00 -3.0103e+00 -1.5924e+00 +2.7532e+00 +2.2717e+00 -2.1920e+00 +2.5475e+00 +1.8270e+00 +1.4653e+00 +6.4039e-01 +1.0307e+00 -1.9383e+00 -1.1793e+00 -7.2396e-01 +1.1342e+00 -3.8439e+00 +2.6069e+00
18341 +6.303418092e+01 +6.303418092e+01 +1.506418092e+01 +1.506418092e+01 -9.2885e-01 -9.7522e-01 -1.6870e+00 -1.4172e+00 -2.9054e+00 -2.4790e+00 +2.4467e+00 +2.5113e+00 -1.6500e+00 +2.1701e+00 +7.0194e-01 +1.4219e+00 +7.0916e-01 +1.2369e+00 -1.9858e+00 -1.9612e+00 -8.9500e-01 +1.4440e+00 -4.4646e+00 +2.8850e+00
25159 +3.956219296e+01 +3.956219296e+01 -8.407807040e+00 -8.407807040e+00 -9.4883e-01 -4.4079e-01 -1.5318e+00 -1.1690e+00 -3.1499e+00 -2.7969e+00 +2.3440e+00 +2.9160e+00 -6.1266e-01 +2.3594e+00 +3.1965e-01 +1.1056e+00 +1.0037e+00 +2.1700e+00 -2.1335e+00 -2.2390e+00 -9.9553e-01 +1.5156e+00 -4.6237e+00 +2.7444e+00
% function evaluation | noise-free fitness - Fopt (-8.294100000000e+02) | best noise-free fitness - Fopt | measured fitness | best measured fitness | x1 | x2...
1 +1.088375151e+03 +1.088375151e+03 +2.589651509e+02 +2.589651509e+02 -5.3151e-01 +2.5814e+00 +1.2445e+00 +3.7381e+00 -5.6542e-01 -4.3511e-01 +3.3773e+00 +1.3185e+00 +2.1953e+00 +1.6779e+00 -2.8245e+00 -1.4538e+00 -4.1334e-01 +3.8373e-01 +3.4966e+00 +1.2977e+00 +2.2622e+00 +3.0338e+00 -4.8098e-01 -3.4187e+00
3 +9.457767699e+02 +9.457767699e+02 +1.163667699e+02 +1.163667699e+02 +2.0467e+00 +3.1337e-01 -1.0679e+00 -1.4830e+00 +1.2874e+00 -3.0190e+00 -3.0133e+00 -3.6136e+00 -1.8635e+00 -2.5256e-01 -1.1898e+00 -3.1293e-01 -3.4027e+00 -1.8774e-01 -1.1855e+00 +2.8922e-01 -5.0997e-01 +3.6261e+00 -2.7819e+00 +3.5109e+00
45 +4.524599884e+02 +4.524599884e+02 -3.769500116e+02 -3.769500116e+02 -7.5433e-02 +3.1933e-01 +1.2911e+00 -3.9816e+00 +3.3810e+00 +2.3898e+00 +3.8629e+00 -2.1158e+00 +3.1841e+00 +1.3550e+00 -2.2452e+00 -2.5796e+00 +3.2223e+00 +1.7340e+00 +2.9900e-01 -3.3233e-01 +2.1191e+00 +1.8596e+00 -8.5091e-01 -3.5551e+00
82 +3.778389929e+02 +3.778389929e+02 -4.515710071e+02 -4.515710071e+02 +1.7435e+00 -2.1868e-01 +1.7243e+00 -3.0126e+00 +1.6789e+00 +2.1303e+00 +3.0189e+00 +1.8998e-01 +2.3679e+00 +6.7985e-01 +2.5780e+00 -2.5931e+00 +1.1070e+00 +2.0300e+00 +1.1761e+00 -9.1669e-02 +2.7803e+00 +1.2000e+00 -1.2247e+00 -2.3129e+00
999 +2.479559019e+02 +2.479559019e+02 -5.814540981e+02 -5.814540981e+02 +2.1695e-01 +4.8887e-01 +1.3935e+00 -3.4859e+00 +2.2931e+00 +2.4750e+00 +3.4933e+00 -7.2568e-01 +3.0147e+00 +8.8445e-01 +6.0748e-01 -2.6875e+00 +1.2002e+00 +1.8576e+00 +4.9364e-01 -4.8022e-03 +2.4657e+00 +1.4180e+00 -1.1019e+00 -3.6270e+00
5140 +1.567358187e+02 +1.567358187e+02 -6.726741813e+02 -6.726741813e+02 +5.9828e-01 +3.2226e-01 +9.4809e-01 -3.3909e+00 +2.3040e+00 +2.4534e+00 +3.5922e+00 -1.1813e+00 +2.0742e+00 +5.2681e-01 +1.0861e+00 -3.3911e+00 +7.3936e-01 +1.9285e+00 +5.9520e-01 +1.0299e+00 +2.1528e+00 +1.2857e+00 -7.0136e-01 -3.3932e+00
12951 +9.632138433e+01 +9.632138433e+01 -7.330886157e+02 -7.330886157e+02 +3.4170e-01 +8.5529e-01 +5.1102e-01 -3.1004e+00 +2.0065e+00 +2.6461e+00 +2.9177e+00 -9.0089e-01 +1.3326e+00 +2.1891e-01 +1.2054e+00 -4.4222e+00 +3.9728e-01 +2.6899e+00 +7.1644e-01 +1.7442e+00 +1.7772e+00 +8.0976e-01 -1.1540e+00 -4.3298e+00
17878 +6.095066667e+01 +6.095066667e+01 -7.684593333e+02 -7.684593333e+02 +1.8368e-01 +4.8041e-01 -2.5522e-01 -3.2960e+00 +1.7415e+00 +3.0383e+00 +2.6846e+00 -6.7466e-01 +5.1235e-01 -9.5755e-02 +2.0747e+00 -4.1689e+00 -5.3180e-02 +2.9141e+00 +2.2444e-01 +1.8134e+00 +9.8638e-01 +2.5900e-01 -1.5762e+00 -4.9453e+00
24625 +3.967150856e+01 +3.967150856e+01 -7.897384914e+02 -7.897384914e+02 +2.9990e-02 +2.6274e-01 -1.1172e+00 -3.5888e+00 +2.4238e+00 +3.3314e+00 +2.6980e+00 -4.0253e-01 +1.9187e-01 -2.2112e-01 +1.6688e+00 -5.0528e+00 -9.3045e-01 +2.9957e+00 -3.8947e-01 +1.6572e+00 +2.2276e-01 +3.9093e-02 -1.9356e+00 -5.1370e+00
% function evaluation | noise-free fitness - Fopt (5.681000000000e+01) | best noise-free fitness - Fopt | measured fitness | best measured fitness | x1 | x2...
1 +3.382886823e+03 +3.382886823e+03 +3.439696823e+03 +3.439696823e+03 +3.9696e+00 -1.5794e+00 +3.5804e+00 -5.7623e-01 +3.4511e+00 +1.2049e+00 -3.5527e-01 +2.4672e+00 -3.0206e-01 +3.6946e+00 -3.4092e+00 -3.3282e+00 +1.8791e+00 +1.6554e+00 +4.5583e-01 -2.2241e+00 +2.3517e+00 +2.7429e+00 +6.8172e-01 -3.3734e+00
2 +6.345847631e+02 +6.345847631e+02 +6.913947631e+02 +6.913947631e+02 -1.4312e+00 +1.2827e+00 -9.4398e-01 +3.5600e+00 +1.7107e-01 -2.5422e+00 -7.5378e-01 -3.7083e+00 -1.7998e+00 +1.9584e+00 -8.4957e-01 +3.5071e+00 -2.8817e+00 +2.3063e+00 +3.7699e+00 +3.1865e+00 -2.4188e+00 +3.5743e+00 +4.8388e-01 +3.5741e+00
21 +2.388579350e+02 +2.388579350e+02 +2.956679350e+02 +2.956679350e+02 -1.6017e+00 -1.5387e+00 -1.5792e+00 -1.0216e+00 -1.3289e-01 -3.4333e+00 -1.5379e-01 -3.1887e+00 -2.6537e+00 +9.0311e-01 -7.3085e-01 +2.8361e+00 +7.6502e-01 +1.8333e+00 -2.5318e+00 -3.6673e-01 -2.7512e+00 -5.9360e-01 -1.1595e-02 +3.5703e+00
284 +1.572837845e+02 +1.572837845e+02 +2.140937845e+02 +2.140937845e+02 -1.5919e+00 -5.8177e-01 -1.5013e+00 -9.0701e-01 -1.1948e+00 -3.1324e+00 +4.0032e-02 -3.2837e+00 -2.4440e+00 +7.9099e-01 -4.5124e-01 +2.8907e+00 +1.8715e-01 +1.8962e+00 +5.7959e-01 +7.9152e-01 -2.5962e+00 +2.1038e+00 -1.6008e-01 +3.5979e+00
2710 +9.683848680e+01 +9.683848680e+01 +1.536484868e+02 +1.536484868e+02 -1.4203e+00 -7.3866e-01 -1.0685e+00 -7.2356e-01 -5.2339e-01 -3.5817e+00 +2.9322e-01 -2.8146e+00 -1.9573e+00 +2.9736e-01 -7.6992e-01 +3.2224e+00 +1.8632e-01 +1.8232e+00 +2.8919e-01 +8.4629e-01 -2.1615e+00 +3.3112e-02 +4.0483e-01 +4.0010e+00
7704 +6.210900594e+01 +6.210900594e+01 +1.189190059e+02 +1.189190059e+02 -9.7767e-01 -8.5880e-01 -5.8078e-01 -1.1759e+00 -3.5805e-01 -3.5037e+00 +1.4982e-01 -2.3442e+00 -1.7355e+00 -6.1147e-02 -1.4278e+00 +3.3174e+00 +1.7361e-01 +1.7518e+00 +1.0459e-02 +3.2998e-01 -2.4463e+00 -1.5171e-01 +4.9102e-01 +4.8252e+00
14527 +3.937372465e+01 +3.937372465e+01 +9.618372465e+01 +9.618372465e+01 -1.1366e+00 -9.8148e-01 +3.9105e-02 -1.7023e+00 -6.3437e-01 -3.9226e+00 -5.0876e-01 -7.5024e-01 -2.0262e+00 -4.0466e-01 -1.8403e+00 +3.6815e+00 -7.7689e-02 +1.6872e+00 -1.7306e-01 +7.9018e-01 -2.6074e+00 +3.3126e-01 +4.3551e-01 +4.1260e+00
23726 +2.452275892e+01 +2.452275892e+01 +8.133275892e+01 +8.133275892e+01 -7.7443e-01 -9.3585e-01 -1.0729e-01 -1.7071e+00 -7.4392e-01 -3.6276e+00 -2.7672e-01 -2.1041e-01 -1.6025e+00 +1.7007e-01 -1.9046e+00 +3.9573e+00 -3.4149e-01 +1.1589e+00 +1.0772e-01 +6.5827e-01 -2.0497e+00 -1.7349e-01 +1.3482e+00 +4.1051e+00
% function evaluation | noise-free fitness - Fopt (4.209000000000e+01) | best noise-free fitness - Fopt | measured fitness | best measured fitness | x1 | x2...
1 +1.472469579e+03 +1.472469579e+03 +1.514559579e+03 +1.514559579e+03 +2.5002e+00 +2.9449e+00 -1.5745e+00 +1.5438e+00 -3.8234e+00 +8.1787e-02 +1.1268e+00 -3.7618e+00 +1.8334e+00 +1.4153e+00 +9.5678e-02 -3.2405e+00 -1.8880e+00 -1.2557e+00 +2.0059e+00 -7.7525e-01 +2.4364e+00 -1.8615e+00 -3.1687e+00 +1.0525e+00
8 +7.792867567e+02 +7.792867567e+02 +8.213767567e+02 +8.213767567e+02 +2.3763e-01 +2.9574e+00 +1.9929e+00 +1.5921e-01 +3.0480e+00 +3.5514e+00 +1.9412e+00 -8.8306e-01 -2.1504e+00 -3.6582e+00 +3.3308e+00 +2.8105e+00 -1.0364e-01 +3.9600e+00 -1.7770e-01 -3.9071e+00 +1.6239e+00 +3.3176e+00 -1.7016e-01 +2.2050e+00
13 +3.260384512e+02 +3.260384512e+02 +3.681284512e+02 +3.681284512e+02 +3.1854e+00 -2.5440e+00 -3.4139e+00 -2.3765e+00 +4.9241e-01 -2.6029e+00 -1.9029e+00 +3.7890e-01 +2.7889e+00 -8.0786e-01 +5.8523e-02 +1.7378e+00 +2.9831e+00 +3.4492e-01 -1.6906e+00 +2.6714e+00 -1.9253e+00 +9.1555e-01 +3.0672e+00 -2.0785e+00
685 +2.430467441e+02 +2.430467441e+02 +2.851367441e+02 +2.851367441e+02 +3.4129e+00 -2.5342e+00 -3.3719e+00 -2.0644e+00 +3.0510e-01 -2.4769e+00 -1.9381e+00 +4.1042e-01 +2.6041e+00 -7.4735e-01 -1.6630e-02 +1.6634e+00 +2.7610e+00 +5.4767e-01 -1.8743e+00 +2.4242e+00 -1.9909e+00 +1.0905e+00 +2.9486e+00 -2.1911e+00
8235 +1.582857292e+02 +1.582857292e+02 +2.003757292e+02 +2.003757292e+02 +3.4456e+00 -1.9595e+00 -3.1528e+00 -1.6861e+00 -1.1695e-01 -2.3052e+00 -1.3566e+00 +9.8769e-01 +1.9577e+00 -6.2938e-01 +5.9604e-01 +1.2369e+00 +2.5037e+00 +1.1215e+00 -1.5729e+00 +1.7694e+00 -1.6294e+00 +1.6122e+00 +3.1138e+00 -2.1967e+00
13282 +9.823969139e+01 +9.823969139e+01 +1.403296914e+02 +1.403296914e+02 +3.3264e+00 -1.3911e+00 -3.3367e+00 -1.6788e+00 +1.3525e-01 -1.9637e+00 -1.4557e+00 +1.0930e+00 +1.4232e+00 -4.4600e-01 +4.4765e-01 +1.0077e+00 +2.2162e+00 +8.7969e-01 -1.8930e+00 +1.7330e+00 -5.2532e-01 +1.8902e+00 +2.9842e+00 -2.1766e+00
22689 +6.058498649e+01 +6.058498649e+01 +1.026749865e+02 +1.026749865e+02 +2.7442e+00 -6.4811e-01 -2.8925e+00 -1.2318e+00 +1.1111e+00 -1.3622e+00 -1.0736e+00 +1.2610e+00 +1.5613e+00 -2.6679e-01 +2.0949e-01 -3.5032e-03 +2.0066e+00 +8.1224e-01 -2.5902e+00 +1.4934e+00 +4.1650e-01 +2.2790e+00 +2.7064e+00 -1.2155e+00
% function evaluation | noise-free fitness - Fopt (4.579000000000e+01) | best noise-free fitness - Fopt | measured fitness | best measured fitness | x1 | x2...
1 +2.793029099e+03 +2.793029099e+03 +2.838819099e+03 +2.838819099e+03 +2.4512e+00 +3.4672e+00 -2.6287e+00 -3.8421e+00 -5.1590e-01 +8.3501e-01 +3.1226e-01 -1.6226e+00 -3.5683e+00 +2.7553e+00 +3.4825e+00 -3.2928e+00 -3.0970e-01 -3.6889e+00 -3.7912e+00 +2.7626e+00 -2.3026e+00 +3.3440e+00 +1.8435e+00 -1.0367e+00
3 +2.220908808e+03 +2.220908808e+03 +2.266698808e+03 +2.266698808e+03 -3.9868e+00 -3.9760e+00 -1.5328e+00 -2.8111e+00 +6.4848e-01 +2.9604e+00 +2.5269e+00 -2.0587e+00 +3.4173e+00 +3.4042e+00 +3.2604e+00 -2.0766e+00 +3.5885e+00 -2.5415e+00 -4.3324e-01 +3.0885e+00 -4.7764e-01 +3.0726e-01 -2.8897e+00 -2.8957e+00
4 +1.214332787e+03 +1.214332787e+03 +1.260122787e+03 +1.260122787e+03 -6.6021e-01 -2.0189e+00 -3.6955e+00 -2.8594e+00 +3.6461e+00 +2.7849e+00 -3.2529e+00 -4.4656e-01 +3.4239e+00 -4.9363e-02 -1.0763e+00 +3.7260e+00 +3.4909e+00 -3.3771e+00 +1.3412e+00 +1.5550e+00 -1.5453e+00 -1.8661e+00 -3.2213e+00 -9.9361e-02
15 +9.336338065e+02 +9.336338065e+02 +9.794238065e+02 +9.794238065e+02 +1.6530e+00 +9.5829e-01 -4.2235e-01 -3.7879e+00 -1.1488e+00 -8.8724e-02 +3.2470e+00 -1.9757e+00 +3.9713e+00 -3.5816e+00 +4.0463e-01 +2.8580e-02 -1.9904e+00 +3.7027e+00 -4.5584e-01 -2.7004e+00 -3.3645e-01 +1.1234e+00 +3.2803e+00 -6.1904e-01
23 +6.087217461e+02 +6.087217461e+02 +6.545117461e+02 +6.545117461e+02 +7.5512e-01 +8.7593e-02 +5.2334e-01 -2.9117e+00 -2.0767e+00 -1.6770e-01 +2.7190e+00 -2.5507e+00 +2.0590e+00 -2.7222e+00 +4.6324e-01 -1.8543e+00 -9.7704e-01 +9.7720e-01 -1.5487e-01 -2.1424e+00 -9.4303e-02 -2.9063e-01 +3.1856e+00 -3.5332e-01
89 +3.398398579e+02 +3.398398579e+02 +3.856298579e+02 +3.856298579e+02 +1.7564e+00 +1.5832e-01 +9.9419e-01 -1.8042e+00 -2.2959e+00 -2.4134e+00 +8.7595e-01 -1.3188e+00 +1.2347e+00 +1.0631e+00 -1.2673e-01 +2.1999e+00 +1.9011e+00 +9.9768e-02 -2.8916e+00 -9.9192e-01 +2.8953e+00 -1.6397e+00 +2.8075e+00 +9.3845e-01
1583 +2.483546334e+02 +2.483546334e+02 +2.941446334e+02 +2.941446334e+02 +1.8860e+00 -7.3284e-02 +9.9795e-01 -2.0505e+00 -2.3331e+00 -2.5307e+00 +7.0805e-01 -1.2189e+00 +1.4304e+00 +7.3244e-01 -2.1050e-01 +2.1778e+00 +2.0989e+00 +1.0838e-01 -3.0925e+00 -1.2161e+00 +2.4492e+00 -1.6413e+00 +2.5059e+00 +9.7230e-01
3494 +1.583309753e+02 +1.583309753e+02 +2.041209753e+02 +2.041209753e+02 +1.6484e+00 -6.3521e-02 +6.8732e-01 -2.0423e+00 -2.2186e+00 -2.9090e+00 +8.8991e-01 -1.4599e+00 +1.6901e+00 +4.2089e-01 -2.8456e-01 +2.1171e+00 +1.9993e+00 +2.9722e-01 -3.4480e+00 -1.1333e+00 +1.9575e+00 -1.5586e+00 +2.5883e+00 +1.0605e+00
6250 +9.933045337e+01 +9.933045337e+01 +1.451204534e+02 +1.451204534e+02 +1.6131e+00 -3.6112e-01 +6.4307e-01 -2.0730e+00 -2.1033e+00 -3.0380e+00 +3.8020e-01 -1.9589e+00 +1.9875e+00 +1.1200e-01 -3.7748e-01 +1.9711e+00 +2.6265e+00 +5.5303e-01 -3.6199e+00 -1.1425e+00 +1.7505e+00 -1.1434e+00 +2.4997e+00 +1.0156e+00
11837 +6.292019562e+01 +6.292019562e+01 +1.087101956e+02 +1.087101956e+02 +1.2009e+00 -2.0877e-01 +4.6104e-01 -2.6199e+00 -2.3059e+00 -3.2013e+00 +1.6401e-01 -2.3558e+00 +1.4835e+00 -9.8889e-02 -7.6164e-01 +1.6394e+00 +2.2107e+00 +7.6276e-01 -3.8487e+00 -1.2179e+00 +1.0574e+00 -9.5768e-01 +2.3404e+00 +8.7822e-01
25274 +3.942389382e+01 +3.942389382e+01 +8.521389382e+01 +8.521389382e+01 +1.1005e+00 -3.2683e-01 +1.1771e+00 -2.8823e+00 -2.5454e+00 -3.2098e+00 -2.3405e-02 -2.3772e+00 +1.7127e+00 -5.7948e-01 -1.5318e+00 +8.4273e-01 +2.2889e+00 +2.4378e-01 -4.8073e+00 -1.1478e+00 +3.9158e-01 -1.2997e+00 +1.7316e+00 -5.3441e-01
% function evaluation | noise-free fitness - Fopt (-1.000000000000e+03) | best noise-free fitness - Fopt | measured fitness | best measured fitness | x1 | x2...
1 +8.516291133e+02 +8.516291133e+02 -1.483708867e+02 -1.483708867e+02 -2.5404e+00 +4.3252e-01 -1.2794e-01 -1.9936e+00 +1.3668e+00 +3.8985e+00 +1.1498e+00 -1.9292e+00 +2.2294e-02 +1.6153e+00 -2.7133e+00 -2.9610e+00 -3.8883e+00 -2.5722e+00 +3.5561e+00 -2.6040e+00 -3.7589e+00 -1.6361e+00 +1.0266e+00 -2.6421e+00
4 +2.954960676e+02 +2.954960676e+02 -7.045039324e+02 -7.045039324e+02 -1.7894e+00 +3.7232e+00 +2.3362e+00 -6.2258e-01 -3.5317e+00 -3.1432e+00 -2.4816e+00 +3.3334e+00 +6.1139e-01 +1.6647e+00 +9.1420e-02 -1.6427e+00 -2.0848e+00 -1.7543e-01 +1.8937e+00 -1.5430e-01 +1.0809e+00 -3.2815e+00 -3.6559e+00 -2.2717e+00
82 +1.476406508e+02 +1.476406508e+02 -8.523593492e+02 -8.523593492e+02 +1.5118e+00 +1.1328e+00 -3.6794e+00 +1.0628e+00 +1.6462e+00 -1.4304e-01 +2.7503e-01 +1.3085e+00 +2.6217e+00 +3.2627e+00 -2.7903e+00 -3.0782e+00 +5.7308e-01 +1.2085e+00 -1.3736e+00 +1.1537e+00 +2.6640e+00 -1.3189e+00 -1.6116e-01 -1.8000e+00
747 +9.840443442e+01 +9.840443442e+01 -9.015955656e+02 -9.015955656e+02 +1.6700e+00 +1.3871e+00 -3.8438e+00 +1.1652e+00 +1.8554e+00 -2.4967e-01 +1.5107e-01 +1.3309e+00 +2.7109e+00 +3.3152e+00 -2.6910e+00 -3.0753e+00 +4.5886e-01 +1.2493e+00 -1.2138e+00 +9.5829e-01 +2.5715e+00 -1.2926e+00 -3.6561e-01 -2.0345e+00
6723 +5.735327416e+01 +5.735327416e+01 -9.426467258e+02 -9.426467258e+02 -1.6877e+00 +2.7913e+00 +3.2592e+00 +8.1396e-01 -1.9961e+00 -2.1778e+00 -7.7973e-01 +3.1657e+00 +3.3546e-01 +1.2697e+00 +2.3803e+00 -9.9142e-01 -1.2253e+00 -1.0646e+00 +1.4273e+00 +3.8499e-01 +8.6260e-01 -2.4515e+00 -2.7207e+00 -3.1436e+00
9602 +3.921066131e+01 +3.921066131e+01 -9.607893387e+02 -9.607893387e+02 -1.7115e+00 +3.0593e+00 +3.0319e+00 +6.3508e-01 -2.2639e+00 -1.5817e+00 -6.7491e-01 +3.0149e+00 +3.7704e-01 +8.6128e-01 +2.1800e+00 -8.5550e-01 -1.1804e+00 -1.3524e+00 +1.4137e+00 +5.0564e-01 +1.0084e+00 -2.3716e+00 -2.8405e+00 -2.5794e+00
20698 +2.491439873e+01 +2.491439873e+01 -9.750856013e+02 -9.750856013e+02 -1.4609e+00 +1.8948e+00 +4.0436e+00 +1.3700e+00 -2.1957e+00 -8.6141e-01 +5.1000e-01 +2.7716e+00 +7.0142e-01 +6.7688e-01 +2.2059e+00 -9.2740e-01 -1.6545e+00 -1.1372e+00 +1.2176e+00 +8.1535e-02 +1.1747e+00 -2.0430e+00 -2.6618e+00 -2.0965e+00
27348 +1.554075216e+01 +1.554075216e+01 -9.844592478e+02 -9.844592478e+02 -1.1587e+00 +2.5834e+00 +3.1730e+00 +1.2599e+00 -1.8973e+00 +6.5214e-02 +7.5231e-01 +2.3305e+00 +4.1696e-01 +1.0297e+00 +1.5199e+00 -8.0533e-01 -1.2451e+00 -1.3263e+00 +1.9010e+00 +8.0947e-01 +1.3413e+00 -2.2381e+00 -2.1568e+00 -2.2561e+00
% function evaluation | noise-free fitness - Fopt (1.575000000000e+01) | best noise-free fitness - Fopt | measured fitness | best measured fitness | x1 | x2...
1 +1.341322470e+03 +1.341322470e+03 +1.357072470e+03 +1.357072470e+03 +1.9204e+00 -2.8022e+00 -1.2498e-01 -2.5029e+00 -2.7916e-01 -2.4838e+00 -3.6374e-01 +3.8563e+00 +1.3840e+00 +1.1250e+00 +3.1016e+00 +3.8854e+00 -1.2703e+00 -3.0817e+00 +1.6102e+00 -3.4655e+00 -1.0041e+00 -1.2515e+00 -1.4886e+00 -1.3744e+00
57 +6.928525162e+02 +6.928525162e+02 +7.086025162e+02 +7.086025162e+02 +2.6083e+00 +2.4164e+00 +1.8069e+00 -3.8938e+00 +3.8659e+00 +3.1107e-02 -2.3619e+00 -7.2585e-01 -1.5349e-01 -2.0229e-01 -2.3162e+00 +8.3860e-02 -2.5619e+00 -3.7801e+00 -2.1273e+00 +1.1796e+00 -3.0848e+00 -5.7898e-01 -1.8088e+00 +2.3263e+00
75 +5.502571705e+02 +5.502571705e+02 +5.660071705e+02 +5.660071705e+02 +6.8883e-01 +1.7805e+00 -9.6284e-01 -2.4758e+00 +3.8919e+00 +1.7980e+00 -2.3042e+00 -4.7679e-01 -7.0404e-01 -6.7486e-01 +2.8205e+00 +5.6466e-01 -1.4025e+00 -2.8266e+00 -1.8322e+00 -1.9225e+00 -2.3026e+00 +1.5276e+00 -1.4454e+00 +3.8342e-01
613 +3.377045769e+02 +3.377045769e+02 +3.534545769e+02 +3.534545769e+02 +1.3981e+00 +8.7494e-01 +1.1237e+00 -2.4845e+00 +3.2850e+00 +4.8462e-01 -2.4719e+00 -5.0651e-01 -4.5967e-01 -7.1438e-01 +3.6189e-01 +5.0035e-01 -1.6144e+00 -3.3521e+00 -2.2975e+00 -2.0695e+00 -2.3259e+00 -1.4064e-01 -1.5168e+00 +1.1773e+00
2106 +2.265507802e+02 +2.265507802e+02 +2.423007802e+02 +2.423007802e+02 +1.5232e+00 +5.4978e-01 +1.3117e+00 -2.2733e+00 +3.4688e+00 +6.6510e-01 -2.6462e+00 -5.6241e-02 -2.1779e-01 -5.8712e-01 +3.1638e-01 +9.5028e-01 -1.2493e+00 -3.1152e+00 -2.0642e+00 -2.2958e+00 -2.4922e+00 +2.4815e-01 -1.6220e+00 +9.0893e-01
5000 +1.544217222e+02 +1.544217222e+02 +1.701717222e+02 +1.701717222e+02 +1.7234e+00 +3.2997e-01 +1.6163e+00 -2.5642e+00 +3.3777e+00 +5.7346e-01 -2.5141e+00 +3.3305e-01 +4.5640e-02 -3.3024e-01 +9.3768e-02 +1.1065e+00 -7.9648e-01 -3.1628e+00 -2.5689e+00 -3.0055e+00 -2.0251e+00 +5.2276e-01 -1.3119e+00 +4.6161e-01
7752 +9.562213505e+01 +9.562213505e+01 +1.113721351e+02 +1.113721351e+02 +1.9005e+00 -1.9357e-01 +2.1282e+00 -2.9332e+00 +3.4477e+00 +7.1956e-01 -2.6544e+00 +4.5131e-01 +3.0530e-01 -5.4983e-01 -3.4921e-01 +1.3578e+00 -1.0411e+00 -3.5899e+00 -2.8513e+00 -2.7851e+00 -2.1140e+00 +1.2158e+00 -1.3657e+00 +1.0959e-01
9931 +6.296850499e+01 +6.296850499e+01 +7.871850499e+01 +7.871850499e+01 +1.8561e+00 -4.9576e-01 +2.1567e+00 -2.8794e+00 +3.0309e+00 +5.2056e-01 -3.2007e+00 +4.3875e-01 +3.3554e-01 -6.6766e-01 -3.6083e-01 +1.5847e+00 -1.3038e+00 -3.9163e+00 -2.4456e+00 -2.3519e+00 -2.0848e+00 +1.6989e+00 -1.6305e+00 -3.6279e-01
11164 +3.762871969e+01 +3.762871969e+01 +5.337871969e+01 +5.337871969e+01 +1.8189e+00 -3.4742e-01 +2.3031e+00 -2.7856e+00 +2.5692e+00 +3.1485e-01 -3.4848e+00 +6.0578e-01 +7.3227e-02 -6.0364e-01 -7.5376e-01 +1.9567e+00 -1.3134e+00 -4.0549e+00 -2.3304e+00 -2.1137e+00 -1.7144e+00 +1.8243e+00 -1.7965e+00 -6.9723e-01
18466 +2.313386405e+01 +2.313386405e+01 +3.888386405e+01 +3.888386405e+01 +2.5355e+00 -4.7167e-01 +2.1259e+00 -1.9124e+00 +1.9835e+00 +2.6202e-01 -3.7967e+00 +1.2494e-01 -1.5415e-01 -6.4110e-01 -1.1193e+00 +2.1683e+00 -1.1299e+00 -4.4979e+00 -2.1572e+00 -2.3177e+00 -1.1111e+00 +2.2995e+00 -1.9699e+00 -1.5403e+00
20616 +1.451577003e+01 +1.451577003e+01 +3.026577003e+01 +3.026577003e+01 +2.4800e+00 -7.8959e-01 +2.0420e+00 -1.6852e+00 +2.1799e+00 -8.7972e-02 -3.7074e+00 +2.8016e-01 -2.0616e-01 -8.7456e-01 -1.4576e+00 +2.1254e+00 -1.3620e+00 -4.5316e+00 -1.9605e+00 -2.0109e+00 -7.2813e-01 +2.3859e+00 -1.7656e+00 -1.4433e+00
28310 +9.764356279e+00 +9.764356279e+00 +2.551435628e+01 +2.551435628e+01 +2.7783e+00 -1.3045e+00 +1.8763e+00 -1.7659e+00 +1.3389e+00 -3.0798e-01 -3.7533e+00 +8.5378e-01 -5.5061e-01 -4.4515e-01 -1.6952e+00 +2.1839e+00 -1.5080e+00 -4.3886e+00 -1.8425e+00 -1.2528e+00 -9.2942e-01 +2.3906e+00 -1.5513e+00 -1.4439e+00
