% function evaluation | noise-free fitness - Fopt (-4.620900000000e+02) | best noise-free fitness - Fopt | measured fitness | best measured fitness | x1 | x2...
1 +1.263928935e+03 +1.263928935e+03 +8.018389352e+02 +8.018389352e+02 -3.4389e+00 -2.3085e+00 -4.2395e-01 -1.3092e+00 -2.9474e+00 +4.0481e-01 +3.1556e+00 -1.1164e+00 -3.0801e+00 +3.1644e+00 -3.8165e+00 -3.2429e+00 -4.2504e+00 +3.5553e+00 -2.2169e+00 -7.2602e-01 -2.3504e+00 -1.4267e-01 +1.1650e+00 +2.1042e+00
% function evaluation | noise-free fitness - Fopt (7.766000000000e+01) | best noise-free fitness - Fopt | measured fitness | best measured fitness | x1 | x2...
1 +1.021788569e+04 +1.021788569e+04 +1.029554569e+04 +1.029554569e+04 -4.4366e+00 -1.7943e+00 -3.6167e-01 -2.2058e+00 -3.1976e+00 -8.7225e-01 -1.4519e+00 +1.8432e+00 +3.7618e+00 -4.3321e+00 -4.0979e+00 +4.2383e+00 +4.0206e+00 -4.2187e+00 -3.9481e+00 +4.0723e-01 -1.8443e+00 -4.1058e+00 -3.2416e+00 -1.0613e+00
2 +4.073473687e+03 +4.073473687e+03 +4.151133687e+03 +4.151133687e+03 -2.3881e+00 -2.1530e+00 -3.3198e+00 +3.7515e+00 +4.9611e+00 -9.8475e-01 -2.8052e+00 -2.4585e+00 -4.7825e+00 -1.1593e+00 -7.4397e-01 -3.2068e+00 -4.3628e+00 +2.4162e+00 -2.3355e+00 -1.3596e+00 +2.0553e+00 +6.8233e-01 +8.0119e-01 +3.9328e-01
3 +3.606024829e+03 +3.606024829e+03 +3.683684829e+03 +3.683684829e+03 -2.1466e+00 +4.2184e+00 +3.8912e+00 +2.3579e+00 +2.5893e+00 +2.2746e+00 +2.9460e+00 +8.2719e-01 -4.2064e+00 +2.8442e+00 +4.0988e+00 -1.3492e+00 +4.6552e-01 -4.4210e+00 -3.6224e+00 +2.8268e+00 -3.9571e+00 -3.7081e+00 +2.1612e+00 -4.1396e+00
6 +1.646421591e+03 +1.646421591e+03 +1.724081591e+03 +1.724081591e+03 -6.1655e-01 -9.7820e-01 +1.1340e+00 -4.5115e+00 -3.3048e+00 -4.3916e+00 -9.2688e-02 +4.3588e+00 +3.3714e-02 -1.7276e+00 -2.7618e+00 -3.0386e+00 +1.2742e+00 +1.9976e+00 +1.4637e-01 -8.6576e-01 -1.0749e+00 +1.2789e-01 -4.9812e-01 +3.2019e+00
23 +8.936090424e+02 +8.936090424e+02 +9.712690424e+02 +9.712690424e+02 -2.6097e+00 +8.4648e-01 -7.3493e-01 +2.0683e+00 -4.1290e+00 -1.0959e-01 -3.5718e+00 -1.2886e+00 -3.4513e+00 +8.5739e-01 +2.8530e+00 -1.5274e+00 -3.9922e+00 +1.6639e+00 +2.1646e+00 +4.6666e+00 -5.2295e-01 +3.8977e-01 +3.1365e+00 -8.1943e-01
% function evaluation | noise-free fitness - Fopt (1.156800000000e+02) | best noise-free fitness - Fopt | measured fitness | best measured fitness | x1 | x2...
1 +1.607209083e+04 +1.607209083e+04 +1.618777083e+04 +1.618777083e+04 -3.4613e+00 -1.0271e+00 +4.7854e+00 -2.1141e+00 +4.4372e+00 -3.6578e+00 +3.3414e+00 -2.2591e+00 +3.4427e+00 -3.4208e+00 -3.8201e+00 -3.2870e+00 -4.9739e+00 -9.6787e-01 -2.7261e+00 +2.7280e+00 +4.6293e+00 +2.7980e+00 -1.6098e+00 -1.0821e-01
2 +8.383945847e+02 +8.383945847e+02 +9.540745847e+02 +9.540745847e+02 +1.8142e+00 +2.6558e-01 +1.2542e+00 +4.2316e+00 +5.8872e-01 +2.9412e-01 +4.0842e+00 +3.1849e+00 +1.6218e+00 -1.0114e+00 +2.3370e+00 -2.5803e+00 +3.7953e+00 +3.0095e+00 +2.4278e+00 +2.2281e+00 +3.9361e-01 +3.5079e+00 -1.3073e-01 -1.6355e+00
% function evaluation | noise-free fitness - Fopt (-3.710000000000e+00) | best noise-free fitness - Fopt | measured fitness | best measured fitness | x1 | x2...
1 +9.329317546e+03 +9.329317546e+03 +9.325607546e+03 +9.325607546e+03 -1.0179e+00 +2.9988e+00 +1.5885e+00 +3.2863e+00 +4.8647e+00 +2.3993e-01 -4.2532e+00 -5.2186e-01 -4.1392e+00 +3.0649e+00 +1.4247e+00 -9.2504e-01 +4.7637e+00 +4.2659e+00 +3.9203e+00 +3.7859e+00 -8.6264e-01 -2.3571e+00 -4.1685e+00 +4.3352e+00
2 +3.189357064e+03 +3.189357064e+03 +3.185647064e+03 +3.185647064e+03 -3.3153e+00 -7.2776e-01 +1.4614e-01 -3.2055e+00 +6.6534e-01 -2.2473e+00 -2.0573e+00 -3.6898e+00 +1.3949e+00 -2.2163e+00 -4.4834e+00 +3.9038e+00 -1.4259e+00 +3.1017e+00 -2.4908e+00 -3.1832e-02 +3.1230e+00 -4.9848e+00 -3.0736e+00 -4.9081e+00
3 +2.211897183e+03 +2.211897183e+03 +2.208187183e+03 +2.208187183e+03 -1.6934e+00 +1.6115e-01 +3.0215e+00 +1.4457e+00 +4.0856e+00 +3.3964e+00 +1.3393e+00 +3.9373e+00 -3.5421e+00 -3.8243e+00 +2.3416e+00 -1.5894e+00 -3.7321e+00 -2.8640e+00 +4.5053e-01 -4.2052e+00 -2.2747e+00 +3.2793e-01 -4.3785e+00 +9.1752e-01
10 +1.222220336e+03 +1.222220336e+03 +1.218510336e+03 +1.218510336e+03 -6.0376e-01 -3.9950e+00 +2.9743e+00 +1.7983e+00 +1.4851e+00 -4.9000e+00 +1.2657e+00 -4.1753e+00 +1.1676e+00 +3.6555e+00 +2.1769e+00 -2.6844e+00 +3.5156e+00 +6.3812e-02 -1.5150e+00 +1.0270e+00 +6.1557e-01 +3.6707e-01 +7.4145e-01 -3.0064e+00
185 +9.457854795e+02 +9.457854795e+02 +9.420754795e+02 +9.420754795e+02 +2.1322e+00 +1.5286e-02 +1.7955e+00 -3.4718e-01 +3.4375e-01 +4.1863e+00 -4.8482e+00 -2.5877e+00 +1.1985e-01 +2.0352e+00 -4.8484e+00 -1.9741e-01 +2.5541e+00 -4.8799e+00 +4.6667e-02 -1.3152e+00 -3.9841e-01 -4.5103e+00 +2.3975e+00 -3.6967e+00
% function evaluation | noise-free fitness - Fopt (1.321800000000e+02) | best noise-free fitness - Fopt | measured fitness | best measured fitness | x1 | x2...
1 +5.029612051e+03 +5.029612051e+03 +5.161792051e+03 +5.161792051e+03 -1.9247e-01 -1.4672e+00 +2.8576e+00 +1.6573e+00 +3.8264e+00 -3.8222e+00 -1.6185e+00 +2.9562e+00 +4.5753e+00 -2.3837e+00 +1.7904e+00 +7.5175e-01 -3.4223e+00 +3.3261e+00 -5.0855e-02 -3.4614e+00 -2.1691e+00 -7.8709e-02 -1.0422e+00 +2.9783e+00
2 +2.124178945e+03 +2.124178945e+03 +2.256358945e+03 +2.256358945e+03 +3.1394e+00 -4.7407e+00 +2.8880e+00 -2.8048e-01 +1.4644e+00 +2.7652e+00 -7.8653e-01 -1.2506e+00 -4.0347e+00 +2.2280e+00 -6.8013e-01 -3.0041e+00 -3.7932e+00 +3.8957e+00 +3.2926e+00 +2.7783e+00 -3.3559e+00 -4.8978e-02 +2.5014e+00 +8.9180e-01
16 +1.191147201e+03 +1.191147201e+03 +1.323327201e+03 +1.323327201e+03 -3.8507e+00 -3.1832e+00 -3.4067e+00 -9.6004e-01 -2.3405e+00 -1.9465e+00 +2.9301e-01 -4.7102e+00 +1.2854e+00 +3.7298e+00 -3.6975e+00 -3.5343e+00 -3.9192e+00 +4.7555e+00 -2.3494e+00 +1.5787e+00 -2.5695e+00 +3.9494e+00 -7.0014e-01 -2.1252e+00
65 +9.836746803e+02 +9.836746803e+02 +1.115854680e+03 +1.115854680e+03 +9.8462e-01 +3.0419e+00 +3.7408e+00 +3.4665e+00 +4.6477e-02 -4.4217e+00 -2.7631e+00 +1.2363e+00 -9.1641e-01 +1.8076e+00 -5.8398e-01 +1.2316e+00 +1.0931e+00 +8.1093e-01 -3.5749e+00 +1.9343e+00 -3.1012e+00 -2.0100e-01 -6.6486e-01 +2.2451e+00
98 +5.493467658e+02 +5.493467658e+02 +6.815267658e+02 +6.815267658e+02 +3.8234e+00 +3.4489e+00 -1.1891e+00 -3.2164e+00 -2.6572e+00 -3.5816e+00 -1.3010e+00 -3.1471e-01 +4.3906e-01 -4.9397e+00 -8.8131e-01 +1.7418e+00 +1.1089e-01 +2.8202e+00 +2.9243e+00 +7.6526e-01 +1.4994e+00 +9.4414e-01 +1.5742e+00 +2.6935e+00
% function evaluation | noise-free fitness - Fopt (-4.174000000000e+01) | best noise-free fitness - Fopt | measured fitness | best measured fitness | x1 | x2...
1 +1.545029323e+03 +1.545029323e+03 +1.503289323e+03 +1.503289323e+03 -3.1590e+00 -2.4349e+00 +5.0643e-01 -2.6857e-01 +1.5281e+00 +2.3017e+00 -3.5454e+00 +3.1187e+00 +2.2296e+00 +3.8375e+00 +1.7106e+00 -4.7939e+00 -2.2876e+00 -2.1180e+00 +3.3003e+00 -8.8676e-01 -1.6866e+00 +3.0579e+00 -3.7263e+00 -3.5176e+00
33 +6.794964542e+02 +6.794964542e+02 +6.377564542e+02 +6.377564542e+02 +2.0248e-01 +2.8371e-01 -2.8686e+00 +2.4200e+00 -2.2038e+00 -1.8480e+00 +3.3044e+00 +2.4563e+00 +2.1241e-01 +4.8805e+00 +2.4628e+00 -4.0573e+00 +7.0224e-01 -8.2161e-01 +2.7615e+00 -3.2805e+00 -1.2231e+00 +2.8771e+00 +9.4002e-01 +3.7823e+00
% function evaluation | noise-free fitness - Fopt (-4.948600000000e+02) | best noise-free fitness - Fopt | measured fitness | best measured fitness | x1 | x2...
1 +3.143528646e+03 +3.143528646e+03 +2.648668646e+03 +2.648668646e+03 -2.0888e+00 +2.7648e-01 -7.3963e-01 -4.2058e+00 +1.8326e+00 -2.4502e+00 +4.9290e+00 +3.5085e-01 -2.3493e+00 +3.6672e+00 +3.3883e+00 +4.7135e+00 +3.6051e+00 -2.2023e+00 -4.5133e+00 -1.5268e+00 -1.9380e+00 +1.0454e+00 -3.1707e-01 -2.3145e+00
3 +1.779449242e+03 +1.779449242e+03 +1.284589242e+03 +1.284589242e+03 +4.2605e+00 -3.9000e+00 -1.4464e+00 -3.1535e+00 +1.8305e+00 -2.0831e+00 +9.3662e-01 -4.1127e+00 -3.0451e+00 +3.8389e+00 +3.7818e+00 +4.3142e+00 +1.4705e+00 +1.0449e+00 -2.2749e+00 -4.6864e+00 -2.9012e+00 -1.7906e+00 +2.5612e-01 -9.8249e-01
26 +1.196022139e+03 +1.196022139e+03 +7.011621390e+02 +7.011621390e+02 -3.1024e+00 +1.9741e+00 -4.3191e+00 -4.5251e+00 -2.4953e+00 -1.1340e+00 +8.6577e-01 -3.8278e+00 +1.5662e+00 +2.3691e+00 +1.7128e+00 -6.7927e-01 -8.8189e-01 -5.6070e-01 -1.8440e+00 -3.5542e+00 +1.1557e+00 -9.0074e-01 -4.9368e+00 -7.5899e-01
59 +9.909109671e+02 +9.909109671e+02 +4.960509671e+02 +4.960509671e+02 +4.2609e-02 -2.5647e+00 +2.6462e+00 -3.6024e+00 +1.5348e+00 -1.8105e+00 -1.3608e+00 +1.1527e+00 -1.8288e+00 -4.0290e+00 +3.5815e-01 +1.9027e+00 -2.3315e+00 -9.5661e-01 -4.9301e+00 -1.0285e+00 +1.4548e+00 -1.3600e-01 +9.5865e-01 +8.8021e-01
% function evaluation | noise-free fitness - Fopt (3.484000000000e+02) | best noise-free fitness - Fopt | measured fitness | best measured fitness | x1 | x2...
1 +5.711954760e+03 +5.711954760e+03 +6.060354760e+03 +6.060354760e+03 -6.9023e-01 +3.2078e+00 +3.1070e+00 +3.1275e+00 +3.5375e-01 +3.0607e+00 +3.3550e-01 -1.6570e+00 -2.5805e-01 -2.3320e+00 -3.2886e+00 -4.1597e-01 +4.8117e+00 +1.1440e+00 -4.3306e+00 -3.5825e+00 +1.2973e-01 -1.2901e+00 +1.8567e+00 -2.8621e+00
2 +1.839529457e+03 +1.839529457e+03 +2.187929457e+03 +2.187929457e+03 +7.9087e-01 -2.2478e+00 +1.1503e+00 -7.8973e-01 +2.4860e+00 +4.1558e+00 -1.2762e+00 -3.8984e+00 -2.1756e+00 +3.8816e+00 -2.0858e+00 +1.8977e-01 -3.4918e+00 +3.2776e+00 -4.8481e+00 +1.6936e+00 +2.7790e+00 -4.6584e+00 -3.3852e+00 -3.9640e+00
4 +1.062050067e+03 +1.062050067e+03 +1.410450067e+03 +1.410450067e+03 -6.4064e-01 +1.4875e+00 -1.7188e+00 +1.1823e-01 -4.1564e+00 -2.9793e+00 -2.8080e+00 -4.5315e+00 +2.9451e+00 -4.6797e+00 -2.1002e+00 -2.8648e+00 +1.6835e+00 +3.6489e+00 +2.0230e+00 -1.9473e+00 -2.6253e+00 +1.0684e+00 +2.1737e+00 +3.8556e+00
57 +9.251194563e+02 +9.251194563e+02 +1.273519456e+03 +1.273519456e+03 +4.3762e-01 -3.7143e+00 -4.6804e+00 -4.6383e+00 +2.8712e+00 +2.1711e+00 -2.5020e+00 -3.2901e+00 +1.5631e+00 -3.0640e-01 +3.8049e+00 +4.2120e+00 -2.2010e+00 -2.5295e-01 -1.3536e-01 -1.5708e+00 +1.0296e+00 +2.6127e+00 +1.1423e+00 -1.3394e+00
% function evaluation | noise-free fitness - Fopt (3.770000000000e+00) | best noise-free fitness - Fopt | measured fitness | best measured fitness | x1 | x2...
1 +1.435259016e+03 +1.435259016e+03 +1.439029016e+03 +1.439029016e+03 -3.9563e+00 -3.9913e+00 -1.5352e+00 -3.7185e+00 -4.5093e-01 -4.6200e+00 +1.5615e-01 +2.7422e+00 +1.0710e+00 +4.4160e+00 -1.6715e+00 +3.2859e+00 +1.1718e+00 -9.2697e-01 -3.7119e+00 -4.3588e+00 -4.9390e-01 -1.4932e-01 +8.5256e-01 -2.3141e+00
48 +9.626345662e+02 +9.626345662e+02 +9.664045662e+02 +9.664045662e+02 -2.1062e+00 -4.7878e+00 +2.9628e+00 -1.2154e+00 -2.0993e+00 +3.6893e+00 -2.9893e+00 +4.0852e+00 -2.7241e+00 +3.8469e+00 +7.6516e-01 +1.3882e+00 -1.9273e+00 +3.0391e+00 +1.3109e+00 -1.1352e-01 -1.5853e-02 -1.7753e+00 -4.0632e-01 +4.0525e+00
% function evaluation | noise-free fitness - Fopt (3.770000000000e+01) | best noise-free fitness - Fopt | measured fitness | best measured fitness | x1 | x2...
1 +5.176543016e+03 +5.176543016e+03 +5.214243016e+03 +5.214243016e+03 -2.7293e+00 -5.3566e-01 +5.9249e-01 +3.9886e+00 +2.5975e+00 -3.9099e+00 +3.7868e+00 -3.0509e+00 +3.6399e+00 -5.0307e-01 -3.5807e+00 -3.6425e+00 +3.3828e+00 +1.3206e+00 +3.5445e+00 -3.7045e+00 -1.6391e+00 +2.5626e+00 -4.9344e+00 +2.6074e+00
2 +2.694820698e+03 +2.694820698e+03 +2.732520698e+03 +2.732520698e+03 +4.9695e+00 +9.6672e-01 +3.8827e+00 -3.4279e+00 -4.4620e+00 -9.1911e-01 -2.5734e+00 +4.1101e+00 -2.9036e+00 -3.9228e+00 +3.8859e-01 -1.2845e+00 -2.2235e+00 +2.2566e+00 -1.0336e+00 +1.4118e+00 +7.1039e-01 -2.8936e+00 +2.0042e+00 +4.0104e+00
4 +2.433027992e+03 +2.433027992e+03 +2.470727992e+03 +2.470727992e+03 -8.0979e-02 -3.7652e+00 +4.5549e+00 -4.0823e+00 +1.8345e+00 +4.2010e+00 +3.9714e+00 -3.7352e+00 -2.2387e+00 -1.8680e+00 +1.5421e+00 +4.2574e+00 -4.8760e+00 +3.8370e+00 -2.8159e+00 -3.3015e+00 -4.9748e-01 -2.2088e-01 +2.5164e+00 -3.2229e+00
11 +1.523383815e+03 +1.523383815e+03 +1.561083815e+03 +1.561083815e+03 -4.3348e+00 -4.0400e+00 +2.8524e+00 +3.8335e+00 +2.1220e+00 -4.3436e+00 -4.2535e+00 -3.0806e+00 +1.6273e+00 -2.4499e+00 -7.1959e-01 +3.1636e+00 +1.2485e+00 +3.3203e+00 +6.4766e-01 -2.8399e-01 -3.8026e+00 -2.4601e+00 +4.4744e+00 +2.0868e+00
% function evaluation | noise-free fitness - Fopt (6.956900000000e+02) | best noise-free fitness - Fopt | measured fitness | best measured fitness | x1 | x2...
1 +1.116748653e+04 +1.116748653e+04 +1.186317653e+04 +1.186317653e+04 +1.2806e+00 -3.0301e-01 -4.5383e+00 +4.4399e+00 +4.2315e+00 +1.7031e+00 +2.8507e+00 +1.0024e+00 -7.2011e-01 +3.4006e+00 +4.4482e+00 +4.6060e+00 -4.8578e+00 +3.4961e+00 +4.1386e+00 -5.9912e-01 -4.5564e+00 -6.2171e-01 -4.3660e+00 +3.5263e-02
2 +4.781228290e+03 +4.781228290e+03 +5.476918290e+03 +5.476918290e+03 -2.2121e+00 -1.9793e+00 +3.4708e+00 +4.5430e+00 +4.5042e+00 +1.2892e+00 -4.6266e+00 -2.5325e+00 +1.7053e+00 -4.0931e-01 +1.5668e+00 -4.2561e+00 +4.1527e+00 -2.3091e+00 +2.4569e+00 -2.4776e+00 -2.0730e+00 +2.2568e+00 -3.5245e+00 +1.5631e+00
6 +1.376450809e+03 +1.376450809e+03 +2.072140809e+03 +2.072140809e+03 +1.0317e+00 -1.8736e+00 -3.7469e+00 -3.4925e+00 -1.9449e+00 -3.6668e+00 +2.0482e-01 -1.9491e-01 -2.9408e+00 -2.1661e+00 -1.1828e+00 -2.6650e+00 -2.4370e+00 +3.2777e+00 +2.2459e+00 +4.4304e+00 -3.4538e+00 +5.0350e-01 +2.2568e+00 -3.7314e+00
85 +8.676418511e+02 +8.676418511e+02 +1.563331851e+03 +1.563331851e+03 +1.6003e+00 +2.9137e+00 +2.3134e+00 +2.1714e+00 -3.5222e+00 -3.2245e+00 -3.7516e+00 -3.4006e+00 -4.1957e+00 +3.6328e+00 -2.1522e+00 -2.2047e+00 +4.5928e-01 +3.4606e+00 +9.8233e-01 +9.7366e-02 +1.9594e+00 +1.1526e+00 +4.1015e+00 -2.6809e+00
% function evaluation | noise-free fitness - Fopt (-1.180300000000e+02) | best noise-free fitness - Fopt | measured fitness | best measured fitness | x1 | x2...
1 +7.451794661e+03 +7.451794661e+03 +7.333764661e+03 +7.333764661e+03 -3.8233e+00 -3.3921e+00 +3.7277e-01 +2.2698e+00 +3.6690e+00 +2.2720e+00 +4.2193e+00 -4.3793e-01 -1.3445e+00 +2.7933e+00 +5.2198e-01 +2.3034e+00 +2.9950e+00 +1.6431e+00 +3.8061e+00 -4.1597e+00 -2.8523e+00 +1.5013e+00 +2.7132e+00 -3.9612e+00
2 +3.534362111e+03 +3.534362111e+03 +3.416332111e+03 +3.416332111e+03 -4.2305e+00 +3.4678e+00 -7.1415e-01 -6.5787e-01 -7.3457e-01 +2.8228e+00 -3.0271e+00 +4.3375e+00 -4.1222e+00 -8.0751e-01 +3.0707e+00 +4.7972e+00 +2.5883e+00 +3.6617e+00 +1.9515e+00 +3.5421e+00 +4.7829e+00 -3.7469e-03 -5.3753e-01 -2.1350e+00
4 +1.703049819e+03 +1.703049819e+03 +1.585019819e+03 +1.585019819e+03 -1.4867e+00 -1.2855e+00 -3.5620e+00 -3.8894e+00 -4.3551e+00 -4.3140e+00 +4.6220e+00 -3.8666e+00 -1.9927e+00 -4.6875e+00 -7.9166e-01 -4.2742e+00 -1.1448e+00 -3.6352e+00 -4.5961e+00 -2.9781e+00 -3.5747e+00 +1.6313e+00 +1.4364e+00 +2.5805e+00
20 +1.562572329e+03 +1.562572329e+03 +1.444542329e+03 +1.444542329e+03 -2.0549e+00 -3.6006e+00 -1.0878e+00 -2.4606e+00 +4.4344e+00 +1.9190e+00 -2.8466e+00 +3.8261e+00 -2.9703e-01 +2.2132e+00 +2.1400e+00 -3.5481e+00 -1.2901e+00 +4.6926e+00 -2.0147e+00 -4.0504e+00 +4.4652e+00 +1.8015e+00 +1.1452e+00 -1.8779e+00
32 +8.339871737e+02 +8.339871737e+02 +7.159571737e+02 +7.159571737e+02 +2.1851e+00 +4.6702e+00 -2.1852e+00 +1.0196e+00 -3.5372e+00 +3.3012e+00 +3.4466e+00 -3.6270e+00 +1.4466e+00 +2.0657e+00 +1.2679e+00 +1.4466e+00 +1.0372e+00 -2.4847e+00 -6.8208e-01 -3.6085e+00 +4.8519e-01 +1.7520e+00 -5.3605e-02 +4.1695e-01
% function evaluation | noise-free fitness - Fopt (4.816000000000e+01) | best noise-free fitness - Fopt | measured fitness | best measured fitness | x1 | x2...
1 +3.435696860e+03 +3.435696860e+03 +3.483856860e+03 +3.483856860e+03 -3.8508e+00 +3.9388e+00 -3.7118e+00 +1.0086e+00 +2.4143e+00 -4.0105e+00 +4.8673e+00 -4.2829e+00 -4.1360e-01 +1.0059e+00 +2.0284e+00 -3.5562e+00 -4.9772e+00 -3.7171e+00 +3.1422e+00 -3.4310e+00 -3.5189e+00 +1.3677e+00 -4.0555e+00 -2.5324e+00
6 +2.016563886e+03 +2.016563886e+03 +2.064723886e+03 +2.064723886e+03 -1.3098e+00 +1.2129e-01 -4.9630e+00 +3.0647e+00 -1.6498e+00 -3.0061e+00 +4.7179e+00 -4.5801e+00 +8.5051e-01 +2.8948e+00 -1.8530e+00 +4.2057e+00 +1.0360e+00 +4.7589e+00 +2.1755e+00 +4.5357e+00 -6.4408e-01 +2.9815e+00 -3.8313e+00 +4.4120e+00
21 +1.300233198e+03 +1.300233198e+03 +1.348393198e+03 +1.348393198e+03 -3.3535e+00 -4.5965e+00 +4.7695e-01 -4.1515e+00 -3.4363e+00 -2.3626e+00 +1.5083e+00 -3.7178e+00 -3.3624e+00 -3.3162e+00 +1.0954e+00 +1.4540e+00 -4.5303e+00 -2.4797e-01 +1.9994e+00 +2.6168e+00 +1.8078e+00 -1.8499e+00 -1.7282e+00 +1.2343e+00
52 +9.413873243e+02 +9.413873243e+02 +9.895473243e+02 +9.895473243e+02 +1.6859e+00 -1.5417e+00 -4.3616e+00 -6.8439e-03 -5.2381e-01 -3.7554e+00 -1.7999e+00 +5.5527e-02 -6.5281e-01 -3.5738e+00 -3.9825e+00 +1.1536e+00 -2.4629e+00 -1.4772e+00 -8.2025e-01 +2.0857e+00 +1.9073e+00 +3.9378e-01 -1.0501e+00 -4.4771e-02
% function evaluation | noise-free fitness - Fopt (8.384000000000e+01) | best noise-free fitness - Fopt | measured fitness | best measured fitness | x1 | x2...
1 +2.135065482e+03 +2.135065482e+03 +2.218905482e+03 +2.218905482e+03 -2.8491e+00 -2.7057e+00 -4.2324e+00 -2.2287e-01 -3.0728e+00 +1.2762e+00 -4.9348e+00 -3.0033e+00 -4.5106e+00 -4.9583e+00 -1.9955e-01 -4.3640e+00 +3.2227e+00 -1.5316e+00 -1.3858e+00 -3.8776e+00 -3.8110e+00 +3.9673e+00 -3.0050e+00 +3.6966e+00
4 +1.432855585e+03 +1.432855585e+03 +1.516695585e+03 +1.516695585e+03 -4.6687e+00 +4.0162e+00 -1.2708e+00 +2.4778e+00 -3.8099e+00 -4.7599e+00 +1.9886e+00 +2.7037e+00 -4.4382e+00 -3.6121e-01 -3.2151e+00 -3.1227e+00 +2.1027e+00 +2.6924e-01 +1.9322e+00 +1.2887e+00 -2.0183e+00 -3.8369e+00 -4.2384e-01 -2.0656e+00
18 +9.073678261e+02 +9.073678261e+02 +9.912078261e+02 +9.912078261e+02 -4.5695e+00 -1.4915e+00 -3.4709e+00 -4.3033e+00 +8.9042e-01 +2.4423e+00 -5.9442e-01 -1.6670e+00 +6.6464e-01 +8.3313e-01 -2.6034e+00 -1.4386e+00 -8.9707e-01 +3.2478e+00 +6.7595e-01 +4.2804e+00 -3.2159e+00 -2.6775e+00 +4.0756e-01 -3.2749e-01
% function evaluation | noise-free fitness - Fopt (1.536000000000e+01) | best noise-free fitness - Fopt | measured fitness | best measured fitness | x1 | x2...
1 +1.490443222e+03 +1.490443222e+03 +1.505803222e+03 +1.505803222e+03 +2.8826e+00 -5.4564e-02 +8.8152e-01 +7.5668e-01 +3.5294e-01 -2.5449e+00 -1.6822e+00 +1.3978e+00 +2.8909e+00 +2.4551e+00 +2.7025e+00 +3.4109e+00 +2.5489e-01 -2.9347e+00 +3.0369e+00 -5.6568e-01 -4.8841e+00 +1.1749e+00 +1.5628e+00 -3.5158e+00
35 +8.563299592e+02 +8.563299592e+02 +8.716899592e+02 +8.716899592e+02 -1.5762e+00 -3.1480e+00 +4.9386e-02 -6.2826e-01 -2.3006e+00 +1.2190e+00 +2.7013e+00 +8.6634e-01 +3.7612e-01 -2.0616e+00 +1.9620e+00 -4.3950e-01 +2.1541e-02 +2.5574e+00 +3.5966e+00 -1.7511e+00 -4.8038e+00 +4.8337e+00 +3.4615e+00 -3.8035e+00
