% function evaluation | noise-free fitness - Fopt (2.997000000000e+01) | best noise-free fitness - Fopt | measured fitness | best measured fitness | x1 | x2...
1 +2.158223244e+03 +2.158223244e+03 +2.188193244e+03 +2.188193244e+03 -2.0648e+00 +9.6689e-01 +2.9966e+00 -3.2802e+00 -2.4322e+00 -1.7511e+00 -1.8714e+00 -8.1323e-01 -2.1153e+00 +1.3261e+00
12 +1.507028932e+03 +1.507028932e+03 +1.536998932e+03 +1.536998932e+03 +1.3596e-01 +1.6800e+00 +1.6294e-01 -7.0790e-01 +3.8406e+00 +2.5433e+00 +2.5968e-01 -3.5697e+00 -3.7665e+00 +9.9353e-01
593 +9.860691661e+02 +9.860691661e+02 +1.016039166e+03 +1.016039166e+03 +1.0106e+00 -1.0634e+00 -1.9194e+00 +2.7883e-01 +1.1518e+00 +1.2264e+00 -5.0133e-01 -2.8254e+00 +6.9626e-02 +2.2173e+00
3874 +6.256633006e+02 +6.256633006e+02 +6.556333006e+02 +6.556333006e+02 +8.9599e-01 -1.5114e+00 -2.2379e+00 -6.5208e-01 +2.1558e+00 +1.3402e+00 -1.7752e+00 -2.9963e+00 +3.7277e-01 +1.4972e+00
6389 +3.965163275e+02 +3.965163275e+02 +4.264863275e+02 +4.264863275e+02 +6.0818e-01 -1.3575e+00 -2.7245e+00 -1.0499e+00 +2.5976e+00 +2.0979e+00 -2.8998e+00 -3.1168e+00 +2.8854e-01 +8.7330e-01
7909 +2.501560069e+02 +2.501560069e+02 +2.801260069e+02 +2.801260069e+02 +1.1212e+00 -1.5866e+00 -2.7732e+00 -1.1692e+00 +3.1568e+00 +2.2758e+00 -3.5089e+00 -3.1551e+00 +4.3793e-01 +4.3613e-01
9262 +1.566259033e+02 +1.566259033e+02 +1.865959033e+02 +1.865959033e+02 +1.1552e+00 -1.5895e+00 -2.8568e+00 -1.4057e+00 +3.4844e+00 +2.6181e+00 -3.8272e+00 -2.9604e+00 +4.5899e-01 -9.0263e-02
10062 +9.735415189e+01 +9.735415189e+01 +1.273241519e+02 +1.273241519e+02 +1.2439e+00 -1.6159e+00 -3.0741e+00 -1.2722e+00 +3.6736e+00 +2.7514e+00 -4.0009e+00 -2.9325e+00 +4.6533e-01 -4.7878e-01
11035 +6.067627318e+01 +6.067627318e+01 +9.064627318e+01 +9.064627318e+01 +1.3293e+00 -1.5301e+00 -3.0841e+00 -1.3124e+00 +3.9009e+00 +2.6586e+00 -4.0682e+00 -2.9365e+00 +4.0201e-01 -6.8891e-01
11448 +3.009952785e+01 +3.009952785e+01 +6.006952785e+01 +6.006952785e+01 +1.4727e+00 -1.5383e+00 -3.0065e+00 -1.2559e+00 +4.0138e+00 +2.6669e+00 -4.0505e+00 -2.8809e+00 +2.6136e-01 -9.1804e-01
% function evaluation | noise-free fitness - Fopt (-5.171000000000e+01) | best noise-free fitness - Fopt | measured fitness | best measured fitness | x1 | x2...
1 +1.990693130e+03 +1.990693130e+03 +1.938983130e+03 +1.938983130e+03 -2.3779e+00 +1.0801e+00 -2.3116e+00 -1.5648e+00 +6.2229e-01 +3.4870e+00 +3.8334e-01 -4.8707e-01 +2.3191e+00 +1.2420e+00
2 +1.565743218e+03 +1.565743218e+03 +1.514033218e+03 +1.514033218e+03 -1.3246e-01 +1.6705e+00 -7.7567e-01 +3.2814e-01 +2.3596e+00 +1.5646e+00 +3.2929e+00 +3.0710e+00 -3.1833e+00 +2.6241e+00
358 +9.986976847e+02 +9.986976847e+02 +9.469876847e+02 +9.469876847e+02 +9.6716e-01 +2.2152e+00 -2.4847e+00 -9.0828e-01 -2.2047e-01 -3.3491e+00 -1.4751e+00 -1.8635e-01 -1.9118e+00 +2.1169e+00
3227 +6.265453159e+02 +6.265453159e+02 +5.748353159e+02 +5.748353159e+02 +1.7410e+00 +2.1845e+00 -3.5973e+00 -1.7071e+00 +4.0634e-01 -3.0691e+00 -2.1600e+00 +6.1732e-01 -2.6500e+00 +2.1545e+00
5479 +3.901408609e+02 +3.901408609e+02 +3.384308609e+02 +3.384308609e+02 +2.9140e+00 +1.1975e+00 -4.7091e+00 -1.0622e+00 +8.1224e-01 +1.0917e+00 -3.8157e+00 +2.0408e+00 -1.8960e+00 -9.4528e-01
6846 +2.454287738e+02 +2.454287738e+02 +1.937187738e+02 +1.937187738e+02 +2.9030e+00 +1.3664e+00 -5.0412e+00 -1.5247e+00 +1.0802e+00 +7.5116e-01 -3.7177e+00 +2.0081e+00 -2.1019e+00 -6.6686e-01
7843 +1.552262978e+02 +1.552262978e+02 +1.035162978e+02 +1.035162978e+02 +3.0051e+00 +1.3123e+00 -4.7272e+00 -2.0549e+00 +1.2785e+00 +5.7645e-01 -3.6808e+00 +2.1393e+00 -2.3894e+00 -3.5195e-01
8493 +9.749440040e+01 +9.749440040e+01 +4.578440040e+01 +4.578440040e+01 +2.7980e+00 +1.4766e+00 -4.7360e+00 -2.2640e+00 +1.1898e+00 +4.7075e-01 -3.3675e+00 +2.0905e+00 -2.3855e+00 -2.9826e-01
9229 +5.556098312e+01 +5.556098312e+01 +3.850983123e+00 +3.850983123e+00 +2.9433e+00 +1.4709e+00 -4.7496e+00 -2.5926e+00 +1.1482e+00 +4.0519e-01 -3.3017e+00 +2.1029e+00 -2.4955e+00 -2.8232e-01
12558 +3.770691632e+01 +3.770691632e+01 -1.400308368e+01 -1.400308368e+01 +2.7320e+00 +1.4551e+00 -4.6829e+00 -2.6392e+00 +1.2319e+00 +3.8033e-01 -3.2241e+00 +2.1045e+00 -2.5836e+00 -2.0692e-01
% function evaluation | noise-free fitness - Fopt (-2.799500000000e+02) | best noise-free fitness - Fopt | measured fitness | best measured fitness | x1 | x2...
1 +1.874851080e+03 +1.874851080e+03 +1.594901080e+03 +1.594901080e+03 -3.2743e+00 +3.4719e+00 -1.6818e+00 -3.9642e+00 +3.6999e-01 -1.2712e+00 +2.1267e+00 -6.0967e-01 +3.7814e+00 -3.3272e+00
7 +1.411489141e+03 +1.411489141e+03 +1.131539141e+03 +1.131539141e+03 +1.5603e-01 -2.4670e+00 +2.7239e+00 -2.3992e+00 -2.7639e+00 +9.1676e-01 -3.5897e-01 +1.2023e+00 -1.8470e+00 +1.1144e+00
44 +8.036212792e+02 +8.036212792e+02 +5.236712792e+02 +5.236712792e+02 -3.4435e+00 +3.6759e-01 +5.0384e-01 -1.5339e+00 -3.4750e+00 -3.9190e+00 -8.4463e-01 +3.1673e+00 -1.2699e+00 -1.7835e+00
1137 +6.268913944e+02 +6.268913944e+02 +3.469413944e+02 +3.469413944e+02 -3.5366e+00 +2.5203e-01 +6.4672e-01 -1.6788e+00 -3.8801e+00 -3.5896e+00 -5.3684e-01 +2.6116e+00 -1.2384e+00 -1.4622e+00
3092 +3.946999297e+02 +3.946999297e+02 +1.147499297e+02 +1.147499297e+02 -3.9248e+00 -3.4354e-01 +7.2467e-01 -1.5098e+00 -4.3384e+00 -3.3935e+00 +7.4848e-02 +2.0623e+00 -9.6092e-01 -1.1990e+00
4611 +2.461114045e+02 +2.461114045e+02 -3.383859551e+01 -3.383859551e+01 -4.1107e+00 -9.2283e-01 +8.0204e-01 -1.1686e+00 -4.7149e+00 -2.9477e+00 +5.4229e-01 +2.0156e+00 -7.0596e-01 -1.2228e+00
5772 +1.566468832e+02 +1.566468832e+02 -1.233031168e+02 -1.233031168e+02 -4.0699e+00 -1.2061e+00 +1.2858e+00 -1.0052e+00 -4.9693e+00 -2.9176e+00 +2.7871e-01 +1.5800e+00 -2.8905e-01 -1.2446e+00
7308 +9.979364008e+01 +9.979364008e+01 -1.801563599e+02 -1.801563599e+02 -4.3554e+00 -1.2432e+00 +1.5247e+00 -8.3171e-01 -4.9092e+00 -2.8111e+00 +3.1552e-01 +1.3814e+00 +5.1849e-02 -1.2572e+00
% function evaluation | noise-free fitness - Fopt (9.319900000000e+02) | best noise-free fitness - Fopt | measured fitness | best measured fitness | x1 | x2...
1 +1.798595348e+03 +1.798595348e+03 +2.730585348e+03 +2.730585348e+03 +2.3912e-01 +3.4614e+00 -2.6839e+00 +2.9839e+00 +1.4913e-01 +2.4357e+00 -1.0597e+00 -3.4414e+00 -1.9648e-01 +3.1963e-01
9 +1.577218550e+03 +1.577218550e+03 +2.509208550e+03 +2.509208550e+03 -6.4851e-01 -3.3623e+00 -1.5821e+00 -3.3443e+00 -1.5981e+00 +2.5949e+00 +4.4366e-01 -1.1857e+00 -1.4792e+00 -2.0727e+00
74 +9.689726249e+02 +9.689726249e+02 +1.900962625e+03 +1.900962625e+03 -1.4431e+00 -9.7252e-02 +1.3059e+00 -1.7248e+00 +9.4313e-01 -1.2256e+00 -4.1448e-01 -5.8928e-01 +1.1834e+00 -3.1088e-01
3496 +6.189539715e+02 +6.189539715e+02 +1.550943972e+03 +1.550943972e+03 -8.1435e-01 -2.5141e-02 +1.9128e+00 -1.8477e+00 +1.1749e+00 -1.9073e+00 +4.0250e-01 -2.1250e+00 +2.4821e-01 +6.4984e-01
6249 +3.930771382e+02 +3.930771382e+02 +1.325067138e+03 +1.325067138e+03 -6.1614e-01 +4.5216e-01 +2.0621e+00 -1.4873e+00 +1.1922e+00 -2.4959e+00 +1.3648e+00 -3.0662e+00 +1.1012e-01 +1.3313e+00
8143 +2.473464645e+02 +2.473464645e+02 +1.179336465e+03 +1.179336465e+03 -3.8888e-01 +1.1557e+00 +2.4079e+00 -1.4257e+00 +1.4495e+00 -2.6330e+00 +1.8219e+00 -3.6360e+00 -4.8131e-01 +1.7547e+00
9651 +1.564693590e+02 +1.564693590e+02 +1.088459359e+03 +1.088459359e+03 -9.0873e-02 +1.1164e+00 +2.3703e+00 -1.1657e+00 +1.3011e+00 -2.6171e+00 +2.2385e+00 -4.0533e+00 -8.3176e-01 +1.9376e+00
10315 +9.540315880e+01 +9.540315880e+01 +1.027393159e+03 +1.027393159e+03 +2.6253e-01 +1.0363e+00 +2.4028e+00 -1.1745e+00 +1.3942e+00 -2.5278e+00 +2.2627e+00 -4.2474e+00 -1.1188e+00 +2.1916e+00
11292 +5.811082930e+01 +5.811082930e+01 +9.901008293e+02 +9.901008293e+02 +3.0515e-01 +1.0223e+00 +2.4431e+00 -9.4678e-01 +1.2854e+00 -2.4589e+00 +2.4458e+00 -4.2679e+00 -1.3133e+00 +2.3584e+00
12197 +3.006874334e+01 +3.006874334e+01 +9.620587433e+02 +9.620587433e+02 +9.0972e-01 +9.8440e-01 +2.7701e+00 -7.6142e-01 +1.8947e+00 -2.5313e+00 +2.5558e+00 -3.8776e+00 -1.5499e+00 +2.3159e+00
13720 +2.366823073e+01 +2.366823073e+01 +9.556582307e+02 +9.556582307e+02 +8.5410e-01 +1.0642e+00 +2.7430e+00 -7.4445e-01 +1.9328e+00 -2.5216e+00 +2.6089e+00 -4.0667e+00 -1.5766e+00 +2.2622e+00
% function evaluation | noise-free fitness - Fopt (1.133100000000e+02) | best noise-free fitness - Fopt | measured fitness | best measured fitness | x1 | x2...
1 +1.315603588e+03 +1.315603588e+03 +1.428913588e+03 +1.428913588e+03 +2.0086e+00 +7.8234e-01 -8.5116e-01 -9.8296e-01 +2.8580e+00 -4.8136e-01 +2.1157e+00 +3.8085e-01 -3.3818e+00 -9.5110e-01
4 +9.753965677e+02 +9.753965677e+02 +1.088706568e+03 +1.088706568e+03 +3.9305e+00 +2.7752e+00 +3.6432e+00 +1.0582e+00 -1.6437e+00 +6.5128e-01 -2.5425e+00 -6.0173e-01 +3.4714e+00 +2.0108e+00
152 +5.919193255e+02 +5.919193255e+02 +7.052293255e+02 +7.052293255e+02 -8.8126e-02 +3.0251e+00 -1.9512e+00 +1.9983e-01 +2.3774e+00 -1.6114e+00 +8.9394e-01 -6.8138e-01 +1.8236e+00 -1.3145e+00
1191 +3.942056998e+02 +3.942056998e+02 +5.075156998e+02 +5.075156998e+02 +9.9674e-01 +2.7696e+00 -1.9874e+00 +2.0942e-01 +2.2621e+00 -1.5196e+00 -1.7336e-01 -8.6003e-01 +2.3465e+00 -1.0039e+00
3042 +2.494802135e+02 +2.494802135e+02 +3.627902135e+02 +3.627902135e+02 +1.1817e+00 +2.4580e+00 -1.3956e+00 +4.4931e-01 +2.2681e+00 -1.6008e+00 -3.7232e-01 -1.3659e+00 +2.6088e+00 -8.1441e-01
3832 +1.540218602e+02 +1.540218602e+02 +2.673318602e+02 +2.673318602e+02 +1.6602e+00 +2.3599e+00 -1.0123e+00 +7.3806e-01 +1.9576e+00 -1.7979e+00 -2.5138e-01 -1.5854e+00 +2.6248e+00 -7.4148e-01
4688 +9.780844378e+01 +9.780844378e+01 +2.111184438e+02 +2.111184438e+02 +1.7738e+00 +2.4826e+00 -8.7342e-01 +8.4131e-01 +2.1753e+00 -1.7230e+00 -4.5522e-01 -1.4515e+00 +2.7947e+00 -5.7745e-01
5346 +6.246277563e+01 +6.246277563e+01 +1.757727756e+02 +1.757727756e+02 +1.9786e+00 +2.5254e+00 -8.7705e-01 +9.5318e-01 +2.1103e+00 -1.5143e+00 -5.7497e-01 -1.3948e+00 +2.9263e+00 -3.7471e-01
6718 +3.855079868e+01 +3.855079868e+01 +1.518607987e+02 +1.518607987e+02 +2.0599e+00 +2.5450e+00 -6.8482e-01 +1.0425e+00 +1.9375e+00 -1.4372e+00 -5.1862e-01 -1.4741e+00 +2.9469e+00 -2.7959e-01
7800 +2.458399795e+01 +2.458399795e+01 +1.378939979e+02 +1.378939979e+02 +2.1588e+00 +3.0592e+00 +3.6062e-01 +6.1613e-01 +9.6055e-01 -9.9960e-01 -5.0766e-01 -1.6995e+00 +3.0585e+00 -6.7817e-01
% function evaluation | noise-free fitness - Fopt (-9.519000000000e+01) | best noise-free fitness - Fopt | measured fitness | best measured fitness | x1 | x2...
1 +2.162922548e+03 +2.162922548e+03 +2.067732548e+03 +2.067732548e+03 +4.8937e-01 +1.4956e+00 -3.1319e-01 +2.5238e+00 -2.2332e+00 +9.6150e-01 -7.5485e-01 +3.7259e+00 +2.1855e+00 -2.4880e+00
3 +1.464210988e+03 +1.464210988e+03 +1.369020988e+03 +1.369020988e+03 +1.8038e+00 -2.7353e+00 -3.6622e+00 +3.1603e+00 -3.4597e+00 -2.5432e+00 +1.7544e+00 -2.1914e+00 +3.9297e+00 -1.2883e+00
38 +8.909464924e+02 +8.909464924e+02 +7.957564924e+02 +7.957564924e+02 +3.5387e+00 -2.7729e+00 -2.3109e+00 -3.9208e+00 -2.3843e+00 -1.1949e+00 -1.6968e+00 +4.2906e-01 -2.4827e+00 +2.4562e+00
3179 +6.283662492e+02 +6.283662492e+02 +5.331762492e+02 +5.331762492e+02 +2.3795e+00 -2.4319e+00 -2.2779e+00 -3.3197e+00 -2.9759e+00 -2.5038e+00 -6.4462e-01 +2.2881e-01 -2.2337e+00 +1.6606e+00
6374 +3.970051442e+02 +3.970051442e+02 +3.018151442e+02 +3.018151442e+02 +1.5690e+00 -1.8352e+00 -1.8837e+00 -2.5141e+00 -3.7138e+00 -1.5250e+00 -7.8435e-01 -2.9782e+00 +5.2358e-01 -3.0846e-01
8492 +2.479329091e+02 +2.479329091e+02 +1.527429091e+02 +1.527429091e+02 +1.5093e+00 -1.6897e+00 -2.0292e+00 -3.2116e+00 -3.8009e+00 -2.5364e+00 -2.0648e+00 -1.5451e+00 -1.8813e+00 -2.9998e-01
9994 +1.577290590e+02 +1.577290590e+02 +6.253905898e+01 +6.253905898e+01 +1.4078e+00 -1.4488e+00 -1.8597e+00 -3.0247e+00 -3.7521e+00 -2.3021e+00 -2.6687e+00 -1.9662e+00 -1.7145e+00 -5.5984e-01
11040 +9.542289711e+01 +9.542289711e+01 +2.328971050e-01 +2.328971050e-01 +1.1714e+00 -5.8390e-01 -2.2159e+00 -2.9361e+00 -3.2524e+00 -2.0301e+00 -2.3393e+00 -3.5429e+00 -1.1054e+00 -7.9024e-01
11557 +6.197710318e+01 +6.197710318e+01 -3.321289682e+01 -3.321289682e+01 +1.1410e+00 -3.4319e-01 -2.1085e+00 -2.9969e+00 -3.2056e+00 -2.1194e+00 -2.6786e+00 -3.4561e+00 -1.2541e+00 -7.8809e-01
12550 +3.511397884e+01 +3.511397884e+01 -6.007602116e+01 -6.007602116e+01 +1.2802e+00 -3.1930e-01 -2.1620e+00 -2.9650e+00 -3.2006e+00 -2.2694e+00 -2.8011e+00 -3.3218e+00 -1.5408e+00 -9.2094e-01
13070 +2.488529804e+01 +2.488529804e+01 -7.030470196e+01 -7.030470196e+01 +1.1295e+00 -2.4606e-01 -2.1598e+00 -3.0243e+00 -3.1774e+00 -2.3289e+00 -2.9608e+00 -3.4342e+00 -1.5242e+00 -9.9167e-01
% function evaluation | noise-free fitness - Fopt (-7.663000000000e+01) | best noise-free fitness - Fopt | measured fitness | best measured fitness | x1 | x2...
1 +3.007116687e+03 +3.007116687e+03 +2.930486687e+03 +2.930486687e+03 -2.5152e+00 +2.6457e+00 -2.0192e+00 +1.9334e+00 +1.2041e+00 +3.2769e+00 +2.8015e+00 +3.9903e+00 +3.6066e+00 -1.7610e+00
5 +1.959278004e+03 +1.959278004e+03 +1.882648004e+03 +1.882648004e+03 -1.4247e-01 +2.9916e+00 -3.2317e+00 -2.7457e+00 +6.2251e-01 +2.4497e+00 -2.2045e+00 -6.5142e-01 +1.0976e+00 +1.7065e+00
14 +1.294087583e+03 +1.294087583e+03 +1.217457583e+03 +1.217457583e+03 -1.7075e+00 +4.9068e-01 +3.8693e+00 +9.1553e-02 +2.8856e+00 +3.7176e+00 -2.2474e+00 +6.6336e-01 +3.7816e+00 +1.5702e-02
160 +9.672867161e+02 +9.672867161e+02 +8.906567161e+02 +8.906567161e+02 -8.3114e-01 -1.6655e+00 +3.3609e+00 -5.2198e-01 +2.2776e+00 +3.6380e+00 -2.0578e+00 +9.5035e-01 +2.3690e+00 -2.9938e-01
2365 +6.307272871e+02 +6.307272871e+02 +5.540972871e+02 +5.540972871e+02 +1.5687e-01 -2.7398e+00 +1.7897e+00 -2.4637e+00 +1.5126e+00 +2.3084e+00 -1.8310e+00 +6.5631e-01 +4.8484e-01 +1.5169e+00
3879 +3.841685198e+02 +3.841685198e+02 +3.075385198e+02 +3.075385198e+02 -4.9583e-01 -2.9409e+00 +2.1601e+00 -2.7480e+00 +1.6774e+00 +2.5999e+00 -2.3376e+00 +9.3640e-01 +4.1455e-01 +1.8282e+00
4991 +2.391846002e+02 +2.391846002e+02 +1.625546002e+02 +1.625546002e+02 -7.6172e-01 -3.0967e+00 +2.6078e+00 -3.0111e+00 +1.7363e+00 +2.7682e+00 -2.5047e+00 +1.0125e+00 +3.2071e-01 +2.1202e+00
5397 +1.544462798e+02 +1.544462798e+02 +7.781627984e+01 +7.781627984e+01 -1.1351e+00 -3.2234e+00 +2.6606e+00 -3.0294e+00 +1.7308e+00 +2.8685e+00 -2.3997e+00 +1.2746e+00 -2.1809e-02 +2.0527e+00
6249 +9.637470496e+01 +9.637470496e+01 +1.974470496e+01 +1.974470496e+01 -1.1882e+00 -3.1869e+00 +2.9288e+00 -3.2796e+00 +1.9012e+00 +2.9283e+00 -2.4766e+00 +1.1912e+00 -2.0810e-01 +2.1550e+00
6782 +5.505403105e+01 +5.505403105e+01 -2.157596895e+01 -2.157596895e+01 -1.2398e+00 -3.0250e+00 +3.0767e+00 -3.3958e+00 +1.7422e+00 +3.1253e+00 -2.4066e+00 +1.1550e+00 -1.8418e-01 +2.0600e+00
7303 +3.873127466e+01 +3.873127466e+01 -3.789872534e+01 -3.789872534e+01 -1.3027e+00 -2.8628e+00 +3.0993e+00 -3.4019e+00 +1.7012e+00 +3.2170e+00 -2.5304e+00 +1.1407e+00 -2.0164e-01 +2.2640e+00
7751 +2.342935414e+01 +2.342935414e+01 -5.320064586e+01 -5.320064586e+01 -1.3503e+00 -2.7553e+00 +3.0577e+00 -3.3286e+00 +1.7167e+00 +3.2593e+00 -2.4003e+00 +1.1965e+00 -2.0334e-01 +2.2917e+00
14665 +1.008355539e+01 +1.008355539e+01 -6.654644461e+01 -6.654644461e+01 -1.4348e+00 -2.6333e+00 +3.8452e+00 -2.4726e+00 +2.1722e+00 +3.9139e+00 -1.9547e+00 +1.4259e+00 +6.9935e-01 +2.9234e+00
% function evaluation | noise-free fitness - Fopt (1.152600000000e+02) | best noise-free fitness - Fopt | measured fitness | best measured fitness | x1 | x2...
1 +2.325568793e+03 +2.325568793e+03 +2.440828793e+03 +2.440828793e+03 -3.1915e+00 -9.5469e-01 +1.1990e+00 +2.5289e+00 -3.6288e+00 -2.5985e+00 -2.9069e+00 -1.9157e+00 -7.8616e-01 +3.1382e+00
11 +9.413865971e+02 +9.413865971e+02 +1.056646597e+03 +1.056646597e+03 +1.3818e+00 -4.0663e-01 -1.1916e+00 +2.5274e+00 +3.7628e+00 +2.4937e+00 -3.6998e+00 -1.4297e+00 +6.0281e-01 +2.5260e+00
1199 +6.292031499e+02 +6.292031499e+02 +7.444631499e+02 +7.444631499e+02 +2.3764e+00 -2.3861e+00 +6.2482e-01 +3.2819e+00 +2.1758e+00 +1.1275e+00 -2.3955e+00 -1.1523e+00 -2.1548e+00 +1.7163e+00
3308 +3.978083066e+02 +3.978083066e+02 +5.130683066e+02 +5.130683066e+02 +1.9283e+00 -2.9484e+00 +3.1022e-01 +3.1819e+00 +2.7253e+00 +1.4055e+00 -2.6621e+00 -1.2943e+00 -2.8306e+00 +1.9684e+00
4565 +2.470469498e+02 +2.470469498e+02 +3.623069498e+02 +3.623069498e+02 +1.8653e+00 -3.2566e+00 +2.0013e-01 +3.1048e+00 +3.0137e+00 +1.6495e+00 -3.0151e+00 -9.0808e-01 -3.1918e+00 +2.4425e+00
5333 +1.553107516e+02 +1.553107516e+02 +2.705707516e+02 +2.705707516e+02 +1.6307e+00 -3.5038e+00 +3.5342e-02 +3.2119e+00 +3.2046e+00 +1.6837e+00 -3.0412e+00 -6.8376e-01 -3.2980e+00 +2.7885e+00
6061 +8.819784715e+01 +8.819784715e+01 +2.034578472e+02 +2.034578472e+02 +1.7717e+00 -3.6624e+00 -9.2197e-02 +3.2977e+00 +3.3566e+00 +1.8007e+00 -2.9583e+00 -8.7792e-01 -3.5289e+00 +2.9759e+00
6582 +5.827319508e+01 +5.827319508e+01 +1.735331951e+02 +1.735331951e+02 +1.8333e+00 -3.6913e+00 +1.9899e-01 +3.3428e+00 +3.5420e+00 +1.7708e+00 -3.1057e+00 -8.3678e-01 -3.8041e+00 +3.1644e+00
7584 +3.773874576e+01 +3.773874576e+01 +1.529987458e+02 +1.529987458e+02 +1.8309e+00 -3.8584e+00 +4.1444e-01 +3.4140e+00 +3.5188e+00 +1.6957e+00 -3.0947e+00 -6.9733e-01 -3.8329e+00 +3.3075e+00
10180 +2.389710222e+01 +2.389710222e+01 +1.391571022e+02 +1.391571022e+02 +1.6002e+00 -3.7581e+00 -1.1690e-01 +3.4554e+00 +3.3339e+00 +2.0922e+00 -2.8305e+00 -9.0733e-01 -3.5137e+00 +3.6156e+00
% function evaluation | noise-free fitness - Fopt (-1.000000000000e-01) | best noise-free fitness - Fopt | measured fitness | best measured fitness | x1 | x2...
1 +1.373175204e+03 +1.373175204e+03 +1.373075204e+03 +1.373075204e+03 +1.1844e+00 -1.8581e+00 +3.7427e+00 -2.6921e+00 -2.8752e+00 -1.1252e+00 -4.6737e-01 -1.0748e+00 -1.8897e+00 +1.8829e+00
866 +9.908910907e+02 +9.908910907e+02 +9.907910907e+02 +9.907910907e+02 +3.7393e+00 -2.3248e+00 +5.0273e-01 +3.4314e+00 +2.7344e-02 +2.9677e-01 +6.8212e-01 +3.6213e+00 +3.6655e+00 +6.4894e-01
3508 +6.256130794e+02 +6.256130794e+02 +6.255130794e+02 +6.255130794e+02 +4.2699e+00 -1.3702e+00 +7.3748e-01 +2.4974e+00 -6.8259e-01 -6.1713e-01 -1.5101e-01 +3.7571e+00 +3.1722e+00 +1.1769e+00
6378 +3.960993659e+02 +3.960993659e+02 +3.959993659e+02 +3.959993659e+02 +4.1800e+00 -9.5168e-01 +9.7104e-01 +1.6726e+00 -1.0472e+00 -1.8395e+00 -6.2412e-01 +3.7525e+00 +3.2148e+00 +1.8847e+00
8272 +2.476801249e+02 +2.476801249e+02 +2.475801249e+02 +2.475801249e+02 +3.8092e+00 -1.2257e+00 +1.1175e+00 +9.6082e-01 -7.4194e-01 -2.3522e+00 -9.2969e-01 +3.9544e+00 +3.1889e+00 +2.5391e+00
9782 +1.563041066e+02 +1.563041066e+02 +1.562041066e+02 +1.562041066e+02 +3.8474e+00 -1.4091e+00 +1.2223e+00 +4.6734e-01 -4.1854e-01 -2.6170e+00 -9.4716e-01 +4.0652e+00 +3.4841e+00 +2.9794e+00
10800 +9.574839521e+01 +9.574839521e+01 +9.564839521e+01 +9.564839521e+01 +3.7524e+00 -1.2925e+00 +1.3149e+00 +2.7742e-01 -1.8157e-01 -2.9269e+00 -1.1255e+00 +4.0435e+00 +3.2973e+00 +3.3017e+00
11424 +5.620478225e+01 +5.620478225e+01 +5.610478225e+01 +5.610478225e+01 +3.7166e+00 -1.4683e+00 +1.5238e+00 +9.9108e-02 -1.1967e-01 -3.0166e+00 -1.1489e+00 +4.0433e+00 +3.3679e+00 +3.4720e+00
12306 +3.943066661e+01 +3.943066661e+01 +3.933066661e+01 +3.933066661e+01 +3.6029e+00 -1.5314e+00 +1.6088e+00 +5.3264e-02 -4.2780e-02 -3.1022e+00 -1.1963e+00 +4.0031e+00 +3.2529e+00 +3.6970e+00
12422 +1.910224575e+01 +1.910224575e+01 +1.900224575e+01 +1.900224575e+01 +3.7053e+00 -1.5191e+00 +1.5865e+00 +5.7533e-02 +9.0368e-02 -3.1538e+00 -1.2776e+00 +4.0790e+00 +3.3068e+00 +3.6612e+00
% function evaluation | noise-free fitness - Fopt (-1.502400000000e+02) | best noise-free fitness - Fopt | measured fitness | best measured fitness | x1 | x2...
1 +2.079741197e+03 +2.079741197e+03 +1.929501197e+03 +1.929501197e+03 +9.7910e-01 +1.5132e+00 -2.0685e+00 -3.7181e+00 +1.7699e+00 +1.4608e+00 +8.1091e-01 -1.7528e+00 -9.9929e-01 -2.2251e-01
10 +1.454522464e+03 +1.454522464e+03 +1.304282464e+03 +1.304282464e+03 +3.2790e+00 -3.5763e+00 +3.7218e-01 +7.2420e-01 +1.8902e+00 -2.6578e+00 -3.6514e-01 -1.2753e+00 +1.0034e-01 -3.6925e+00
109 +8.524458598e+02 +8.524458598e+02 +7.022058598e+02 +7.022058598e+02 +1.0764e+00 -2.5341e+00 -3.1222e-01 +1.2621e+00 -2.4432e+00 -1.7360e+00 +2.7299e+00 +1.4761e+00 -1.7423e+00 +3.2966e+00
1299 +6.214017997e+02 +6.214017997e+02 +4.711617997e+02 +4.711617997e+02 +1.3017e+00 -2.7198e+00 -7.3787e-01 +9.5115e-01 -2.7387e+00 -1.5702e+00 +2.1829e+00 +1.1566e+00 -2.2647e+00 +3.0789e+00
3406 +3.939010402e+02 +3.939010402e+02 +2.436610402e+02 +2.436610402e+02 +1.3081e+00 -3.0918e+00 -1.4349e+00 +1.4186e+00 -2.4859e+00 -1.4888e+00 +1.8047e+00 +1.3913e+00 -2.8007e+00 +2.5891e+00
5168 +2.446302587e+02 +2.446302587e+02 +9.439025873e+01 +9.439025873e+01 +1.3787e+00 -3.0157e+00 -1.7865e+00 +1.7339e+00 -2.8521e+00 -1.6297e+00 +1.2562e+00 +1.6524e+00 -3.2436e+00 +2.2801e+00
6287 +1.527508265e+02 +1.527508265e+02 +2.510826535e+00 +2.510826535e+00 +1.2258e+00 -3.1580e+00 -1.9034e+00 +2.0030e+00 -2.5781e+00 -1.7982e+00 +1.0130e+00 +1.8625e+00 -3.5878e+00 +2.0307e+00
7075 +9.921754542e+01 +9.921754542e+01 -5.102245458e+01 -5.102245458e+01 +9.1500e-01 -3.1402e+00 -2.0857e+00 +2.1806e+00 -2.4682e+00 -1.8319e+00 +8.0233e-01 +1.9629e+00 -3.5320e+00 +1.8037e+00
8200 +4.912339290e+01 +4.912339290e+01 -1.011166071e+02 -1.011166071e+02 +7.8871e-01 -3.2518e+00 -2.3033e+00 +2.4706e+00 -2.4002e+00 -1.8983e+00 +8.7486e-01 +2.0083e+00 -3.6987e+00 +1.8128e+00
8590 +3.068776250e+01 +3.068776250e+01 -1.195522375e+02 -1.195522375e+02 +7.3778e-01 -3.3270e+00 -2.4146e+00 +2.4598e+00 -2.3626e+00 -1.9379e+00 +8.7855e-01 +2.0977e+00 -3.7055e+00 +1.8523e+00
12623 +2.419006672e+01 +2.419006672e+01 -1.260499333e+02 -1.260499333e+02 +1.3550e+00 -3.8936e+00 -2.8301e+00 +1.6832e+00 -1.6183e+00 -2.3641e+00 +1.1509e+00 +3.0683e+00 -2.9239e+00 +5.5202e-01
% function evaluation | noise-free fitness - Fopt (7.470000000000e+01) | best noise-free fitness - Fopt | measured fitness | best measured fitness | x1 | x2...
1 +1.891560401e+03 +1.891560401e+03 +1.966260401e+03 +1.966260401e+03 -5.1297e-01 +3.5058e-01 -3.6211e+00 -1.5117e+00 +3.9203e+00 -2.3921e+00 -1.9861e+00 +2.2317e+00 -1.3321e+00 -1.6798e+00
6 +1.020556303e+03 +1.020556303e+03 +1.095256303e+03 +1.095256303e+03 +2.2258e+00 +1.2365e+00 +2.7318e-01 -1.1539e+00 -2.8208e+00 -2.1247e+00 -2.7195e+00 -1.5016e+00 -1.3722e+00 -1.0896e+00
17 +9.450970451e+02 +9.450970451e+02 +1.019797045e+03 +1.019797045e+03 +3.7512e+00 -8.1226e-02 +1.6798e+00 +3.8252e+00 +2.1737e-01 -2.2159e+00 -3.7275e+00 -3.1042e+00 -1.7644e+00 -1.0258e+00
1125 +6.305716250e+02 +6.305716250e+02 +7.052716250e+02 +7.052716250e+02 +2.6516e+00 +1.1394e+00 +2.4695e+00 -9.8156e-01 -4.1293e-01 -2.0369e+00 -7.5754e-01 +2.4560e-01 -6.6343e-01 -1.4738e+00
3616 +3.881397372e+02 +3.881397372e+02 +4.628397372e+02 +4.628397372e+02 +3.3236e+00 +1.2392e+00 +2.7275e+00 -1.3291e+00 -9.6466e-01 -2.6836e+00 -1.6208e+00 +5.0349e-01 -1.2543e+00 -1.8452e+00
5393 +2.506225732e+02 +2.506225732e+02 +3.253225732e+02 +3.253225732e+02 +3.5238e+00 +1.9981e+00 +3.0047e+00 -1.3958e+00 -8.9648e-01 -3.1837e+00 -2.2114e+00 +7.7637e-01 -1.7462e+00 -1.9286e+00
6763 +1.534039993e+02 +1.534039993e+02 +2.281039993e+02 +2.281039993e+02 +3.4484e+00 +2.5477e+00 +3.0380e+00 -1.7388e+00 -9.0214e-01 -3.3179e+00 -2.7575e+00 +9.7779e-01 -2.0752e+00 -1.9583e+00
7770 +9.446015248e+01 +9.446015248e+01 +1.691601525e+02 +1.691601525e+02 +3.3452e+00 +2.8753e+00 +3.0130e+00 -1.6033e+00 -6.3634e-01 -3.4031e+00 -3.0581e+00 +1.0147e+00 -2.2953e+00 -2.0150e+00
8402 +5.670693734e+01 +5.670693734e+01 +1.314069373e+02 +1.314069373e+02 +3.3616e+00 +3.2111e+00 +3.0337e+00 -1.7109e+00 -6.6899e-01 -3.3685e+00 -3.2173e+00 +1.2823e+00 -2.4878e+00 -2.0989e+00
9135 +3.776697250e+01 +3.776697250e+01 +1.124669725e+02 +1.124669725e+02 +3.3104e+00 +3.4083e+00 +3.0234e+00 -1.5714e+00 -6.6350e-01 -3.4564e+00 -3.4176e+00 +1.2234e+00 -2.5531e+00 -2.2559e+00
9405 +2.238407701e+01 +2.238407701e+01 +9.708407701e+01 +9.708407701e+01 +3.3133e+00 +3.3674e+00 +2.9162e+00 -1.6185e+00 -6.0855e-01 -3.4397e+00 -3.4472e+00 +1.1180e+00 -2.4903e+00 -2.1168e+00
11181 +1.336362514e+01 +1.336362514e+01 +8.806362514e+01 +8.806362514e+01 +3.2702e+00 +3.4739e+00 +3.0444e+00 -1.6882e+00 -6.6193e-01 -3.6443e+00 -3.3302e+00 +1.2445e+00 -2.5304e+00 -2.1222e+00
% function evaluation | noise-free fitness - Fopt (-8.478000000000e+01) | best noise-free fitness - Fopt | measured fitness | best measured fitness | x1 | x2...
1 +1.881725473e+03 +1.881725473e+03 +1.796945473e+03 +1.796945473e+03 +7.6289e-02 -1.3131e+00 -2.6846e+00 -1.6736e+00 -5.6374e-01 -6.6901e-02 +3.2690e+00 -3.9893e+00 +2.0761e+00 -3.5453e+00
14 +1.199160783e+03 +1.199160783e+03 +1.114380783e+03 +1.114380783e+03 +3.2295e+00 +1.1207e+00 +2.2000e+00 +3.6660e+00 -1.0961e+00 -3.4362e+00 -1.2882e+00 +9.0859e-01 +3.0399e+00 -2.3125e-01
21 +9.271782944e+02 +9.271782944e+02 +8.423982944e+02 +8.423982944e+02 +3.0281e+00 +1.5258e+00 +2.2023e+00 +2.6489e+00 -1.3242e+00 -4.9511e-01 +4.3912e-01 -1.5009e+00 +3.0149e+00 +2.5547e-01
2246 +6.233476055e+02 +6.233476055e+02 +5.385676055e+02 +5.385676055e+02 +2.5988e+00 +1.2261e+00 -1.9243e-01 +1.7899e-01 +8.1183e-01 -5.5192e-01 +4.2199e-01 -9.1666e-01 +3.3012e+00 -1.9690e+00
4263 +3.948410601e+02 +3.948410601e+02 +3.100610601e+02 +3.100610601e+02 +2.9778e+00 +1.4246e+00 +3.3741e-01 -1.7222e-01 +1.3840e+00 -6.0977e-01 +1.0315e-01 -1.6491e+00 +3.1816e+00 -1.5153e+00
5783 +2.493933720e+02 +2.493933720e+02 +1.646133720e+02 +1.646133720e+02 +3.5993e+00 +1.3239e+00 +4.6424e-01 -3.9972e-01 +1.6883e+00 -3.5818e-01 -1.4977e-01 -2.1489e+00 +3.3977e+00 -1.1655e+00
6784 +1.522663340e+02 +1.522663340e+02 +6.748633399e+01 +6.748633399e+01 +3.6126e+00 +1.2828e+00 +8.5349e-01 -7.1443e-01 +1.8415e+00 -5.8388e-01 -5.5126e-01 -2.3320e+00 +3.5323e+00 -8.9766e-01
7764 +9.673475007e+01 +9.673475007e+01 +1.195475007e+01 +1.195475007e+01 +3.6837e+00 +1.3968e+00 +9.0971e-01 -9.5492e-01 +1.8502e+00 -8.0383e-01 -8.2470e-01 -2.3520e+00 +3.5572e+00 -7.1880e-01
8410 +6.067974678e+01 +6.067974678e+01 -2.410025322e+01 -2.410025322e+01 +3.6494e+00 +1.5356e+00 +8.5332e-01 -1.0979e+00 +1.8805e+00 -9.7405e-01 -1.0289e+00 -2.4235e+00 +3.6697e+00 -7.5263e-01
9272 +3.692949127e+01 +3.692949127e+01 -4.785050873e+01 -4.785050873e+01 +3.6313e+00 +1.4916e+00 +9.4241e-01 -1.0309e+00 +1.9085e+00 -8.5735e-01 -1.3407e+00 -2.4956e+00 +3.7311e+00 -6.8119e-01
12112 +2.508225356e+01 +2.508225356e+01 -5.969774644e+01 -5.969774644e+01 +3.7557e+00 +1.8484e+00 +1.0676e+00 -1.1779e+00 +1.8287e+00 -1.2520e+00 -1.4700e+00 -2.3992e+00 +3.5601e+00 -7.5188e-01
13247 +1.583120884e+01 +1.583120884e+01 -6.894879116e+01 -6.894879116e+01 +3.7379e+00 +2.2116e+00 +1.1956e+00 -1.2158e+00 +1.6770e+00 -1.6928e+00 -1.4199e+00 -2.4402e+00 +3.4996e+00 -7.0694e-01
% function evaluation | noise-free fitness - Fopt (1.620500000000e+02) | best noise-free fitness - Fopt | measured fitness | best measured fitness | x1 | x2...
1 +1.664208928e+03 +1.664208928e+03 +1.826258928e+03 +1.826258928e+03 +6.2195e-02 -2.0677e+00 +3.6536e+00 +2.5613e+00 -3.6209e+00 -3.5378e+00 +2.7794e+00 +1.6247e+00 -2.4300e+00 +3.5800e+00
5 +1.296811065e+03 +1.296811065e+03 +1.458861065e+03 +1.458861065e+03 +1.5511e+00 +3.5230e-01 +8.6663e-01 +3.4985e+00 +3.0335e+00 -3.3559e+00 -2.6713e+00 -1.3253e+00 -3.0277e+00 +3.6884e-01
31 +6.648973466e+02 +6.648973466e+02 +8.269473466e+02 +8.269473466e+02 +2.0596e+00 -7.2734e-01 +4.2954e-01 +3.1543e+00 +3.0294e+00 -3.2755e+00 +5.6114e-01 -1.2236e+00 -3.2211e+00 +1.7767e+00
225 +5.577344185e+02 +5.577344185e+02 +7.197844185e+02 +7.197844185e+02 -4.1918e-02 -3.6288e+00 +3.1641e+00 +1.5652e+00 +3.0338e+00 -1.5782e+00 +1.6125e+00 +2.4774e-01 +9.6432e-01 +2.0122e+00
1584 +3.963613076e+02 +3.963613076e+02 +5.584113076e+02 +5.584113076e+02 +3.3568e-01 -4.0079e+00 +3.0613e+00 +1.8031e+00 +3.4134e+00 -1.8670e+00 +1.9628e+00 +7.2082e-02 -3.0925e-01 +1.9107e+00
2753 +2.462957304e+02 +2.462957304e+02 +4.083457304e+02 +4.083457304e+02 +7.7857e-01 -3.9845e+00 +3.2283e+00 +1.8525e+00 +3.8183e+00 -2.0498e+00 +1.6791e+00 -2.9199e-01 -6.3176e-01 +1.4204e+00
4001 +1.472747120e+02 +1.472747120e+02 +3.093247120e+02 +3.093247120e+02 +1.0228e+00 -4.2030e+00 +3.2460e+00 +1.9172e+00 +4.3218e+00 -2.2576e+00 +1.3224e+00 -6.6352e-01 -5.5571e-01 +1.2575e+00
4880 +9.973064769e+01 +9.973064769e+01 +2.617806477e+02 +2.617806477e+02 +1.1657e+00 -4.3420e+00 +3.3427e+00 +1.8960e+00 +4.3963e+00 -2.4822e+00 +1.2954e+00 -5.7818e-01 -6.1699e-01 +1.1005e+00
5512 +6.246796563e+01 +6.246796563e+01 +2.245179656e+02 +2.245179656e+02 +1.3029e+00 -4.2408e+00 +3.5026e+00 +2.0992e+00 +4.5220e+00 -2.6495e+00 +1.2229e+00 -5.5316e-01 -6.5179e-01 +1.0223e+00
7586 +3.980435413e+01 +3.980435413e+01 +2.018543541e+02 +2.018543541e+02 +3.3701e+00 -2.8950e+00 +1.8274e+00 +4.1759e+00 +3.4392e+00 -3.5513e+00 +2.4212e+00 -5.4663e-01 -1.7768e+00 +6.1752e-01
10864 +2.464640958e+01 +2.464640958e+01 +1.866964096e+02 +1.866964096e+02 +3.0709e+00 -3.2214e+00 +2.2719e+00 +3.7615e+00 +3.6787e+00 -3.2580e+00 +2.1319e+00 -6.6018e-01 -1.4897e+00 +7.1914e-01
% function evaluation | noise-free fitness - Fopt (-3.549000000000e+01) | best noise-free fitness - Fopt | measured fitness | best measured fitness | x1 | x2...
1 +2.189170723e+03 +2.189170723e+03 +2.153680723e+03 +2.153680723e+03 -1.7540e-01 -7.2553e-01 -6.4713e-01 +3.1434e+00 -2.3104e+00 -8.9719e-01 -2.2192e+00 -1.0810e+00 -4.6627e-01 +3.9310e+00
47 +1.530150178e+03 +1.530150178e+03 +1.494660178e+03 +1.494660178e+03 -2.3353e+00 -2.2758e+00 +1.6838e+00 +2.6864e+00 +2.3686e+00 -1.3129e+00 +2.0769e+00 -3.7254e+00 -3.9981e+00 +3.3767e+00
81 +7.104348829e+02 +7.104348829e+02 +6.749448829e+02 +6.749448829e+02 -1.5084e+00 -7.9803e-01 -4.4584e-01 +2.3406e+00 +3.3032e+00 -1.0045e+00 +2.8592e+00 -2.9290e+00 +2.9621e+00 +3.8189e+00
610 +6.297141495e+02 +6.297141495e+02 +5.942241495e+02 +5.942241495e+02 -1.7078e+00 -1.0341e+00 -6.6576e-01 +2.5264e+00 +3.2742e+00 -7.6061e-01 +2.8463e+00 -2.9210e+00 +2.8408e+00 +3.6343e+00
2249 +3.878640854e+02 +3.878640854e+02 +3.523740854e+02 +3.523740854e+02 -1.4964e+00 -1.8363e+00 -5.9364e-01 +2.8162e+00 +3.3661e+00 -2.3551e-01 +3.4167e+00 -3.0953e+00 +3.0414e+00 +3.9228e+00
3611 +2.497154799e+02 +2.497154799e+02 +2.142254799e+02 +2.142254799e+02 -1.7327e+00 -2.2853e+00 -6.3986e-01 +3.0279e+00 +3.1718e+00 +2.8700e-01 +3.6213e+00 -3.5718e+00 +3.0986e+00 +3.8565e+00
4741 +1.551297791e+02 +1.551297791e+02 +1.196397791e+02 +1.196397791e+02 -1.5459e+00 -2.6761e+00 -1.0777e+00 +2.9195e+00 +3.3590e+00 +7.2512e-01 +3.7139e+00 -3.4123e+00 +3.3465e+00 +3.8503e+00
5643 +9.825788604e+01 +9.825788604e+01 +6.276788604e+01 +6.276788604e+01 -1.3522e+00 -2.8561e+00 -1.1607e+00 +2.8094e+00 +3.1542e+00 +1.0481e+00 +3.5735e+00 -3.5519e+00 +3.5495e+00 +3.6817e+00
6503 +6.242786255e+01 +6.242786255e+01 +2.693786255e+01 +2.693786255e+01 -1.6347e+00 -2.8900e+00 -1.1774e+00 +2.9725e+00 +3.0306e+00 +1.3461e+00 +3.3783e+00 -3.5666e+00 +3.6085e+00 +3.3937e+00
6776 +3.965724486e+01 +3.965724486e+01 +4.167244859e+00 +4.167244859e+00 -1.6101e+00 -2.8790e+00 -1.2344e+00 +2.9554e+00 +2.9268e+00 +1.4266e+00 +3.4480e+00 -3.6694e+00 +3.6305e+00 +3.3274e+00
10326 +2.376431217e+01 +2.376431217e+01 -1.172568783e+01 -1.172568783e+01 -1.5258e+00 -2.8629e+00 -1.2226e+00 +2.8137e+00 +2.9635e+00 +1.5631e+00 +3.5105e+00 -3.6495e+00 +3.6934e+00 +3.4332e+00
% function evaluation | noise-free fitness - Fopt (1.762000000000e+02) | best noise-free fitness - Fopt | measured fitness | best measured fitness | x1 | x2...
1 +2.256693340e+03 +2.256693340e+03 +2.432893340e+03 +2.432893340e+03 -3.0200e+00 -3.5043e+00 -8.8894e-01 -1.4525e+00 +1.5258e+00 +3.2899e+00 -3.8295e+00 +2.3112e+00 +2.5421e+00 -4.7490e-01
2 +1.506814091e+03 +1.506814091e+03 +1.683014091e+03 +1.683014091e+03 +3.2071e+00 -7.1706e-01 +1.8791e+00 -4.4982e-01 -2.3924e+00 -4.9157e-01 +3.7920e+00 +1.4127e+00 -1.3811e+00 -3.0675e+00
79 +9.600745041e+02 +9.600745041e+02 +1.136274504e+03 +1.136274504e+03 -2.7179e+00 +3.0120e+00 +3.3264e+00 -3.3069e+00 +1.5784e+00 +8.9165e-01 -2.0400e+00 -1.7279e+00 -1.0906e+00 -1.4698e+00
2507 +6.246587169e+02 +6.246587169e+02 +8.008587169e+02 +8.008587169e+02 -3.1313e+00 +1.9817e+00 +2.9608e+00 -3.7803e+00 +1.2327e+00 +3.1382e-01 -1.9644e+00 -2.4744e-01 -1.8275e+00 -1.8673e+00
5389 +3.932501693e+02 +3.932501693e+02 +5.694501693e+02 +5.694501693e+02 -3.3395e+00 +1.2851e+00 +3.1999e+00 -3.9410e+00 +1.3524e+00 -3.2065e-01 -2.0622e+00 +7.8398e-01 -2.7784e+00 -1.9492e+00
7754 +2.496228535e+02 +2.496228535e+02 +4.258228535e+02 +4.258228535e+02 -3.5855e+00 +1.2262e+00 +3.5500e+00 -3.8225e+00 +1.3168e+00 -8.5943e-01 -2.2472e+00 +1.8132e+00 -3.1659e+00 -2.0679e+00
8805 +1.556238323e+02 +1.556238323e+02 +3.318238323e+02 +3.318238323e+02 -3.5869e+00 +1.2138e+00 +3.5990e+00 -3.9153e+00 +1.1361e+00 -1.1230e+00 -2.2237e+00 +2.3478e+00 -3.4674e+00 -2.6765e+00
9911 +9.857414010e+01 +9.857414010e+01 +2.747741401e+02 +2.747741401e+02 -3.7291e+00 +1.0564e+00 +3.5699e+00 -3.7357e+00 +1.0786e+00 -1.4471e+00 -2.1388e+00 +2.8413e+00 -3.6865e+00 -2.7247e+00
10922 +5.290464462e+01 +5.290464462e+01 +2.291046446e+02 +2.291046446e+02 -3.7448e+00 +1.1927e+00 +3.8691e+00 -3.7262e+00 +1.1504e+00 -1.5973e+00 -2.1734e+00 +3.1707e+00 -3.7573e+00 -2.7345e+00
11317 +3.971454474e+01 +3.971454474e+01 +2.159145447e+02 +2.159145447e+02 -3.7260e+00 +1.1975e+00 +3.8493e+00 -3.7770e+00 +1.0783e+00 -1.6895e+00 -2.2666e+00 +3.2746e+00 -3.7473e+00 -2.9889e+00
12549 +2.243496232e+01 +2.243496232e+01 +1.986349623e+02 +1.986349623e+02 -3.6177e+00 +1.2501e+00 +3.9006e+00 -3.7020e+00 +1.1832e+00 -1.6666e+00 -2.2327e+00 +3.3921e+00 -3.7174e+00 -2.8742e+00
