% function evaluation | noise-free fitness - Fopt (-5.235000000000e+01) | best noise-free fitness - Fopt | measured fitness | best measured fitness | x1 | x2...
1 +9.140916005e+01 +9.140916005e+01 +3.905916005e+01 +3.905916005e+01 +2.1000e+00 -2.8954e+00 +2.8712e+00 +1.7475e+00 +4.8127e-01 +9.1332e-02 -3.2775e-01 +3.5375e+00 -1.3752e+00 -1.4466e+00
6 +4.983968452e+01 +4.983968452e+01 -2.510315477e+00 -2.510315477e+00 +3.2941e+00 -8.8088e-01 -4.6722e-01 -1.0750e+00 +2.7307e-01 +3.2206e+00 -5.3991e-01 -4.8640e-01 -4.5645e-01 +4.1536e-01
10 +6.896772646e+00 +6.896772646e+00 -4.545322735e+01 -4.545322735e+01 +1.0775e+00 -1.9606e+00 +1.9644e+00 -3.2248e+00 -7.3525e-01 +2.8827e+00 -3.0806e+00 +3.0253e+00 +1.3058e+00 -3.4099e+00
281 +6.192172502e+00 +6.192172502e+00 -4.615782750e+01 -4.615782750e+01 +1.0335e+00 -1.9715e+00 +2.0078e+00 -3.2836e+00 -7.8554e-01 +2.7681e+00 -3.0835e+00 +2.7585e+00 +1.3808e+00 -3.3971e+00
1922 +3.922244778e+00 +3.922244778e+00 -4.842775522e+01 -4.842775522e+01 +7.7080e-01 -1.8281e+00 +2.0239e+00 -3.2241e+00 -8.1204e-01 +3.0624e+00 -3.0675e+00 +1.9479e+00 +2.0186e+00 -3.0908e+00
3313 +2.503451196e+00 +2.503451196e+00 -4.984654880e+01 -4.984654880e+01 +3.6429e-01 -1.4800e+00 +2.2006e+00 -2.9841e+00 -9.4972e-01 +3.2590e+00 -3.2689e+00 +1.4595e+00 +2.4130e+00 -2.8753e+00
4812 +1.562040331e+00 +1.562040331e+00 -5.078795967e+01 -5.078795967e+01 -7.2233e-02 -1.4451e+00 +2.2695e+00 -2.7891e+00 -9.4360e-01 +3.3938e+00 -3.4193e+00 +9.9090e-01 +2.6964e+00 -2.6945e+00
5479 +9.843786910e-01 +9.843786910e-01 -5.136562131e+01 -5.136562131e+01 -2.9485e-01 -1.3897e+00 +2.4568e+00 -2.8879e+00 -1.1408e+00 +3.6623e+00 -3.5713e+00 +8.3000e-01 +3.0893e+00 -2.2949e+00
6198 +6.081997428e-01 +6.081997428e-01 -5.174180026e+01 -5.174180026e+01 -4.2245e-01 -1.3459e+00 +2.2579e+00 -2.7915e+00 -1.2905e+00 +3.9692e+00 -3.5217e+00 +5.8012e-01 +3.1430e+00 -2.0779e+00
6586 +3.798919253e-01 +3.798919253e-01 -5.197010807e+01 -5.197010807e+01 -5.5530e-01 -1.1991e+00 +2.4127e+00 -2.6620e+00 -1.3280e+00 +3.8230e+00 -3.4868e+00 +3.9756e-01 +3.1363e+00 -2.1888e+00
6984 +2.479641280e-01 +2.479641280e-01 -5.210203587e+01 -5.210203587e+01 -7.4897e-01 -1.0962e+00 +2.2858e+00 -2.6838e+00 -1.4638e+00 +3.7144e+00 -3.4468e+00 +3.7463e-01 +3.0797e+00 -2.0535e+00
7243 +1.511283549e-01 +1.511283549e-01 -5.219887165e+01 -5.219887165e+01 -8.3494e-01 -1.1889e+00 +2.3847e+00 -2.5712e+00 -1.4962e+00 +3.9207e+00 -3.6429e+00 +3.2854e-01 +3.0818e+00 -1.9996e+00
7714 +8.155913546e-02 +8.155913546e-02 -5.226844086e+01 -5.226844086e+01 -8.0261e-01 -1.1107e+00 +2.4413e+00 -2.4746e+00 -1.5158e+00 +3.8807e+00 -3.6846e+00 +2.0238e-01 +2.9565e+00 -1.8684e+00
7966 +4.248724665e-02 +4.248724665e-02 -5.230751275e+01 -5.230751275e+01 -8.7803e-01 -1.1847e+00 +2.4405e+00 -2.4245e+00 -1.4347e+00 +3.7373e+00 -3.7792e+00 +1.6163e-01 +3.0712e+00 -1.8411e+00
8626 +3.858717179e-02 +3.858717179e-02 -5.231141283e+01 -5.231141283e+01 -8.3435e-01 -1.2860e+00 +2.4751e+00 -2.3187e+00 -1.4760e+00 +3.6665e+00 -3.6581e+00 +1.1852e-01 +3.0453e+00 -1.7575e+00
10608 +2.401874702e-02 +2.401874702e-02 -5.232598125e+01 -5.232598125e+01 -8.6814e-01 -1.3225e+00 +2.4471e+00 -2.3685e+00 -1.5511e+00 +3.8211e+00 -3.9824e+00 +5.4836e-02 +2.7353e+00 -1.7164e+00
% function evaluation | noise-free fitness - Fopt (-1.795400000000e+02) | best noise-free fitness - Fopt | measured fitness | best measured fitness | x1 | x2...
1 +1.469077455e+02 +1.469077455e+02 -3.263225449e+01 -3.263225449e+01 -1.6424e-01 -2.7063e-01 +1.3171e+00 -8.4691e-01 -3.1105e+00 -2.4220e+00 +1.4367e+00 -1.2758e-01 +1.8568e+00 +3.9169e+00
2 +4.423474411e+01 +4.423474411e+01 -1.353052559e+02 -1.353052559e+02 +1.1778e-01 -2.6938e+00 +2.2091e-01 +2.0788e+00 +6.3004e-01 -1.6067e+00 +3.5754e-01 +1.2483e+00 -3.9139e+00 +8.6396e-02
4 +3.270486535e+01 +3.270486535e+01 -1.468351346e+02 -1.468351346e+02 -2.0200e-02 -2.3494e+00 -2.2795e+00 +3.5982e+00 +1.6871e+00 -4.6396e-01 -1.8892e+00 +3.7096e+00 +2.2522e+00 +1.9321e+00
23 +2.386802706e+01 +2.386802706e+01 -1.556719729e+02 -1.556719729e+02 +4.9432e-01 -2.3288e+00 -1.1871e+00 +1.1893e+00 +3.1939e+00 -5.3593e-01 -1.3058e+00 +3.6097e+00 +1.3352e+00 +1.8410e+00
51 +1.499386235e+01 +1.499386235e+01 -1.645461376e+02 -1.645461376e+02 -2.5104e+00 -2.8473e+00 -2.7478e+00 +3.6393e+00 +3.4054e-01 +2.8949e+00 +1.0159e+00 +2.6967e+00 -8.6549e-01 +2.5514e+00
723 +9.816567459e+00 +9.816567459e+00 -1.697234325e+02 -1.697234325e+02 -2.1593e+00 -7.7656e-01 -2.4907e+00 +3.7387e+00 +1.7521e+00 +2.8518e+00 +2.1665e+00 +2.7544e+00 -4.1763e-01 +1.9073e+00
2754 +6.289239772e+00 +6.289239772e+00 -1.732507602e+02 -1.732507602e+02 -1.2909e+00 -6.9899e-01 -2.7542e+00 +3.7519e+00 +2.1721e+00 +2.0301e+00 +2.4019e+00 +3.2007e+00 -5.9396e-01 +1.7797e+00
4270 +3.978360893e+00 +3.978360893e+00 -1.755616391e+02 -1.755616391e+02 -7.8346e-01 -3.8274e-01 -2.7975e+00 +3.3660e+00 +2.3385e+00 +1.3603e+00 +2.5119e+00 +3.5379e+00 -2.0164e-01 +1.8232e+00
5654 +2.510338640e+00 +2.510338640e+00 -1.770296614e+02 -1.770296614e+02 -2.3108e-01 -2.6701e-01 -3.0975e+00 +3.0803e+00 +2.5988e+00 +7.3884e-01 +2.6169e+00 +3.4455e+00 -1.5897e-01 +1.6499e+00
7032 +1.584630048e+00 +1.584630048e+00 -1.779553700e+02 -1.779553700e+02 +1.1390e-01 -2.3575e-01 -3.2584e+00 +2.8407e+00 +2.8766e+00 +4.3667e-01 +2.9102e+00 +3.7163e+00 -2.1007e-02 +1.8934e+00
7884 +9.647307599e-01 +9.647307599e-01 -1.785752692e+02 -1.785752692e+02 +5.3333e-01 -1.4961e-01 -3.5721e+00 +2.4909e+00 +3.1769e+00 +1.6976e-01 +2.9870e+00 +3.1311e+00 -1.8849e-01 +1.9193e+00
8401 +6.253160789e-01 +6.253160789e-01 -1.789146839e+02 -1.789146839e+02 +5.6813e-01 +2.4855e-01 -3.4323e+00 +2.6699e+00 +3.4283e+00 +1.2276e-01 +3.0511e+00 +3.2733e+00 +2.2230e-01 +1.8349e+00
9139 +3.870214352e-01 +3.870214352e-01 -1.791529786e+02 -1.791529786e+02 +7.2846e-01 +2.1539e-01 -3.5685e+00 +2.6417e+00 +3.5662e+00 -8.3614e-02 +3.1239e+00 +3.1545e+00 +2.7858e-01 +1.8166e+00
9398 +2.455056119e-01 +2.455056119e-01 -1.792944944e+02 -1.792944944e+02 +6.5169e-01 +1.8007e-01 -3.4286e+00 +2.4983e+00 +3.6863e+00 -2.1472e-01 +3.2487e+00 +3.0671e+00 +2.3201e-01 +1.9730e+00
9789 +1.259920596e-01 +1.259920596e-01 -1.794140079e+02 -1.794140079e+02 +7.0888e-01 +2.4287e-01 -3.5213e+00 +2.3453e+00 +3.7839e+00 -2.4232e-01 +3.2706e+00 +3.2128e+00 +3.0251e-01 +2.0408e+00
10059 +9.819285950e-02 +9.819285950e-02 -1.794418071e+02 -1.794418071e+02 +8.0102e-01 +3.0411e-01 -3.5447e+00 +2.3873e+00 +3.8274e+00 -3.9936e-01 +3.1990e+00 +3.2175e+00 +3.1160e-01 +1.9714e+00
10303 +6.027580581e-02 +6.027580581e-02 -1.794797242e+02 -1.794797242e+02 +7.0105e-01 +3.3417e-01 -3.6485e+00 +2.4943e+00 +3.8699e+00 -5.7761e-01 +3.3991e+00 +3.3568e+00 +3.4633e-01 +2.0330e+00
10669 +3.626646810e-02 +3.626646810e-02 -1.795037335e+02 -1.795037335e+02 +7.3912e-01 +4.2653e-01 -3.6995e+00 +2.4655e+00 +3.8039e+00 -4.8680e-01 +3.4879e+00 +3.4031e+00 +2.8177e-01 +2.0161e+00
11436 +1.701952105e-02 +1.701952105e-02 -1.795229805e+02 -1.795229805e+02 +6.9447e-01 +4.1230e-01 -3.5034e+00 +2.4589e+00 +3.9289e+00 -5.4533e-01 +3.6167e+00 +3.6494e+00 +2.1343e-01 +1.9682e+00
12415 +1.359095933e-02 +1.359095933e-02 -1.795264090e+02 -1.795264090e+02 +7.8955e-01 +5.0641e-01 -3.5010e+00 +2.3498e+00 +3.8400e+00 -5.7738e-01 +3.6045e+00 +3.5325e+00 +1.6670e-01 +1.9492e+00
% function evaluation | noise-free fitness - Fopt (7.731000000000e+01) | best noise-free fitness - Fopt | measured fitness | best measured fitness | x1 | x2...
1 +7.817352936e+01 +7.817352936e+01 +1.554835294e+02 +1.554835294e+02 +3.7274e-01 +1.0618e+00 -2.5144e+00 +2.6802e+00 +3.8810e+00 +2.6553e-01 +2.4516e+00 +7.2456e-01 -3.2294e+00 +3.0665e+00
2 +4.481294780e+01 +4.481294780e+01 +1.221229478e+02 +1.221229478e+02 -3.0181e+00 -2.8930e+00 -8.6177e-02 +1.3946e+00 +3.4736e+00 +1.5020e-01 -3.0562e+00 +1.5970e+00 -2.6229e+00 +3.1957e+00
3 +2.586299251e+01 +2.586299251e+01 +1.031729925e+02 +1.031729925e+02 +3.0715e+00 +1.2738e+00 -7.5113e-01 +2.2431e-02 +1.0854e+00 -1.5075e+00 +3.8942e-01 +7.7373e-01 +1.7968e+00 -1.3493e+00
13 +1.325144524e+01 +1.325144524e+01 +9.056144524e+01 +9.056144524e+01 +3.9383e+00 -1.1004e+00 -8.3606e-01 -6.5449e-02 -3.3688e+00 +2.0660e+00 -3.7490e+00 -2.6277e+00 -1.7790e-01 +3.9679e+00
92 +8.439115873e+00 +8.439115873e+00 +8.574911587e+01 +8.574911587e+01 +3.5854e+00 -1.5900e+00 -1.5091e+00 -3.5705e-01 -4.9241e-01 -2.7819e+00 -8.6778e-01 -2.9183e+00 +2.0031e-02 +1.1979e+00
218 +5.454476544e+00 +5.454476544e+00 +8.276447654e+01 +8.276447654e+01 +1.6092e+00 -1.9459e+00 -1.9744e+00 -2.0274e+00 -1.3324e+00 -1.8213e+00 +2.8499e-01 -3.5924e+00 -2.4210e-01 +3.0379e+00
358 +3.761481707e+00 +3.761481707e+00 +8.107148171e+01 +8.107148171e+01 +1.9306e+00 +5.8400e-01 -2.1884e+00 -2.0981e+00 -3.7550e-01 -4.4406e-01 -7.5674e-01 -2.9417e+00 +1.1292e+00 +1.7381e+00
1253 +2.437796821e+00 +2.437796821e+00 +7.974779682e+01 +7.974779682e+01 +1.6743e+00 +2.9828e-01 -1.9007e+00 -2.2094e+00 +1.5770e-01 -1.0918e+00 -3.1779e-01 -2.7062e+00 +8.2765e-01 +2.0328e+00
2494 +1.534228831e+00 +1.534228831e+00 +7.884422883e+01 +7.884422883e+01 +1.4865e+00 +2.0564e-02 -2.2765e+00 -2.0844e+00 +4.2620e-01 -1.3197e+00 +1.2747e-02 -2.5970e+00 +1.1480e+00 +2.2078e+00
3373 +9.970580264e-01 +9.970580264e-01 +7.830705803e+01 +7.830705803e+01 +1.3192e+00 -6.0313e-02 -2.3904e+00 -2.2075e+00 +6.8831e-01 -1.6337e+00 +1.8402e-01 -2.4460e+00 +1.0792e+00 +2.2782e+00
3881 +6.216291553e-01 +6.216291553e-01 +7.793162916e+01 +7.793162916e+01 +1.0840e+00 +3.0945e-02 -2.4560e+00 -2.0907e+00 +9.4630e-01 -1.7950e+00 +4.5556e-01 -2.3482e+00 +1.0241e+00 +2.1834e+00
4601 +3.525290207e-01 +3.525290207e-01 +7.766252902e+01 +7.766252902e+01 +9.5416e-01 -1.6916e-01 -2.4819e+00 -2.1407e+00 +9.5727e-01 -2.0205e+00 +4.9004e-01 -2.1158e+00 +1.0507e+00 +2.2568e+00
4887 +2.401434648e-01 +2.401434648e-01 +7.755014346e+01 +7.755014346e+01 +1.1292e+00 -2.6467e-01 -2.3889e+00 -1.9987e+00 +1.0171e+00 -2.0589e+00 +6.6732e-01 -2.1988e+00 +1.2084e+00 +2.3528e+00
5398 +1.384101735e-01 +1.384101735e-01 +7.744841017e+01 +7.744841017e+01 +1.0348e+00 -3.2567e-01 -2.4913e+00 -1.9695e+00 +1.0847e+00 -2.1190e+00 +7.1791e-01 -2.0457e+00 +1.2089e+00 +2.3139e+00
5647 +9.945107988e-02 +9.945107988e-02 +7.740945108e+01 +7.740945108e+01 +1.0985e+00 -5.4470e-01 -2.4349e+00 -1.8473e+00 +1.0966e+00 -2.1761e+00 +7.5026e-01 -1.9645e+00 +1.3128e+00 +2.3092e+00
6124 +4.810703009e-02 +4.810703009e-02 +7.735810703e+01 +7.735810703e+01 +1.0464e+00 -4.6601e-01 -2.3421e+00 -1.8803e+00 +1.1025e+00 -2.2478e+00 +7.7020e-01 -1.9246e+00 +1.2537e+00 +2.4126e+00
6632 +3.675020457e-02 +3.675020457e-02 +7.734675020e+01 +7.734675020e+01 +8.9323e-01 -4.5001e-01 -2.1814e+00 -1.8180e+00 +1.0970e+00 -2.3312e+00 +7.6480e-01 -1.8679e+00 +1.3355e+00 +2.4423e+00
7646 +2.100067589e-02 +2.100067589e-02 +7.733100068e+01 +7.733100068e+01 +8.2496e-01 -5.9649e-01 -2.2032e+00 -1.9149e+00 +1.0038e+00 -2.2898e+00 +8.1457e-01 -1.8488e+00 +1.3912e+00 +2.5048e+00
8532 +1.485517778e-02 +1.485517778e-02 +7.732485518e+01 +7.732485518e+01 +9.1178e-01 -6.5282e-01 -2.1425e+00 -1.9494e+00 +9.9458e-01 -2.3982e+00 +7.2169e-01 -1.9127e+00 +1.3060e+00 +2.5260e+00
% function evaluation | noise-free fitness - Fopt (3.992000000000e+01) | best noise-free fitness - Fopt | measured fitness | best measured fitness | x1 | x2...
1 +7.709390567e+01 +7.709390567e+01 +1.170139057e+02 +1.170139057e+02 +1.4481e+00 +7.9443e-01 +2.9793e+00 -3.7894e+00 +3.2017e+00 +7.9998e-01 +3.1041e+00 -1.4422e-01 -1.5822e-01 -3.4633e+00
3 +4.650511358e+01 +4.650511358e+01 +8.642511358e+01 +8.642511358e+01 -8.5836e-01 -3.8548e+00 +3.1009e+00 -1.4274e+00 +2.6941e+00 +7.4576e-01 -2.3598e+00 +2.7778e+00 -1.9124e+00 -1.2628e+00
8 +3.358037591e+01 +3.358037591e+01 +7.350037591e+01 +7.350037591e+01 -7.4275e-01 +1.2292e+00 +1.3503e+00 -1.5864e+00 -2.8565e+00 +1.8494e-01 +3.3107e+00 +3.1210e+00 -6.0584e-01 +3.5735e+00
12 +1.524014457e+01 +1.524014457e+01 +5.516014457e+01 +5.516014457e+01 -1.0495e+00 +4.4896e-01 +3.4551e+00 -8.6353e-01 -8.9640e-01 -3.1666e+00 +3.5554e+00 -2.5945e+00 +3.8566e+00 +3.8173e+00
348 +9.749731165e+00 +9.749731165e+00 +4.966973117e+01 +4.966973117e+01 +3.7061e-01 +1.8322e-02 +1.5956e+00 -1.1308e+00 -9.0472e-01 +1.8239e+00 -3.1168e-02 +9.1431e-01 +1.8894e+00 +1.3245e+00
1973 +6.111651546e+00 +6.111651546e+00 +4.603165155e+01 +4.603165155e+01 +8.4900e-01 -1.6170e-02 +1.7155e+00 -1.2259e+00 -1.2363e+00 +1.4531e+00 +7.8796e-01 +8.4415e-01 +2.1261e+00 +1.7090e+00
3635 +3.964950962e+00 +3.964950962e+00 +4.388495096e+01 +4.388495096e+01 +1.4616e+00 -1.8281e-01 +2.0431e+00 -1.4464e+00 -1.5388e+00 +1.3662e+00 +1.1906e+00 +5.5027e-01 +2.1667e+00 +2.1348e+00
5006 +2.477512374e+00 +2.477512374e+00 +4.239751237e+01 +4.239751237e+01 +2.0426e+00 -6.2201e-01 +1.8427e+00 -1.3057e+00 -1.5499e+00 +1.4516e+00 +1.7828e+00 +9.5242e-02 +2.4219e+00 +2.6308e+00
6387 +1.547760036e+00 +1.547760036e+00 +4.146776004e+01 +4.146776004e+01 +2.6732e+00 -7.6938e-01 +1.8142e+00 -1.5584e+00 -1.6309e+00 +1.6340e+00 +1.8842e+00 -9.5199e-02 +2.8071e+00 +2.9473e+00
7281 +9.339016856e-01 +9.339016856e-01 +4.085390169e+01 +4.085390169e+01 +3.0715e+00 -8.9572e-01 +1.7820e+00 -1.7084e+00 -1.7517e+00 +1.9668e+00 +2.0539e+00 -2.8906e-01 +2.9635e+00 +3.2818e+00
8016 +6.228287830e-01 +6.228287830e-01 +4.054282878e+01 +4.054282878e+01 +3.3542e+00 -9.0009e-01 +1.8150e+00 -1.8431e+00 -1.7379e+00 +2.0356e+00 +2.0837e+00 -3.9384e-01 +2.9963e+00 +3.3557e+00
8403 +3.486451212e-01 +3.486451212e-01 +4.026864512e+01 +4.026864512e+01 +3.6012e+00 -8.6263e-01 +1.8217e+00 -1.9576e+00 -1.6535e+00 +2.2378e+00 +2.2515e+00 -4.3074e-01 +2.9878e+00 +3.2468e+00
8550 +2.409320644e-01 +2.409320644e-01 +4.016093206e+01 +4.016093206e+01 +3.6873e+00 -8.7752e-01 +1.8365e+00 -2.0163e+00 -1.8620e+00 +2.2951e+00 +2.2748e+00 -3.6166e-01 +3.0596e+00 +3.2685e+00
9152 +1.535287378e-01 +1.535287378e-01 +4.007352874e+01 +4.007352874e+01 +3.8127e+00 -1.0247e+00 +1.9130e+00 -2.1370e+00 -1.9737e+00 +2.2337e+00 +2.3958e+00 -2.8402e-01 +3.1411e+00 +3.4013e+00
9405 +9.266037098e-02 +9.266037098e-02 +4.001266037e+01 +4.001266037e+01 +3.8789e+00 -9.3274e-01 +2.0314e+00 -2.0396e+00 -1.8526e+00 +2.2323e+00 +2.2628e+00 -5.1919e-01 +3.0476e+00 +3.3799e+00
9788 +6.257820948e-02 +6.257820948e-02 +3.998257821e+01 +3.998257821e+01 +3.9399e+00 -8.8237e-01 +2.1046e+00 -2.1611e+00 -1.9811e+00 +2.2558e+00 +2.4535e+00 -5.7666e-01 +3.0364e+00 +3.3470e+00
11303 +2.848358458e-02 +2.848358458e-02 +3.994848358e+01 +3.994848358e+01 +3.9342e+00 -9.9356e-01 +2.0824e+00 -2.2271e+00 -2.0228e+00 +2.2630e+00 +2.3280e+00 -5.8997e-01 +3.0254e+00 +3.3652e+00
11817 +2.230821283e-02 +2.230821283e-02 +3.994230821e+01 +3.994230821e+01 +3.9092e+00 -1.0280e+00 +2.1821e+00 -2.2463e+00 -2.0179e+00 +2.3528e+00 +2.1968e+00 -6.4131e-01 +3.0594e+00 +3.4090e+00
% function evaluation | noise-free fitness - Fopt (-5.661000000000e+01) | best noise-free fitness - Fopt | measured fitness | best measured fitness | x1 | x2...
1 +1.311117544e+02 +1.311117544e+02 +7.450175437e+01 +7.450175437e+01 +1.5508e+00 -3.1860e+00 +3.9692e+00 +2.8015e+00 -3.7564e+00 +2.6658e+00 +6.7777e-01 +1.4028e+00 +2.5106e+00 -1.8546e+00
5 +9.929502282e+01 +9.929502282e+01 +4.268502282e+01 +4.268502282e+01 -3.4820e+00 -3.9753e+00 +2.7575e+00 +1.1110e+00 -2.6158e+00 +8.0436e-01 -9.8232e-01 +1.1893e+00 +2.2825e+00 +1.3889e+00
9 +5.548061581e+01 +5.548061581e+01 -1.129384191e+00 -1.129384191e+00 -1.1656e+00 -2.3975e+00 +1.5057e+00 -1.7632e+00 -3.6949e+00 +1.0160e+00 -3.4859e+00 -3.6147e+00 -1.5975e+00 -3.7489e+00
26 +3.243436564e+01 +3.243436564e+01 -2.417563436e+01 -2.417563436e+01 +7.2703e-01 -2.0920e+00 +1.4291e+00 -2.0119e+00 -3.4684e+00 -2.2991e+00 +2.2672e+00 -2.5861e+00 +1.5588e+00 +5.1633e-01
74 +1.039221312e+01 +1.039221312e+01 -4.621778688e+01 -4.621778688e+01 +1.4266e+00 +3.1011e-01 +7.0534e-01 -3.3830e+00 -2.5851e+00 -3.0516e+00 +2.7021e+00 -3.0206e+00 -3.4694e+00 +6.5270e-01
227 +7.923488192e+00 +7.923488192e+00 -4.868651181e+01 -4.868651181e+01 +1.5200e+00 +3.3693e-01 +1.8117e+00 -3.1246e+00 -1.8429e+00 -1.5232e+00 +3.3001e+00 -3.0294e+00 -3.0888e+00 +8.2037e-01
1112 +6.306092744e+00 +6.306092744e+00 -5.030390726e+01 -5.030390726e+01 +1.6474e+00 +6.0594e-01 +1.9149e+00 -3.4722e+00 -1.8959e+00 -1.2750e+00 +3.0430e+00 -3.2007e+00 -3.3395e+00 +5.4792e-01
3096 +3.842366179e+00 +3.842366179e+00 -5.276763382e+01 -5.276763382e+01 +2.1504e+00 +1.0503e+00 +2.2785e+00 -3.5973e+00 -1.9139e+00 -3.7757e-01 +2.8559e+00 -3.8330e+00 -3.6045e+00 +1.3542e-01
4865 +2.510385782e+00 +2.510385782e+00 -5.409961422e+01 -5.409961422e+01 +1.9845e+00 +1.7118e+00 +2.7440e+00 -3.6065e+00 -2.3457e+00 +2.9795e-01 +2.6791e+00 -3.6911e+00 -3.8451e+00 -9.4427e-02
6373 +1.538763550e+00 +1.538763550e+00 -5.507123645e+01 -5.507123645e+01 +1.9497e+00 +2.1008e+00 +3.1218e+00 -3.5460e+00 -2.6313e+00 +9.5318e-01 +2.7022e+00 -3.5873e+00 -3.8538e+00 -4.5423e-01
7151 +9.932768677e-01 +9.932768677e-01 -5.561672313e+01 -5.561672313e+01 +1.9968e+00 +2.2288e+00 +3.1897e+00 -3.0136e+00 -2.7237e+00 +1.4409e+00 +2.6793e+00 -3.5739e+00 -3.6797e+00 -6.1055e-01
7885 +5.711451628e-01 +5.711451628e-01 -5.603885484e+01 -5.603885484e+01 +1.9875e+00 +2.3057e+00 +3.3216e+00 -2.9839e+00 -2.9094e+00 +1.7454e+00 +2.6028e+00 -3.2804e+00 -3.5419e+00 -7.5600e-01
8284 +3.435108043e-01 +3.435108043e-01 -5.626648920e+01 -5.626648920e+01 +1.7950e+00 +2.4638e+00 +3.3927e+00 -3.1324e+00 -2.8776e+00 +1.9258e+00 +2.6753e+00 -3.2863e+00 -3.5521e+00 -9.2343e-01
8531 +2.335411599e-01 +2.335411599e-01 -5.637645884e+01 -5.637645884e+01 +1.7187e+00 +2.6265e+00 +3.3545e+00 -3.2760e+00 -2.8076e+00 +2.0281e+00 +2.7121e+00 -3.2926e+00 -3.5622e+00 -8.1917e-01
8793 +1.292124714e-01 +1.292124714e-01 -5.648078753e+01 -5.648078753e+01 +1.9089e+00 +2.7108e+00 +3.2112e+00 -3.1914e+00 -2.9018e+00 +2.1211e+00 +2.6168e+00 -3.2163e+00 -3.4980e+00 -8.5159e-01
8816 +9.480506020e-02 +9.480506020e-02 -5.651519494e+01 -5.651519494e+01 +1.8047e+00 +2.6545e+00 +3.3675e+00 -3.2153e+00 -2.8816e+00 +2.1990e+00 +2.6377e+00 -3.2901e+00 -3.5793e+00 -8.7756e-01
9152 +6.300919922e-02 +6.300919922e-02 -5.654699080e+01 -5.654699080e+01 +1.8405e+00 +2.6682e+00 +3.3890e+00 -3.2658e+00 -2.8815e+00 +2.2719e+00 +2.6275e+00 -3.2585e+00 -3.5872e+00 -8.4808e-01
9653 +3.062321879e-02 +3.062321879e-02 -5.657937678e+01 -5.657937678e+01 +1.8075e+00 +2.7525e+00 +3.2987e+00 -3.3246e+00 -2.8837e+00 +2.2915e+00 +2.5722e+00 -3.2506e+00 -3.5491e+00 -8.4446e-01
11167 +2.156074396e-02 +2.156074396e-02 -5.658843926e+01 -5.658843926e+01 +1.9097e+00 +2.7649e+00 +3.2530e+00 -3.1797e+00 -3.0866e+00 +2.3276e+00 +2.6084e+00 -3.3682e+00 -3.5181e+00 -8.2855e-01
12168 +1.454108365e-02 +1.454108365e-02 -5.659545892e+01 -5.659545892e+01 +1.9205e+00 +2.9188e+00 +3.2285e+00 -3.4075e+00 -2.9986e+00 +2.2790e+00 +2.6317e+00 -3.1024e+00 -3.6742e+00 -8.2469e-01
% function evaluation | noise-free fitness - Fopt (1.686600000000e+02) | best noise-free fitness - Fopt | measured fitness | best measured fitness | x1 | x2...
1 +1.494687597e+02 +1.494687597e+02 +3.181287597e+02 +3.181287597e+02 +3.5840e+00 -1.1601e+00 -1.6148e+00 -2.1505e+00 -2.5545e-01 +3.4565e+00 +1.9816e+00 +3.7612e+00 -2.5081e+00 -3.2226e+00
2 +1.602480062e+01 +1.602480062e+01 +1.846848006e+02 +1.846848006e+02 -3.1798e+00 -1.6532e+00 -2.4547e+00 -2.6204e-01 +3.5645e+00 -1.9220e+00 +8.2391e-01 +2.4553e+00 +2.3236e+00 +2.5808e+00
23 +1.226637219e+01 +1.226637219e+01 +1.809263722e+02 +1.809263722e+02 -1.8882e+00 -2.2465e+00 -2.2625e+00 -2.5901e-01 +1.0377e+00 -1.7492e+00 +3.5497e-01 +2.3301e+00 +2.8150e+00 +1.9213e+00
672 +9.765687742e+00 +9.765687742e+00 +1.784256877e+02 +1.784256877e+02 -2.0729e+00 -2.0503e+00 -2.4295e+00 -4.4946e-01 +9.2652e-01 -2.0459e+00 +4.1452e-01 +2.1483e+00 +2.7117e+00 +1.7872e+00
3440 +6.278691825e+00 +6.278691825e+00 +1.749386918e+02 +1.749386918e+02 -2.1910e+00 -2.7617e+00 -2.3041e+00 -3.7134e-01 +7.9223e-01 -2.7110e+00 +3.6736e-01 +1.7595e+00 +3.4407e+00 +5.0813e-01
6711 +3.955660432e+00 +3.955660432e+00 +1.726156604e+02 +1.726156604e+02 -2.7127e+00 -2.7249e+00 -2.2788e+00 +2.4126e-01 +1.0466e+00 -3.1002e+00 +1.2847e+00 +9.6731e-01 +3.4449e+00 -5.1434e-01
9083 +2.511449317e+00 +2.511449317e+00 +1.711714493e+02 +1.711714493e+02 -3.3653e+00 -2.7270e+00 -2.3419e+00 +5.0699e-01 +1.4944e+00 -3.2440e+00 +2.1142e+00 +3.8402e-01 +3.4455e+00 -1.0426e+00
10255 +1.577504074e+00 +1.577504074e+00 +1.702375041e+02 +1.702375041e+02 -3.6898e+00 -2.7956e+00 -2.7352e+00 +9.5838e-01 +1.7151e+00 -3.3158e+00 +2.5397e+00 -1.8439e-01 +3.4575e+00 -1.2750e+00
11121 +9.519074437e-01 +9.519074437e-01 +1.696119074e+02 +1.696119074e+02 -3.6676e+00 -2.5154e+00 -2.7790e+00 +1.0753e+00 +2.0141e+00 -3.4473e+00 +2.9532e+00 -4.7412e-01 +3.4411e+00 -1.5294e+00
11778 +6.126619120e-01 +6.126619120e-01 +1.692726619e+02 +1.692726619e+02 -3.8642e+00 -2.6148e+00 -2.7942e+00 +1.1300e+00 +2.1353e+00 -3.5385e+00 +3.0413e+00 -7.3061e-01 +3.4232e+00 -1.8391e+00
12361 +3.726120460e-01 +3.726120460e-01 +1.690326120e+02 +1.690326120e+02 -3.9122e+00 -2.5292e+00 -2.8836e+00 +1.1721e+00 +2.1661e+00 -3.6842e+00 +3.2107e+00 -9.1466e-01 +3.3519e+00 -1.9717e+00
12623 +2.296005610e-01 +2.296005610e-01 +1.688896006e+02 +1.688896006e+02 -3.9175e+00 -2.5177e+00 -2.9270e+00 +1.3393e+00 +2.1870e+00 -3.7167e+00 +3.3884e+00 -1.0492e+00 +3.3801e+00 -1.9464e+00
12756 +1.503924122e-01 +1.503924122e-01 +1.688103924e+02 +1.688103924e+02 -4.0034e+00 -2.4748e+00 -3.0255e+00 +1.3349e+00 +2.1911e+00 -3.6536e+00 +3.3988e+00 -1.0206e+00 +3.3517e+00 -2.0649e+00
12887 +9.891058995e-02 +9.891058995e-02 +1.687589106e+02 +1.687589106e+02 -3.9655e+00 -2.4003e+00 -3.0057e+00 +1.3596e+00 +2.2704e+00 -3.6384e+00 +3.4869e+00 -9.2996e-01 +3.2845e+00 -2.0893e+00
13286 +5.197069757e-02 +5.197069757e-02 +1.687119707e+02 +1.687119707e+02 -3.8525e+00 -2.5456e+00 -3.0449e+00 +1.2498e+00 +2.2804e+00 -3.7129e+00 +3.7293e+00 -9.6726e-01 +3.3763e+00 -2.0967e+00
13885 +3.910639771e-02 +3.910639771e-02 +1.686991064e+02 +1.686991064e+02 -3.7188e+00 -2.4258e+00 -2.9542e+00 +1.3456e+00 +2.2383e+00 -3.6555e+00 +3.7386e+00 -9.5078e-01 +3.4891e+00 -2.1829e+00
% function evaluation | noise-free fitness - Fopt (4.076900000000e+02) | best noise-free fitness - Fopt | measured fitness | best measured fitness | x1 | x2...
1 +1.455750543e+01 +1.455750543e+01 +4.222475054e+02 +4.222475054e+02 +1.5871e+00 -3.0137e+00 +2.1267e+00 +3.0153e+00 -1.5208e+00 -2.4359e+00 -2.6612e+00 -3.6396e+00 +1.0735e+00 +2.7597e+00
1205 +9.914182394e+00 +9.914182394e+00 +4.176041824e+02 +4.176041824e+02 +1.6650e+00 -2.6958e+00 +1.9561e+00 +2.8705e+00 -3.3773e-01 -9.3796e-01 -1.1330e+00 -2.5144e+00 +8.2896e-01 +3.2356e+00
4947 +6.279394901e+00 +6.279394901e+00 +4.139693949e+02 +4.139693949e+02 +1.6558e+00 -2.4800e+00 +1.3044e+00 +2.3342e+00 -8.4311e-01 +3.6020e-01 -2.1549e+00 -2.3416e+00 +1.0672e+00 +2.6144e+00
7831 +3.968664315e+00 +3.968664315e+00 +4.116586643e+02 +4.116586643e+02 +1.5695e+00 -1.7299e+00 +8.0752e-01 +2.4265e+00 -1.3343e+00 +1.1724e+00 -3.1770e+00 -1.9361e+00 +1.2360e+00 +2.0127e+00
10000 +2.483371905e+00 +2.483371905e+00 +4.101733719e+02 +4.101733719e+02 +1.1874e+00 -1.5382e+00 +5.6725e-01 +2.9397e+00 -2.0141e+00 +2.1833e+00 -3.3108e+00 -2.0096e+00 +1.3158e+00 +1.5146e+00
11375 +1.567114730e+00 +1.567114730e+00 +4.092571147e+02 +4.092571147e+02 +8.0375e-01 -1.0163e+00 +5.4046e-01 +2.8807e+00 -2.2656e+00 +2.5550e+00 -3.7002e+00 -1.6037e+00 +1.4767e+00 +1.4222e+00
12363 +9.744546626e-01 +9.744546626e-01 +4.086644547e+02 +4.086644547e+02 +6.4388e-01 -8.8895e-01 +5.6331e-01 +2.9017e+00 -2.5784e+00 +2.9239e+00 -3.7633e+00 -1.5781e+00 +1.8071e+00 +1.3486e+00
12894 +5.701562988e-01 +5.701562988e-01 +4.082601563e+02 +4.082601563e+02 +5.2818e-01 -7.9745e-01 +3.5021e-01 +3.1553e+00 -2.7824e+00 +3.0464e+00 -3.6630e+00 -1.3123e+00 +2.0658e+00 +9.5902e-01
13612 +3.887618784e-01 +3.887618784e-01 +4.080787619e+02 +4.080787619e+02 +5.6986e-01 -7.2892e-01 +4.1934e-01 +3.1995e+00 -3.0109e+00 +3.1612e+00 -3.7373e+00 -1.3616e+00 +1.9824e+00 +9.2315e-01
13878 +2.069513687e-01 +2.069513687e-01 +4.078969514e+02 +4.078969514e+02 +4.5747e-01 -6.2434e-01 +4.0251e-01 +3.3259e+00 -2.9994e+00 +3.2818e+00 -3.8002e+00 -1.1854e+00 +2.0868e+00 +8.5107e-01
14147 +1.545794407e-01 +1.545794407e-01 +4.078445794e+02 +4.078445794e+02 +3.9748e-01 -6.9910e-01 +4.0755e-01 +3.2219e+00 -2.8892e+00 +3.4589e+00 -3.8025e+00 -1.2516e+00 +2.1169e+00 +8.8328e-01
14266 +8.176743502e-02 +8.176743502e-02 +4.077717674e+02 +4.077717674e+02 +4.2169e-01 -6.2393e-01 +4.4783e-01 +3.2485e+00 -2.9514e+00 +3.5405e+00 -3.8367e+00 -1.2745e+00 +2.1534e+00 +9.5281e-01
14402 +6.133558690e-02 +6.133558690e-02 +4.077513356e+02 +4.077513356e+02 +5.1854e-01 -6.7111e-01 +4.8646e-01 +3.2152e+00 -2.9526e+00 +3.6394e+00 -3.8646e+00 -1.2564e+00 +2.1369e+00 +9.6590e-01
% function evaluation | noise-free fitness - Fopt (5.592000000000e+01) | best noise-free fitness - Fopt | measured fitness | best measured fitness | x1 | x2...
1 +3.003396690e+02 +3.003396690e+02 +3.562596690e+02 +3.562596690e+02 -2.2958e+00 +3.5242e+00 -1.1812e+00 +1.4020e+00 -3.9095e+00 +1.2970e+00 +2.5058e+00 +1.7198e+00 -2.5301e+00 -3.1665e+00
2 +2.457295179e+02 +2.457295179e+02 +3.016495179e+02 +3.016495179e+02 -2.0092e+00 +3.5927e+00 -3.7007e+00 -2.5111e+00 -2.5224e+00 -3.1058e+00 +7.8381e-01 +2.9667e+00 +3.5398e+00 -3.6385e+00
3 +2.738541913e+01 +2.738541913e+01 +8.330541913e+01 +8.330541913e+01 +1.6573e+00 -1.8773e+00 +3.5823e+00 -1.9168e+00 -7.6988e-01 -5.9249e-01 +3.0342e+00 -5.7272e-01 +1.1028e+00 +3.0562e+00
5 +1.799772577e+01 +1.799772577e+01 +7.391772577e+01 +7.391772577e+01 +3.0586e+00 -1.8371e+00 -6.0571e-01 +2.4606e+00 +2.0198e-02 -1.8817e+00 +1.6020e+00 +2.1288e+00 +1.3382e+00 -2.2517e+00
38 +1.439825784e+01 +1.439825784e+01 +7.031825784e+01 +7.031825784e+01 +2.8902e+00 -1.6684e+00 -2.3749e+00 +2.3925e-01 -9.6313e-01 -6.5767e-01 +1.3470e+00 -9.1836e-02 +1.9930e-01 -1.9982e-01
79 +9.547609188e+00 +9.547609188e+00 +6.546760919e+01 +6.546760919e+01 +3.0485e+00 -5.6937e-01 +4.1559e-01 +3.5190e+00 +6.5171e-01 +1.0414e+00 +5.1860e-01 +1.2406e-01 +1.1755e+00 -8.7192e-01
597 +6.262987051e+00 +6.262987051e+00 +6.218298705e+01 +6.218298705e+01 +2.2179e+00 -1.9849e+00 -6.9805e-01 +3.1009e+00 -1.1632e+00 +1.1561e+00 +4.1400e-01 +5.0410e-01 +1.0835e+00 -1.0445e+00
2493 +3.960978730e+00 +3.960978730e+00 +5.988097873e+01 +5.988097873e+01 +2.1357e+00 -2.3518e+00 -6.2599e-01 +2.6920e+00 -8.3817e-01 +1.3302e+00 +6.7318e-01 +4.0744e-01 +1.9492e+00 -1.6665e+00
4138 +2.508955710e+00 +2.508955710e+00 +5.842895571e+01 +5.842895571e+01 +1.9817e+00 -2.6250e+00 -3.7592e-01 +2.8136e+00 -7.6728e-01 +1.4973e+00 +1.1835e+00 +3.7794e-01 +2.7242e+00 -2.3662e+00
5514 +1.552759076e+00 +1.552759076e+00 +5.747275908e+01 +5.747275908e+01 +1.8167e+00 -2.6857e+00 -6.3397e-01 +2.3608e+00 -5.1763e-01 +1.4174e+00 +1.7918e+00 +2.3915e-01 +3.1585e+00 -2.6594e+00
6376 +9.744363407e-01 +9.744363407e-01 +5.689443634e+01 +5.689443634e+01 +1.6262e+00 -2.8700e+00 -8.4595e-01 +2.2870e+00 -4.6319e-01 +1.0775e+00 +1.9551e+00 +5.2134e-02 +3.2110e+00 -3.0473e+00
6789 +6.302577283e-01 +6.302577283e-01 +5.655025773e+01 +5.655025773e+01 +1.5407e+00 -2.9506e+00 -6.0914e-01 +2.0807e+00 -2.7207e-01 +9.5628e-01 +1.9064e+00 -2.2128e-01 +3.3509e+00 -3.2190e+00
7164 +3.791544899e-01 +3.791544899e-01 +5.629915449e+01 +5.629915449e+01 +1.4163e+00 -2.9844e+00 -7.0079e-01 +2.1497e+00 -4.5904e-01 +8.0059e-01 +2.2843e+00 -1.9377e-01 +3.3310e+00 -3.3857e+00
7627 +2.186935078e-01 +2.186935078e-01 +5.613869351e+01 +5.613869351e+01 +1.3187e+00 -2.9279e+00 -6.8343e-01 +2.1280e+00 -2.5122e-01 +7.9666e-01 +2.4754e+00 -2.4253e-01 +3.3734e+00 -3.4798e+00
7891 +1.505624654e-01 +1.505624654e-01 +5.607056247e+01 +5.607056247e+01 +1.3467e+00 -2.9870e+00 -4.8486e-01 +2.0926e+00 -9.3668e-02 +8.2739e-01 +2.3286e+00 -4.3835e-01 +3.4533e+00 -3.5925e+00
8012 +9.881198518e-02 +9.881198518e-02 +5.601881199e+01 +5.601881199e+01 +1.3136e+00 -3.0945e+00 -5.7692e-01 +2.1882e+00 -2.7935e-01 +6.9548e-01 +2.4119e+00 -1.5362e-01 +3.6198e+00 -3.6008e+00
8146 +5.888331976e-02 +5.888331976e-02 +5.597888332e+01 +5.597888332e+01 +1.2059e+00 -3.1468e+00 -5.7231e-01 +2.1531e+00 -2.0888e-01 +6.3532e-01 +2.4624e+00 -8.0273e-02 +3.6330e+00 -3.6665e+00
8404 +3.165728497e-02 +3.165728497e-02 +5.595165728e+01 +5.595165728e+01 +1.2412e+00 -3.1196e+00 -5.8636e-01 +2.0622e+00 -1.3261e-01 +8.1352e-01 +2.5002e+00 -1.5675e-01 +3.5867e+00 -3.6769e+00
10317 +1.860184546e-02 +1.860184546e-02 +5.593860185e+01 +5.593860185e+01 +1.1827e+00 -3.3561e+00 -5.2484e-01 +2.0188e+00 +1.0691e-02 +8.0126e-01 +2.5683e+00 -8.3963e-02 +3.5867e+00 -3.7282e+00
13333 +1.317670284e-02 +1.317670284e-02 +5.593317670e+01 +5.593317670e+01 +1.0980e+00 -3.2233e+00 -4.7029e-01 +2.0773e+00 +1.9858e-02 +6.9908e-01 +2.4575e+00 +1.3036e-02 +3.5989e+00 -3.7542e+00
% function evaluation | noise-free fitness - Fopt (4.619000000000e+01) | best noise-free fitness - Fopt | measured fitness | best measured fitness | x1 | x2...
1 +1.128120541e+02 +1.128120541e+02 +1.590020541e+02 +1.590020541e+02 +3.2128e+00 +6.3530e-01 -1.4472e+00 +3.5050e+00 +2.5555e+00 -4.3961e-01 -3.9963e+00 -3.6058e+00 +3.9880e+00 -2.6012e-03
2 +8.909611098e+01 +8.909611098e+01 +1.352861110e+02 +1.352861110e+02 -5.5693e-01 +1.7928e+00 +3.9222e+00 +8.1196e-02 +2.2683e+00 -8.4441e-01 +2.1099e+00 -1.0003e+00 -1.6175e+00 -2.8798e+00
3 +4.147251894e+01 +4.147251894e+01 +8.766251894e+01 +8.766251894e+01 +2.8776e+00 +1.5682e+00 -3.8456e+00 -9.9193e-01 +1.9632e-01 -3.6123e-01 +1.0361e+00 +1.3827e+00 -2.2278e+00 -3.2688e+00
13 +3.852033411e+01 +3.852033411e+01 +8.471033411e+01 +8.471033411e+01 -2.0138e+00 +3.0242e+00 +5.1453e-01 -1.4333e+00 -3.5431e+00 -3.8934e+00 -2.0699e+00 +2.9720e+00 -1.5042e-01 +2.7681e+00
65 +2.244095628e+01 +2.244095628e+01 +6.863095628e+01 +6.863095628e+01 -1.3985e+00 -1.3669e+00 +8.0624e-01 -1.3129e-01 -2.1919e+00 -2.3787e+00 +9.1094e-01 +6.6478e-01 -1.6222e+00 +2.7634e+00
76 +1.539257869e+01 +1.539257869e+01 +6.158257869e+01 +6.158257869e+01 -1.0198e+00 +2.2329e-01 -2.3509e+00 +8.4183e-01 -3.3045e+00 -3.1255e+00 -9.9014e-01 -3.5904e+00 +1.2389e+00 -1.9649e+00
1243 +9.927203104e+00 +9.927203104e+00 +5.611720310e+01 +5.611720310e+01 -1.0889e+00 -1.1714e+00 -2.4069e-01 -1.3179e+00 -2.4558e+00 -2.3890e+00 +6.0191e-01 -4.5220e-01 +6.0455e-01 +1.8668e+00
3229 +6.221312662e+00 +6.221312662e+00 +5.241131266e+01 +5.241131266e+01 -6.1698e-01 -7.5503e-01 -7.3347e-01 -1.2449e+00 -2.6363e+00 -1.9866e+00 +9.9974e-01 -8.0894e-01 +1.4303e+00 +2.2052e+00
4870 +3.921945885e+00 +3.921945885e+00 +5.011194589e+01 +5.011194589e+01 +1.2259e-01 -6.7982e-01 -1.1889e+00 -1.2656e+00 -2.9094e+00 -1.8630e+00 +9.5634e-01 -1.3000e+00 +1.9380e+00 +2.4349e+00
6114 +2.508312746e+00 +2.508312746e+00 +4.869831275e+01 +4.869831275e+01 +3.6442e-01 -3.9735e-01 -1.6703e+00 -1.5111e+00 -2.9158e+00 -1.4885e+00 +1.0223e+00 -1.5283e+00 +2.0323e+00 +2.5878e+00
6764 +1.572094835e+00 +1.572094835e+00 +4.776209483e+01 +4.776209483e+01 +5.7613e-01 -1.4077e-01 -1.8889e+00 -1.7336e+00 -3.0917e+00 -1.5351e+00 +1.1879e+00 -1.6303e+00 +2.2816e+00 +2.9646e+00
7308 +9.782143669e-01 +9.782143669e-01 +4.716821437e+01 +4.716821437e+01 +7.0959e-01 +8.5422e-02 -2.1902e+00 -1.8534e+00 -3.1944e+00 -1.3541e+00 +1.3093e+00 -1.5794e+00 +2.4805e+00 +2.9038e+00
8023 +5.582606948e-01 +5.582606948e-01 +4.674826069e+01 +4.674826069e+01 +9.0206e-01 +2.2579e-01 -2.4552e+00 -1.8940e+00 -3.2452e+00 -1.2807e+00 +1.4336e+00 -1.6982e+00 +2.3939e+00 +2.9707e+00
8401 +3.842796699e-01 +3.842796699e-01 +4.657427967e+01 +4.657427967e+01 +9.9831e-01 +3.3872e-01 -2.5460e+00 -2.0250e+00 -3.3809e+00 -1.3551e+00 +1.4427e+00 -1.8806e+00 +2.4204e+00 +2.8887e+00
8801 +2.224779277e-01 +2.224779277e-01 +4.641247793e+01 +4.641247793e+01 +1.1613e+00 +3.5310e-01 -2.6628e+00 -2.1388e+00 -3.3485e+00 -1.3162e+00 +1.4933e+00 -1.8432e+00 +2.4653e+00 +2.9257e+00
9267 +1.469183707e-01 +1.469183707e-01 +4.633691837e+01 +4.633691837e+01 +1.1733e+00 +2.3702e-01 -2.7607e+00 -2.2454e+00 -3.3576e+00 -1.3323e+00 +1.4502e+00 -1.9078e+00 +2.5583e+00 +2.9382e+00
9530 +9.901001825e-02 +9.901001825e-02 +4.628901002e+01 +4.628901002e+01 +1.2274e+00 +2.4542e-01 -2.9186e+00 -2.2571e+00 -3.3549e+00 -1.2688e+00 +1.4645e+00 -1.9897e+00 +2.4851e+00 +3.0047e+00
9930 +5.543257756e-02 +5.543257756e-02 +4.624543258e+01 +4.624543258e+01 +1.2515e+00 +2.9386e-01 -3.0545e+00 -2.2060e+00 -3.5261e+00 -1.3365e+00 +1.5008e+00 -1.9113e+00 +2.4805e+00 +2.9510e+00
10304 +2.891473866e-02 +2.891473866e-02 +4.621891474e+01 +4.621891474e+01 +1.4170e+00 +2.3082e-01 -3.0930e+00 -2.3828e+00 -3.6393e+00 -1.4815e+00 +1.4914e+00 -2.0305e+00 +2.4558e+00 +2.9439e+00
12671 +2.278909178e-02 +2.278909178e-02 +4.621278909e+01 +4.621278909e+01 +1.1427e+00 +3.0321e-01 -3.4184e+00 -2.3787e+00 -3.6650e+00 -1.3476e+00 +1.3328e+00 -1.9396e+00 +2.4055e+00 +2.9540e+00
14848 +1.186249650e-02 +1.186249650e-02 +4.620186250e+01 +4.620186250e+01 +1.2691e+00 +1.8221e-01 -3.2443e+00 -2.4890e+00 -3.6391e+00 -1.4366e+00 +1.4470e+00 -1.9622e+00 +2.5183e+00 +2.8555e+00
% function evaluation | noise-free fitness - Fopt (-3.994000000000e+01) | best noise-free fitness - Fopt | measured fitness | best measured fitness | x1 | x2...
1 +5.167547289e+01 +5.167547289e+01 +1.173547289e+01 +1.173547289e+01 -3.9864e+00 +7.9842e-01 -1.3399e+00 +1.7325e+00 +1.4159e+00 +1.3788e+00 +2.4991e-01 -1.8648e+00 -3.7718e-01 -1.5223e+00
2 +3.359909651e+01 +3.359909651e+01 -6.340903490e+00 -6.340903490e+00 -3.1491e+00 +1.2617e+00 +4.7775e-02 -2.4947e+00 +3.5698e+00 -1.3906e+00 -2.2274e+00 +1.1437e+00 +1.5083e+00 +3.2935e+00
3 +4.901910423e+00 +4.901910423e+00 -3.503808958e+01 -3.503808958e+01 -2.4004e+00 -1.0699e+00 +1.8035e+00 -3.7173e+00 +4.9360e-01 -2.1567e+00 -1.2765e+00 +1.8445e+00 -1.0414e+00 +2.1999e+00
551 +3.863296447e+00 +3.863296447e+00 -3.607670355e+01 -3.607670355e+01 -2.2511e+00 -9.7591e-01 +1.7629e+00 -3.3501e+00 +4.1163e-01 -2.4577e+00 -1.4812e+00 +1.8164e+00 -1.0400e+00 +2.1027e+00
2323 +2.506235445e+00 +2.506235445e+00 -3.743376456e+01 -3.743376456e+01 -1.6204e+00 -9.8697e-01 +1.4997e+00 -2.6791e+00 -1.6746e-01 -2.6482e+00 -1.7354e+00 +1.9431e+00 -1.1840e+00 +2.0932e+00
3826 +1.575188982e+00 +1.575188982e+00 -3.836481102e+01 -3.836481102e+01 -1.3971e+00 -1.5611e+00 +1.0920e+00 -2.2196e+00 -5.6450e-01 -2.6315e+00 -1.8999e+00 +1.6094e+00 -1.1815e+00 +1.5697e+00
5072 +9.752267618e-01 +9.752267618e-01 -3.896477324e+01 -3.896477324e+01 -8.9292e-01 -1.7528e+00 +1.0707e+00 -1.9906e+00 -8.3754e-01 -2.7879e+00 -2.0292e+00 +1.7682e+00 -1.3120e+00 +1.4572e+00
5721 +5.375087470e-01 +5.375087470e-01 -3.940249125e+01 -3.940249125e+01 -5.7977e-01 -1.7058e+00 +8.2726e-01 -1.7462e+00 -1.0870e+00 -2.6660e+00 -1.9718e+00 +1.7205e+00 -1.5053e+00 +1.3192e+00
6201 +3.373010333e-01 +3.373010333e-01 -3.960269897e+01 -3.960269897e+01 -5.3429e-01 -1.6379e+00 +7.8723e-01 -1.5800e+00 -1.2665e+00 -2.7173e+00 -2.1409e+00 +1.8282e+00 -1.4571e+00 +1.3352e+00
6584 +2.340012879e-01 +2.340012879e-01 -3.970599871e+01 -3.970599871e+01 -2.9273e-01 -1.5735e+00 +8.6559e-01 -1.5699e+00 -1.2398e+00 -2.6472e+00 -2.1837e+00 +1.7073e+00 -1.5644e+00 +1.2326e+00
6722 +1.423096244e-01 +1.423096244e-01 -3.979769038e+01 -3.979769038e+01 -2.4506e-01 -1.6575e+00 +8.8392e-01 -1.4597e+00 -1.3199e+00 -2.6269e+00 -2.2570e+00 +1.6239e+00 -1.6322e+00 +1.2329e+00
6985 +8.185425546e-02 +8.185425546e-02 -3.985814574e+01 -3.985814574e+01 -2.6464e-01 -1.5444e+00 +8.4831e-01 -1.4016e+00 -1.2901e+00 -2.7864e+00 -2.3844e+00 +1.5690e+00 -1.5272e+00 +1.1810e+00
7108 +5.905505386e-02 +5.905505386e-02 -3.988094495e+01 -3.988094495e+01 -3.2077e-01 -1.5452e+00 +7.5138e-01 -1.4554e+00 -1.3511e+00 -2.8269e+00 -2.4261e+00 +1.5552e+00 -1.5718e+00 +1.0896e+00
8233 +3.941393849e-02 +3.941393849e-02 -3.990058606e+01 -3.990058606e+01 -3.6969e-01 -1.6051e+00 +6.7762e-01 -1.4165e+00 -1.3961e+00 -2.9471e+00 -2.3751e+00 +1.5219e+00 -1.6387e+00 +1.1999e+00
8483 +1.041202398e-02 +1.041202398e-02 -3.992958798e+01 -3.992958798e+01 -3.6657e-01 -1.4495e+00 +6.3284e-01 -1.3935e+00 -1.5297e+00 -3.0560e+00 -2.2959e+00 +1.5170e+00 -1.6913e+00 +1.2365e+00
% function evaluation | noise-free fitness - Fopt (-1.000000000000e+03) | best noise-free fitness - Fopt | measured fitness | best measured fitness | x1 | x2...
1 +6.688539832e+01 +6.688539832e+01 -9.331146017e+02 -9.331146017e+02 -3.9541e+00 +1.3326e+00 -1.4267e+00 +2.8799e+00 +3.9238e+00 +2.3348e+00 -1.8490e+00 +2.2256e+00 +2.6632e+00 -2.7225e+00
3 +3.810448016e+01 +3.810448016e+01 -9.618955198e+02 -9.618955198e+02 +3.5809e+00 +1.3211e+00 -9.2388e-01 -3.7888e+00 +2.0390e+00 -2.1066e+00 -3.9316e+00 -2.1587e+00 -1.8315e+00 +3.3044e+00
10 +2.197952710e+01 +2.197952710e+01 -9.780204729e+02 -9.780204729e+02 -2.1245e+00 -3.5678e+00 -3.6149e+00 -1.4702e+00 +1.6899e+00 +2.9925e+00 +6.9062e-01 +2.5894e+00 +4.7597e-01 -6.6186e-03
38 +1.436254783e+01 +1.436254783e+01 -9.856374522e+02 -9.856374522e+02 +2.3403e+00 -1.4000e+00 -1.8282e+00 +2.0289e+00 +7.4211e-01 +1.8508e+00 -2.9733e-01 +2.6551e+00 +2.0295e+00 +3.3990e+00
91 +8.533698904e+00 +8.533698904e+00 -9.914663011e+02 -9.914663011e+02 +8.1048e-01 -1.9027e+00 -7.3894e-01 +1.8720e+00 +1.6336e+00 -3.3248e-01 +1.7587e+00 +8.7750e-01 -6.2135e-01 +1.4219e+00
466 +6.247562246e+00 +6.247562246e+00 -9.937524378e+02 -9.937524378e+02 +3.2475e+00 -2.0217e-01 -4.1030e-01 -1.0942e-01 +1.8932e+00 -2.1970e-01 -6.4385e-01 +6.8101e-01 +2.6714e-01 -1.9785e+00
2128 +3.946568326e+00 +3.946568326e+00 -9.960534317e+02 -9.960534317e+02 +2.9450e+00 -9.2745e-01 -1.6860e-01 -5.5264e-01 +2.1617e+00 -4.0586e-01 -7.6551e-01 +1.2697e+00 +2.9014e-01 -2.1160e+00
3612 +2.492773456e+00 +2.492773456e+00 -9.975072265e+02 -9.975072265e+02 +2.6075e+00 -1.4820e+00 -1.8621e-01 -9.0604e-01 +2.3722e+00 -5.9329e-01 -3.5779e-01 +1.6385e+00 +5.8047e-01 -1.9361e+00
4876 +1.578175094e+00 +1.578175094e+00 -9.984218249e+02 -9.984218249e+02 +2.4917e+00 -1.9544e+00 +1.7706e-01 -9.9277e-01 +2.5267e+00 -8.9044e-01 -4.1068e-02 +1.8979e+00 +7.3686e-01 -1.7963e+00
5643 +9.887325561e-01 +9.887325561e-01 -9.990112674e+02 -9.990112674e+02 +2.4529e+00 -2.3775e+00 +2.6071e-01 -1.0791e+00 +2.5812e+00 -7.1384e-01 +1.4298e-01 +1.9174e+00 +1.1099e+00 -1.4599e+00
6372 +6.296828461e-01 +6.296828461e-01 -9.993703172e+02 -9.993703172e+02 +2.2784e+00 -2.6245e+00 +4.8872e-01 -1.2795e+00 +2.9268e+00 -7.7224e-01 +1.0515e-01 +2.0682e+00 +1.2170e+00 -1.2383e+00
6764 +3.634981448e-01 +3.634981448e-01 -9.996365019e+02 -9.996365019e+02 +2.4931e+00 -2.8651e+00 +5.4853e-01 -9.6644e-01 +2.7461e+00 -9.3970e-01 +3.2832e-01 +2.2503e+00 +1.0633e+00 -1.2265e+00
7043 +2.431411608e-01 +2.431411608e-01 -9.997568588e+02 -9.997568588e+02 +2.4945e+00 -3.0291e+00 +5.9786e-01 -9.1914e-01 +2.7225e+00 -1.0445e+00 +2.5903e-01 +2.1737e+00 +1.0429e+00 -1.0479e+00
7299 +1.225757612e-01 +1.225757612e-01 -9.998774242e+02 -9.998774242e+02 +2.4594e+00 -3.1944e+00 +7.4979e-01 -8.9263e-01 +2.7744e+00 -1.1534e+00 +1.2182e-01 +2.2487e+00 +1.1048e+00 -1.0069e+00
7759 +9.977607389e-02 +9.977607389e-02 -9.999002239e+02 -9.999002239e+02 +2.5271e+00 -3.1351e+00 +7.7994e-01 -8.7803e-01 +2.8817e+00 -1.0955e+00 +2.6326e-01 +2.1945e+00 +1.2018e+00 -1.1081e+00
7898 +6.002502451e-02 +6.002502451e-02 -9.999399750e+02 -9.999399750e+02 +2.4134e+00 -3.1322e+00 +8.0098e-01 -9.4118e-01 +2.7971e+00 -1.1201e+00 +2.5853e-01 +2.3280e+00 +1.1836e+00 -1.0624e+00
8543 +2.640401537e-02 +2.640401537e-02 -9.999735960e+02 -9.999735960e+02 +2.3544e+00 -3.1906e+00 +8.3058e-01 -8.3982e-01 +3.0158e+00 -1.1047e+00 +2.2416e-01 +2.4553e+00 +1.1618e+00 -1.1396e+00
8663 +1.967189046e-02 +1.967189046e-02 -9.999803281e+02 -9.999803281e+02 +2.2707e+00 -3.1829e+00 +7.7998e-01 -7.7731e-01 +2.9347e+00 -1.1730e+00 +1.8608e-01 +2.4021e+00 +1.2598e+00 -1.1249e+00
10658 +1.195871366e-02 +1.195871366e-02 -9.999880413e+02 -9.999880413e+02 +2.4983e+00 -3.1989e+00 +7.7330e-01 -8.9331e-01 +3.1318e+00 -1.1413e+00 +1.8464e-01 +2.5596e+00 +1.2346e+00 -9.8853e-01
14717 +5.961804072e-03 +5.961804072e-03 -9.999940382e+02 -9.999940382e+02 +2.4152e+00 -3.2322e+00 +7.3616e-01 -7.8016e-01 +3.0423e+00 -1.1917e+00 +1.2678e-01 +2.5276e+00 +1.1937e+00 -1.0831e+00
% function evaluation | noise-free fitness - Fopt (-5.039000000000e+01) | best noise-free fitness - Fopt | measured fitness | best measured fitness | x1 | x2...
1 +4.801398928e+01 +4.801398928e+01 -2.376010722e+00 -2.376010722e+00 +2.9227e+00 -2.7615e+00 -3.1607e+00 -3.8557e+00 -2.6832e+00 +3.9760e+00 +2.5492e+00 +3.6011e+00 +1.1986e+00 +2.3915e+00
2 +2.039423382e+01 +2.039423382e+01 -2.999576618e+01 -2.999576618e+01 -1.5248e+00 -1.3795e+00 +9.5566e-01 -2.8973e+00 +1.9426e+00 -1.2874e+00 -1.5120e+00 +9.3438e-01 +3.3800e+00 +8.1629e-01
16 +9.914784123e+00 +9.914784123e+00 -4.047521588e+01 -4.047521588e+01 +3.9439e+00 -9.1900e-01 +3.7097e-01 -2.7738e+00 -2.4402e+00 +1.0687e+00 -3.3871e+00 +2.6521e+00 +6.5339e-01 +1.7682e-01
676 +6.228659817e+00 +6.228659817e+00 -4.416134018e+01 -4.416134018e+01 -7.5478e-01 -1.4872e+00 +6.6434e-01 -2.5659e+00 -1.4182e+00 -8.5159e-01 -2.7230e+00 +1.6168e+00 +2.5940e+00 -6.5169e-04
2185 +3.944070201e+00 +3.944070201e+00 -4.644592980e+01 -4.644592980e+01 -7.1339e-01 -1.6557e+00 +1.0274e+00 -1.8233e+00 -1.0127e+00 -7.8294e-01 -2.6637e+00 +1.5031e+00 +2.4949e+00 -7.5810e-01
3355 +2.462249860e+00 +2.462249860e+00 -4.792775014e+01 -4.792775014e+01 +8.2040e-01 -2.2773e+00 +1.0936e+00 +6.4178e-02 -2.2024e+00 +1.6196e+00 -2.6175e+00 +2.8626e+00 +2.3184e+00 -1.3081e+00
4015 +1.551208471e+00 +1.551208471e+00 -4.883879153e+01 -4.883879153e+01 +5.5413e-01 -2.2810e+00 +1.3292e+00 +2.3296e-01 -2.2843e+00 +1.4030e+00 -2.5864e+00 +2.8519e+00 +1.8354e+00 -1.5401e+00
4866 +9.921908858e-01 +9.921908858e-01 -4.939780911e+01 -4.939780911e+01 +4.2598e-01 -2.2706e+00 +1.4780e+00 +4.1615e-01 -2.2010e+00 +1.1553e+00 -2.6165e+00 +2.8054e+00 +1.8709e+00 -1.7639e+00
5272 +6.171122546e-01 +6.171122546e-01 -4.977288775e+01 -4.977288775e+01 +4.9629e-01 -2.3663e+00 +1.6623e+00 +4.7653e-01 -2.0962e+00 +9.5638e-01 -2.4303e+00 +2.5807e+00 +1.7277e+00 -1.9961e+00
5775 +3.940135456e-01 +3.940135456e-01 -4.999598645e+01 -4.999598645e+01 +3.2057e-01 -2.2516e+00 +1.7522e+00 +6.4673e-01 -2.2062e+00 +7.6339e-01 -2.5070e+00 +2.6021e+00 +1.9123e+00 -2.1001e+00
6380 +2.328293100e-01 +2.328293100e-01 -5.015717069e+01 -5.015717069e+01 +3.6280e-01 -2.0793e+00 +1.9212e+00 +6.3502e-01 -2.1647e+00 +6.2264e-01 -2.4584e+00 +2.5195e+00 +1.8127e+00 -2.0195e+00
6770 +1.144492236e-01 +1.144492236e-01 -5.027555078e+01 -5.027555078e+01 +3.0060e-01 -1.9770e+00 +1.9288e+00 +6.0684e-01 -2.0604e+00 +4.0449e-01 -2.6213e+00 +2.5502e+00 +1.7404e+00 -2.0720e+00
6894 +9.719632706e-02 +9.719632706e-02 -5.029280367e+01 -5.029280367e+01 +3.0387e-01 -1.9701e+00 +1.9050e+00 +6.7828e-01 -2.1298e+00 +3.6443e-01 -2.4674e+00 +2.5521e+00 +1.8038e+00 -2.2002e+00
7162 +4.881614895e-02 +4.881614895e-02 -5.034118385e+01 -5.034118385e+01 +2.8103e-01 -1.8741e+00 +1.8979e+00 +7.9822e-01 -1.9771e+00 +2.8237e-01 -2.4468e+00 +2.5900e+00 +1.6641e+00 -2.1759e+00
7769 +3.957581303e-02 +3.957581303e-02 -5.035042419e+01 -5.035042419e+01 +3.3588e-01 -1.7647e+00 +1.9533e+00 +8.2279e-01 -1.9322e+00 +1.8145e-01 -2.3982e+00 +2.5447e+00 +1.7382e+00 -2.1725e+00
9395 +2.210497754e-02 +2.210497754e-02 -5.036789502e+01 -5.036789502e+01 +3.7005e-01 -2.0087e+00 +2.1439e+00 +7.6705e-01 -1.9119e+00 +8.2634e-02 -2.4121e+00 +2.2350e+00 +1.6320e+00 -1.9581e+00
11440 +1.502165941e-02 +1.502165941e-02 -5.037497834e+01 -5.037497834e+01 +1.8908e-01 -1.8371e+00 +1.9834e+00 +7.3672e-01 -2.0222e+00 +7.4684e-02 -2.6246e+00 +2.4332e+00 +1.7376e+00 -1.9819e+00
% function evaluation | noise-free fitness - Fopt (-7.027000000000e+01) | best noise-free fitness - Fopt | measured fitness | best measured fitness | x1 | x2...
1 +1.614646762e+02 +1.614646762e+02 +9.119467617e+01 +9.119467617e+01 -7.3150e-01 -4.5450e-01 +2.2454e+00 -3.3999e+00 +6.7537e-01 -3.7392e-01 -6.3348e-01 +3.7146e+00 +1.7581e+00 -9.3562e-01
2 +9.065259568e+01 +9.065259568e+01 +2.038259568e+01 +2.038259568e+01 +2.4432e-01 +2.7746e+00 +3.9906e+00 +3.0902e+00 -1.2201e+00 -3.0899e+00 +3.6445e+00 +3.4806e-01 -3.7163e+00 +1.1153e+00
6 +4.360231602e+01 +4.360231602e+01 -2.666768398e+01 -2.666768398e+01 +3.8855e+00 -1.4071e+00 +5.1749e-01 +2.8843e+00 +1.2194e+00 +1.0495e+00 +1.2790e+00 +1.9026e+00 -2.2801e-01 +1.9459e+00
9 +2.047560110e+01 +2.047560110e+01 -4.979439890e+01 -4.979439890e+01 +1.5088e+00 -3.0896e+00 +8.2149e-01 +3.3488e+00 -3.6746e+00 -1.9497e+00 -7.3397e-01 +1.5889e+00 -1.9344e-01 +2.4995e+00
53 +1.257533000e+01 +1.257533000e+01 -5.769467000e+01 -5.769467000e+01 -2.7072e-01 -6.2247e-02 +7.2887e-01 +3.0578e-01 -2.2512e+00 -6.9897e-01 -8.3954e-01 -1.0896e+00 -3.5414e+00 +8.2023e-01
259 +9.656881409e+00 +9.656881409e+00 -6.061311859e+01 -6.061311859e+01 +2.0527e+00 -3.4286e+00 -9.5358e-01 +3.8008e-01 -3.5847e+00 -2.5653e+00 +3.6225e+00 +9.4567e-01 -3.1357e+00 +1.8932e+00
1627 +6.168383479e+00 +6.168383479e+00 -6.410161652e+01 -6.410161652e+01 +2.2992e+00 -3.3880e+00 -1.1468e+00 +3.4720e-01 -3.7397e+00 -2.2256e+00 +3.1733e+00 +9.7406e-01 -3.3078e+00 +2.1416e+00
3275 +3.970996629e+00 +3.970996629e+00 -6.629900337e+01 -6.629900337e+01 +2.5045e+00 -2.9939e+00 -1.2841e+00 +6.0723e-01 -3.7082e+00 -1.8753e+00 +2.5411e+00 +8.1422e-01 -3.4249e+00 +2.4196e+00
5429 +2.474941949e+00 +2.474941949e+00 -6.779505805e+01 -6.779505805e+01 +2.8724e+00 -2.8729e+00 -1.8962e+00 +8.5203e-01 -3.6026e+00 -1.4078e+00 +1.9223e+00 +8.5521e-01 -3.5350e+00 +2.6167e+00
6946 +1.560430957e+00 +1.560430957e+00 -6.870956904e+01 -6.870956904e+01 +2.9963e+00 -2.9398e+00 -2.4600e+00 +9.8313e-01 -3.5029e+00 -1.2256e+00 +1.3420e+00 +7.5816e-01 -3.7098e+00 +2.5163e+00
8060 +9.528225384e-01 +9.528225384e-01 -6.931717746e+01 -6.931717746e+01 +3.0364e+00 -2.9313e+00 -2.9323e+00 +1.1602e+00 -3.4556e+00 -1.1886e+00 +8.9858e-01 +6.9834e-01 -3.6661e+00 +2.4544e+00
8710 +6.124985251e-01 +6.124985251e-01 -6.965750147e+01 -6.965750147e+01 +2.9306e+00 -2.8860e+00 -3.2368e+00 +1.3304e+00 -3.3580e+00 -1.1408e+00 +7.0258e-01 +8.1967e-01 -3.8582e+00 +2.3996e+00
9438 +3.389963211e-01 +3.389963211e-01 -6.993100368e+01 -6.993100368e+01 +2.9477e+00 -2.8608e+00 -3.3540e+00 +1.3166e+00 -3.1550e+00 -1.1785e+00 +4.9113e-01 +9.0838e-01 -3.8325e+00 +2.4618e+00
9706 +2.313484925e-01 +2.313484925e-01 -7.003865151e+01 -7.003865151e+01 +3.0566e+00 -2.9867e+00 -3.4776e+00 +1.3716e+00 -3.2150e+00 -1.0075e+00 +3.4071e-01 +8.6798e-01 -3.7866e+00 +2.5844e+00
9839 +1.274758753e-01 +1.274758753e-01 -7.014252412e+01 -7.014252412e+01 +3.0538e+00 -2.9100e+00 -3.5467e+00 +1.4183e+00 -3.1207e+00 -1.0091e+00 +2.8813e-01 +8.2726e-01 -3.6895e+00 +2.5752e+00
10093 +6.799584991e-02 +6.799584991e-02 -7.020200415e+01 -7.020200415e+01 +3.0921e+00 -3.0579e+00 -3.6059e+00 +1.4559e+00 -3.0509e+00 -1.0166e+00 +1.3961e-01 +7.6682e-01 -3.6433e+00 +2.5917e+00
10347 +6.246607983e-02 +6.246607983e-02 -7.020753392e+01 -7.020753392e+01 +3.0049e+00 -3.0925e+00 -3.6794e+00 +1.3661e+00 -3.1173e+00 -1.1553e+00 +1.3696e-01 +6.4616e-01 -3.7885e+00 +2.7361e+00
10828 +2.274050678e-02 +2.274050678e-02 -7.024725949e+01 -7.024725949e+01 +3.1186e+00 -3.0553e+00 -3.6919e+00 +1.3757e+00 -3.0337e+00 -1.1300e+00 +1.4312e-01 +5.8514e-01 -3.7132e+00 +2.6130e+00
% function evaluation | noise-free fitness - Fopt (-6.944000000000e+01) | best noise-free fitness - Fopt | measured fitness | best measured fitness | x1 | x2...
1 +1.109995419e+01 +1.109995419e+01 -5.834004581e+01 -5.834004581e+01 +1.2080e+00 -3.6182e+00 +2.1774e+00 -1.1354e+00 +6.7628e-01 +8.1653e-01 +1.5812e+00 -2.2798e+00 +3.2643e+00 +1.8014e-01
52 +9.858832817e+00 +9.858832817e+00 -5.958116718e+01 -5.958116718e+01 +3.4080e+00 +6.4671e-01 +2.9784e+00 -1.1334e-01 -3.4503e+00 -3.5766e+00 +1.9182e+00 +2.6742e+00 +6.9346e-01 -2.3957e+00
461 +6.228423249e+00 +6.228423249e+00 -6.321157675e+01 -6.321157675e+01 +3.1138e+00 +2.5708e-01 +2.6159e+00 -3.5151e-01 -2.3538e+00 -2.4959e+00 +1.8275e+00 +1.8915e+00 +9.4843e-01 -2.4091e+00
1986 +3.942486077e+00 +3.942486077e+00 -6.549751392e+01 -6.549751392e+01 +3.0577e+00 +2.3830e-01 +3.1163e+00 +4.4349e-02 -1.8253e+00 -1.8613e+00 +1.3673e+00 +1.9285e+00 +1.1673e+00 -2.1047e+00
3486 +2.445101489e+00 +2.445101489e+00 -6.699489851e+01 -6.699489851e+01 +2.8884e+00 +1.2007e-01 +3.0676e+00 +7.6273e-01 -1.5382e+00 -1.6853e+00 +9.3195e-01 +1.7376e+00 +1.5944e+00 -2.0642e+00
4603 +1.490326263e+00 +1.490326263e+00 -6.794967374e+01 -6.794967374e+01 +2.4971e+00 +4.1590e-01 +3.3563e+00 +1.1788e+00 -1.3973e+00 -1.2991e+00 +7.1668e-01 +1.6110e+00 +1.7553e+00 -2.1420e+00
5390 +9.913933856e-01 +9.913933856e-01 -6.844860661e+01 -6.844860661e+01 +2.4126e+00 +4.9843e-01 +3.3867e+00 +1.4733e+00 -1.2377e+00 -1.0570e+00 +4.7506e-01 +1.4318e+00 +1.8305e+00 -2.2584e+00
6250 +6.307823238e-01 +6.307823238e-01 -6.880921768e+01 -6.880921768e+01 +2.2158e+00 +7.2909e-01 +3.3491e+00 +1.5903e+00 -1.1402e+00 -8.7170e-01 +2.8557e-01 +1.5567e+00 +1.8442e+00 -2.3675e+00
6635 +3.978992559e-01 +3.978992559e-01 -6.904210074e+01 -6.904210074e+01 +2.3151e+00 +6.9461e-01 +3.4916e+00 +1.8321e+00 -1.0277e+00 -6.5495e-01 +2.0501e-01 +1.5449e+00 +1.9113e+00 -2.2222e+00
6896 +2.508170567e-01 +2.508170567e-01 -6.918918294e+01 -6.918918294e+01 +2.2114e+00 +8.3839e-01 +3.5798e+00 +1.8633e+00 -8.8998e-01 -5.5866e-01 +2.0811e-01 +1.3699e+00 +2.0637e+00 -2.2015e+00
7291 +1.493752281e-01 +1.493752281e-01 -6.929062477e+01 -6.929062477e+01 +2.1735e+00 +7.9511e-01 +3.6526e+00 +1.9685e+00 -8.7241e-01 -4.4636e-01 +5.4312e-02 +1.2772e+00 +2.0568e+00 -2.2173e+00
7881 +8.995670300e-02 +8.995670300e-02 -6.935004330e+01 -6.935004330e+01 +2.1184e+00 +8.8389e-01 +3.6687e+00 +2.0090e+00 -6.8870e-01 -4.7886e-01 +8.4602e-02 +1.2080e+00 +1.6963e+00 -2.1867e+00
8034 +3.559451263e-02 +3.559451263e-02 -6.940440549e+01 -6.940440549e+01 +2.0292e+00 +7.5107e-01 +3.7025e+00 +1.9823e+00 -7.3501e-01 -4.1867e-01 -3.8909e-02 +1.1584e+00 +1.7334e+00 -2.1714e+00
11443 +1.737080550e-02 +1.737080550e-02 -6.942262919e+01 -6.942262919e+01 +1.9451e+00 +7.1479e-01 +3.6329e+00 +2.0424e+00 -7.6169e-01 -2.9821e-01 -1.5203e-01 +9.8774e-01 +1.5759e+00 -2.2306e+00
% function evaluation | noise-free fitness - Fopt (1.261900000000e+02) | best noise-free fitness - Fopt | measured fitness | best measured fitness | x1 | x2...
1 +2.972764264e+01 +2.972764264e+01 +1.559176426e+02 +1.559176426e+02 +3.5516e+00 +3.0410e+00 +1.1391e-01 +2.7610e+00 +3.6457e-01 -2.4123e+00 +3.2569e+00 -1.5759e+00 +3.0107e+00 -3.0853e+00
6 +2.337126117e+01 +2.337126117e+01 +1.495612612e+02 +1.495612612e+02 +4.2516e-01 +4.5815e-01 +4.0512e-01 +3.3584e+00 -2.6583e-01 -1.0928e+00 +3.1595e+00 +3.1305e+00 -2.9832e+00 -2.1867e+00
38 +9.855657972e+00 +9.855657972e+00 +1.360456580e+02 +1.360456580e+02 -8.5605e-01 +1.2259e+00 -8.3450e-01 +1.5358e+00 -1.0676e+00 +3.0477e+00 -1.6022e+00 +1.1288e+00 -3.0956e+00 +2.0680e-01
933 +6.141636103e+00 +6.141636103e+00 +1.323316361e+02 +1.323316361e+02 -5.3719e-01 +1.2195e+00 -9.0406e-01 +1.0115e+00 -9.8053e-01 +3.0853e+00 -1.2181e+00 +1.1406e+00 -3.2121e+00 +3.8230e-01
2061 +3.961756802e+00 +3.961756802e+00 +1.301517568e+02 +1.301517568e+02 +3.7298e-02 +1.0699e+00 -1.0208e+00 +8.5324e-01 -1.2335e+00 +3.0736e+00 -1.0312e+00 +1.2877e+00 -3.3056e+00 +5.3857e-01
3438 +2.467839320e+00 +2.467839320e+00 +1.286578393e+02 +1.286578393e+02 +6.4812e-01 +9.5229e-01 -1.2823e+00 +1.0786e+00 -1.4461e+00 +2.8596e+00 -7.4677e-01 +1.1947e+00 -3.0531e+00 +1.0938e+00
4946 +1.573682166e+00 +1.573682166e+00 +1.277636822e+02 +1.277636822e+02 +1.0961e+00 +5.8796e-01 -1.5102e+00 +1.2142e+00 -1.6031e+00 +3.1330e+00 -5.9166e-01 +1.3011e+00 -3.0606e+00 +1.5054e+00
5731 +9.562727620e-01 +9.562727620e-01 +1.271462728e+02 +1.271462728e+02 +1.3303e+00 +4.5429e-01 -1.2983e+00 +1.1888e+00 -1.8864e+00 +3.3836e+00 -1.0233e+00 +1.4846e+00 -3.3126e+00 +1.9122e+00
6463 +6.264539453e-01 +6.264539453e-01 +1.268164539e+02 +1.268164539e+02 +1.4656e+00 +4.3753e-01 -1.4658e+00 +1.2048e+00 -2.0988e+00 +3.4302e+00 -1.1160e+00 +1.4699e+00 -3.3215e+00 +2.2014e+00
6974 +3.820708124e-01 +3.820708124e-01 +1.265720708e+02 +1.265720708e+02 +1.6586e+00 +3.7839e-01 -1.5994e+00 +1.3814e+00 -2.3699e+00 +3.3454e+00 -1.1877e+00 +1.5074e+00 -3.2594e+00 +2.2758e+00
7578 +2.102006263e-01 +2.102006263e-01 +1.264002006e+02 +1.264002006e+02 +1.7267e+00 +4.5931e-01 -1.7282e+00 +1.4616e+00 -2.4850e+00 +3.3862e+00 -1.0761e+00 +1.5940e+00 -3.2004e+00 +2.4020e+00
7836 +1.479486524e-01 +1.479486524e-01 +1.263379487e+02 +1.263379487e+02 +1.7797e+00 +2.9351e-01 -1.7789e+00 +1.5593e+00 -2.4854e+00 +3.3861e+00 -1.1592e+00 +1.5674e+00 -3.1781e+00 +2.5351e+00
8228 +9.329684839e-02 +9.329684839e-02 +1.262832968e+02 +1.262832968e+02 +1.8145e+00 +1.7708e-01 -1.8472e+00 +1.6179e+00 -2.3720e+00 +3.3311e+00 -9.9532e-01 +1.6585e+00 -3.1189e+00 +2.5509e+00
8491 +5.468119121e-02 +5.468119121e-02 +1.262446812e+02 +1.262446812e+02 +1.8786e+00 +1.7317e-01 -1.8538e+00 +1.5367e+00 -2.4410e+00 +3.3822e+00 -1.0181e+00 +1.6127e+00 -3.2656e+00 +2.6399e+00
9099 +3.951697875e-02 +3.951697875e-02 +1.262295170e+02 +1.262295170e+02 +2.0585e+00 +1.4221e-01 -1.7995e+00 +1.5786e+00 -2.3851e+00 +3.3463e+00 -9.9415e-01 +1.6638e+00 -3.3391e+00 +2.6624e+00
10723 +2.260516889e-02 +2.260516889e-02 +1.262126052e+02 +1.262126052e+02 +2.1534e+00 +1.8274e-01 -1.8885e+00 +1.4166e+00 -2.5674e+00 +3.2811e+00 -8.3687e-01 +1.7998e+00 -3.2608e+00 +2.6168e+00
