% function evaluation | noise-free fitness - Fopt (-5.235000000000e+01) | best noise-free fitness - Fopt | measured fitness | best measured fitness | x1 | x2...
1 +3.717433209e+02 +3.717433209e+02 +3.193933209e+02 +3.193933209e+02 +1.0472e-01 +1.9023e+00 +5.0876e-01 +3.3088e+00 +3.6118e+00
2 +8.275931274e+01 +8.275931274e+01 +3.040931274e+01 +3.040931274e+01 -9.8770e-01 -2.2775e-01 -2.2945e-01 -7.7622e-01 +3.0296e+00
5 +1.872940098e+01 +1.872940098e+01 -3.362059902e+01 -3.362059902e+01 -3.4936e-01 +3.9663e+00 +2.8873e+00 -2.6192e+00 +3.6318e-01
46 +6.888785884e+00 +6.888785884e+00 -4.546121412e+01 -4.546121412e+01 -2.6378e+00 +9.3546e-01 +2.2005e+00 +4.7309e-01 -1.6516e+00
64 +5.538025165e+00 +5.538025165e+00 -4.681197483e+01 -4.681197483e+01 +1.9497e-01 -5.2128e-01 +3.1629e+00 -3.1176e+00 -3.8349e+00
79 +2.417214217e+00 +2.417214217e+00 -4.993278578e+01 -4.993278578e+01 -1.3691e+00 +5.2106e-01 +2.6439e+00 -2.5128e+00 -2.6171e+00
345 +1.312125067e+00 +1.312125067e+00 -5.103787493e+01 -5.103787493e+01 -1.2620e+00 -5.3682e-01 +2.8132e+00 -2.7036e+00 -2.5839e+00
721 +9.631613843e-01 +9.631613843e-01 -5.138683862e+01 -5.138683862e+01 -1.2844e+00 -6.4512e-01 +2.9631e+00 -2.6358e+00 -2.3710e+00
1248 +6.175731913e-01 +6.175731913e-01 -5.173242681e+01 -5.173242681e+01 -9.1004e-01 -7.9905e-01 +2.8216e+00 -2.5487e+00 -2.2385e+00
1846 +3.447324339e-01 +3.447324339e-01 -5.200526757e+01 -5.200526757e+01 -7.6877e-01 -9.6176e-01 +2.8802e+00 -2.6183e+00 -1.9965e+00
2102 +1.952559471e-01 +1.952559471e-01 -5.215474405e+01 -5.215474405e+01 -9.0022e-01 -1.1919e+00 +2.8403e+00 -2.6546e+00 -1.9598e+00
2233 +1.414181281e-01 +1.414181281e-01 -5.220858187e+01 -5.220858187e+01 -8.4537e-01 -1.2853e+00 +2.6702e+00 -2.5313e+00 -1.9697e+00
2369 +9.718333085e-02 +9.718333085e-02 -5.225281667e+01 -5.225281667e+01 -8.2480e-01 -1.2895e+00 +2.7513e+00 -2.5813e+00 -1.8699e+00
2623 +5.274061106e-02 +5.274061106e-02 -5.229725939e+01 -5.229725939e+01 -9.3404e-01 -1.2861e+00 +2.6509e+00 -2.5800e+00 -1.7788e+00
2767 +3.370115774e-02 +3.370115774e-02 -5.231629884e+01 -5.231629884e+01 -8.9593e-01 -1.3514e+00 +2.7150e+00 -2.4257e+00 -1.6905e+00
3091 +1.896574764e-02 +1.896574764e-02 -5.233103425e+01 -5.233103425e+01 -8.8146e-01 -1.2844e+00 +2.6973e+00 -2.3527e+00 -1.6966e+00
3108 +1.204847370e-02 +1.204847370e-02 -5.233795153e+01 -5.233795153e+01 -8.8148e-01 -1.3028e+00 +2.7216e+00 -2.4177e+00 -1.6441e+00
3748 +4.569891874e-03 +4.569891874e-03 -5.234543011e+01 -5.234543011e+01 -9.2528e-01 -1.2962e+00 +2.5900e+00 -2.3901e+00 -1.4857e+00
% function evaluation | noise-free fitness - Fopt (-1.795400000000e+02) | best noise-free fitness - Fopt | measured fitness | best measured fitness | x1 | x2...
1 +2.075887680e+01 +2.075887680e+01 -1.587811232e+02 -1.587811232e+02 +2.4368e+00 +2.4283e+00 +3.4908e+00 +3.3904e-01 +9.5320e-01
12 +1.131715122e+01 +1.131715122e+01 -1.682228488e+02 -1.682228488e+02 +1.9488e+00 +1.0426e+00 +2.4354e+00 +1.6212e+00 +3.2624e+00
20 +8.851936693e+00 +8.851936693e+00 -1.706880633e+02 -1.706880633e+02 -1.9962e+00 +9.7539e-01 -2.8814e-02 +2.8191e+00 +3.6210e+00
39 +5.055631881e+00 +5.055631881e+00 -1.744843681e+02 -1.744843681e+02 -1.3171e+00 +9.0282e-01 -1.5907e+00 +2.4493e+00 +2.1641e+00
126 +3.819843951e+00 +3.819843951e+00 -1.757201560e+02 -1.757201560e+02 +1.7440e-01 +2.5796e+00 -3.3073e+00 +1.2782e+00 +3.8397e+00
377 +2.324202994e+00 +2.324202994e+00 -1.772157970e+02 -1.772157970e+02 +4.4659e-01 +2.5344e+00 -3.3695e+00 +1.9432e+00 +3.8668e+00
902 +1.549324744e+00 +1.549324744e+00 -1.779906753e+02 -1.779906753e+02 +6.1315e-01 +2.2197e+00 -3.3959e+00 +2.1293e+00 +3.7457e+00
1887 +9.909851350e-01 +9.909851350e-01 -1.785490149e+02 -1.785490149e+02 +5.6954e-01 +1.8420e+00 -3.4530e+00 +2.1795e+00 +3.7573e+00
2406 +5.442863726e-01 +5.442863726e-01 -1.789957136e+02 -1.789957136e+02 +5.6003e-01 +1.3794e+00 -3.2624e+00 +2.2004e+00 +3.7752e+00
2541 +3.963023243e-01 +3.963023243e-01 -1.791436977e+02 -1.791436977e+02 +5.6731e-01 +1.2852e+00 -3.3000e+00 +2.2918e+00 +3.8616e+00
2797 +2.242932470e-01 +2.242932470e-01 -1.793157068e+02 -1.793157068e+02 +6.3585e-01 +1.1735e+00 -3.3715e+00 +2.3448e+00 +4.0520e+00
3275 +1.480136501e-01 +1.480136501e-01 -1.793919863e+02 -1.793919863e+02 +6.8619e-01 +1.0119e+00 -3.3604e+00 +2.3173e+00 +4.0503e+00
3526 +9.253626839e-02 +9.253626839e-02 -1.794474637e+02 -1.794474637e+02 +6.8469e-01 +9.1451e-01 -3.3597e+00 +2.3901e+00 +3.9976e+00
3794 +5.963352269e-02 +5.963352269e-02 -1.794803665e+02 -1.794803665e+02 +6.8061e-01 +7.9689e-01 -3.4214e+00 +2.4215e+00 +4.0499e+00
3918 +3.811780069e-02 +3.811780069e-02 -1.795018822e+02 -1.795018822e+02 +7.3863e-01 +8.1722e-01 -3.4587e+00 +2.4328e+00 +4.0293e+00
4312 +2.340796873e-02 +2.340796873e-02 -1.795165920e+02 -1.795165920e+02 +7.1694e-01 +6.2651e-01 -3.4722e+00 +2.5488e+00 +4.0061e+00
5170 +1.517385301e-02 +1.517385301e-02 -1.795248261e+02 -1.795248261e+02 +7.1441e-01 +6.0656e-01 -3.4724e+00 +2.4890e+00 +3.9344e+00
5305 +9.978670249e-03 +9.978670249e-03 -1.795300213e+02 -1.795300213e+02 +7.9119e-01 +5.2640e-01 -3.4017e+00 +2.5203e+00 +3.8580e+00
% function evaluation | noise-free fitness - Fopt (7.731000000000e+01) | best noise-free fitness - Fopt | measured fitness | best measured fitness | x1 | x2...
1 +8.831291345e+00 +8.831291345e+00 +8.614129135e+01 +8.614129135e+01 +3.3953e+00 -2.9972e+00 -1.1140e+00 -2.0090e+00 +2.8223e-02
7 +5.928661204e+00 +5.928661204e+00 +8.323866120e+01 +8.323866120e+01 +5.5831e-01 -2.4433e-01 -7.6706e-01 +1.1669e+00 +2.4024e+00
9 +3.137942442e+00 +3.137942442e+00 +8.044794244e+01 +8.044794244e+01 +2.0266e+00 +4.3548e-01 -1.9541e+00 -1.0709e+00 -4.6054e-01
89 +2.141235456e+00 +2.141235456e+00 +7.945123546e+01 +7.945123546e+01 +4.9192e-01 +3.7561e-01 -1.5806e+00 -2.2869e+00 -4.1808e-01
215 +1.468966592e+00 +1.468966592e+00 +7.877896659e+01 +7.877896659e+01 +5.7261e-01 -6.1770e-01 -1.4151e+00 -2.3107e+00 -4.8621e-01
874 +9.957901531e-01 +9.957901531e-01 +7.830579015e+01 +7.830579015e+01 +9.6544e-01 -4.0265e-01 -1.7748e+00 -1.9711e+00 -1.3417e-01
1711 +6.185975421e-01 +6.185975421e-01 +7.792859754e+01 +7.792859754e+01 +1.1363e+00 -5.4728e-01 -1.9117e+00 -2.1862e+00 +2.3260e-01
2102 +3.953079194e-01 +3.953079194e-01 +7.770530792e+01 +7.770530792e+01 +1.1054e+00 -3.6667e-01 -1.9424e+00 -2.0672e+00 +4.8010e-01
2361 +2.362492720e-01 +2.362492720e-01 +7.754624927e+01 +7.754624927e+01 +1.1559e+00 -4.4864e-01 -2.1171e+00 -2.0440e+00 +6.3890e-01
2623 +1.432808886e-01 +1.432808886e-01 +7.745328089e+01 +7.745328089e+01 +1.1400e+00 -3.4958e-01 -2.0485e+00 -2.0426e+00 +7.7919e-01
2755 +8.452061200e-02 +8.452061200e-02 +7.739452061e+01 +7.739452061e+01 +1.0731e+00 -4.5195e-01 -1.9816e+00 -2.0918e+00 +8.4459e-01
3095 +6.190877795e-02 +6.190877795e-02 +7.737190878e+01 +7.737190878e+01 +1.0760e+00 -4.6583e-01 -2.1097e+00 -2.0526e+00 +8.8596e-01
3103 +3.631209096e-02 +3.631209096e-02 +7.734631209e+01 +7.734631209e+01 +9.9334e-01 -5.5321e-01 -1.9421e+00 -2.0599e+00 +9.0649e-01
3355 +2.314562119e-02 +2.314562119e-02 +7.733314562e+01 +7.733314562e+01 +9.8840e-01 -5.1802e-01 -2.0129e+00 -1.8943e+00 +9.8630e-01
3369 +8.188722596e-03 +8.188722596e-03 +7.731818872e+01 +7.731818872e+01 +9.8176e-01 -5.4547e-01 -1.9775e+00 -1.8970e+00 +9.5990e-01
3757 +4.722475820e-03 +4.722475820e-03 +7.731472248e+01 +7.731472248e+01 +9.3839e-01 -6.1655e-01 -2.0485e+00 -1.8527e+00 +9.8486e-01
4086 +2.346860887e-03 +2.346860887e-03 +7.731234686e+01 +7.731234686e+01 +9.3137e-01 -5.6478e-01 -2.1356e+00 -1.8889e+00 +9.9086e-01
% function evaluation | noise-free fitness - Fopt (3.992000000000e+01) | best noise-free fitness - Fopt | measured fitness | best measured fitness | x1 | x2...
1 +2.554144155e+01 +2.554144155e+01 +6.546144155e+01 +6.546144155e+01 -1.4146e+00 -3.4489e+00 -1.9141e+00 +8.9876e-01 +2.9820e+00
2 +2.294575612e+01 +2.294575612e+01 +6.286575612e+01 +6.286575612e+01 -2.2282e+00 -7.4910e-01 -2.0849e+00 -2.6777e+00 -3.9713e+00
7 +1.056469983e+01 +1.056469983e+01 +5.048469983e+01 +5.048469983e+01 -5.1764e-01 -8.1774e-01 +2.6921e+00 +2.0317e+00 +1.5529e+00
8 +8.505359201e+00 +8.505359201e+00 +4.842535920e+01 +4.842535920e+01 -7.0917e-01 -1.5596e+00 +3.2946e+00 +1.9443e-02 -2.6536e-01
12 +5.723293330e+00 +5.723293330e+00 +4.564329333e+01 +4.564329333e+01 +3.3278e+00 -3.2268e+00 +3.3603e+00 -3.4909e+00 -1.6439e+00
30 +2.540245120e+00 +2.540245120e+00 +4.246024512e+01 +4.246024512e+01 +2.7555e+00 -2.5439e+00 +3.2304e+00 -1.5649e+00 -1.5113e+00
121 +2.511737765e+00 +2.511737765e+00 +4.243173777e+01 +4.243173777e+01 +3.4113e+00 +2.0906e-01 +1.7849e+00 -2.3107e+00 -3.5359e+00
768 +1.521625387e+00 +1.521625387e+00 +4.144162539e+01 +4.144162539e+01 +3.4647e+00 +1.0997e-01 +2.0235e+00 -2.3354e+00 -3.1707e+00
1288 +9.920094223e-01 +9.920094223e-01 +4.091200942e+01 +4.091200942e+01 +3.4922e+00 -1.7419e-01 +2.1500e+00 -2.2666e+00 -2.9627e+00
1890 +5.675748664e-01 +5.675748664e-01 +4.048757487e+01 +4.048757487e+01 +3.6899e+00 -2.9852e-01 +2.2252e+00 -2.2466e+00 -2.6779e+00
2156 +3.921083374e-01 +3.921083374e-01 +4.031210834e+01 +4.031210834e+01 +3.8056e+00 -4.2399e-01 +2.2503e+00 -2.2395e+00 -2.5611e+00
2412 +2.382507364e-01 +2.382507364e-01 +4.015825074e+01 +4.015825074e+01 +4.0167e+00 -5.8761e-01 +2.2083e+00 -2.2072e+00 -2.5014e+00
2676 +1.427077183e-01 +1.427077183e-01 +4.006270772e+01 +4.006270772e+01 +4.0491e+00 -7.1376e-01 +2.3038e+00 -2.1846e+00 -2.3968e+00
3136 +9.758777903e-02 +9.758777903e-02 +4.001758778e+01 +4.001758778e+01 +4.0079e+00 -7.6242e-01 +2.2871e+00 -2.1531e+00 -2.3390e+00
3274 +6.265595237e-02 +6.265595237e-02 +3.998265595e+01 +3.998265595e+01 +3.9533e+00 -8.5879e-01 +2.2894e+00 -2.2230e+00 -2.2154e+00
3406 +2.248029011e-02 +2.248029011e-02 +3.994248029e+01 +3.994248029e+01 +4.0188e+00 -9.7351e-01 +2.2633e+00 -2.1692e+00 -2.1466e+00
3670 +1.431713321e-02 +1.431713321e-02 +3.993431713e+01 +3.993431713e+01 +4.0072e+00 -1.0114e+00 +2.3101e+00 -2.2004e+00 -2.1147e+00
4646 +9.033878106e-03 +9.033878106e-03 +3.992903388e+01 +3.992903388e+01 +3.9925e+00 -1.0475e+00 +2.3306e+00 -2.2183e+00 -2.0609e+00
5696 +3.749062305e-03 +3.749062305e-03 +3.992374906e+01 +3.992374906e+01 +3.8809e+00 -1.0540e+00 +2.4820e+00 -2.2622e+00 -2.1341e+00
6191 +1.729633235e-03 +1.729633235e-03 +3.992172963e+01 +3.992172963e+01 +3.8871e+00 -1.0797e+00 +2.4594e+00 -2.2755e+00 -2.1149e+00
% function evaluation | noise-free fitness - Fopt (-5.661000000000e+01) | best noise-free fitness - Fopt | measured fitness | best measured fitness | x1 | x2...
1 +3.168722168e+01 +3.168722168e+01 -2.492277832e+01 -2.492277832e+01 +1.7833e+00 -3.9563e+00 +2.1020e+00 -3.2320e+00 +8.7474e-01
2 +1.049641026e+01 +1.049641026e+01 -4.611358974e+01 -4.611358974e+01 +1.8762e+00 -6.2625e-01 +2.7040e+00 +3.3519e-01 -2.6984e+00
27 +7.937927370e+00 +7.937927370e+00 -4.867207263e+01 -4.867207263e+01 +1.2633e+00 -5.0964e-01 +2.5486e+00 -8.5229e-01 -2.7269e+00
34 +5.933006558e+00 +5.933006558e+00 -5.067699344e+01 -5.067699344e+01 +1.0419e+00 -1.6260e-01 +2.9324e+00 -1.5781e+00 -3.3834e+00
124 +3.980134262e+00 +3.980134262e+00 -5.262986574e+01 -5.262986574e+01 +1.5967e+00 -9.1040e-02 +3.6177e+00 -3.5574e+00 -2.7514e+00
1637 +2.508384846e+00 +2.508384846e+00 -5.410161515e+01 -5.410161515e+01 +1.6530e+00 +6.1078e-01 +3.3205e+00 -3.5888e+00 -2.8296e+00
2539 +1.556668190e+00 +1.556668190e+00 -5.505333181e+01 -5.505333181e+01 +1.4777e+00 +1.2506e+00 +3.4025e+00 -3.5452e+00 -2.8735e+00
3408 +9.829862119e-01 +9.829862119e-01 -5.562701379e+01 -5.562701379e+01 +1.7157e+00 +1.7101e+00 +3.5192e+00 -3.5306e+00 -2.8545e+00
3916 +5.951126766e-01 +5.951126766e-01 -5.601488732e+01 -5.601488732e+01 +1.8437e+00 +2.0382e+00 +3.3996e+00 -3.4253e+00 -2.7863e+00
4307 +3.879718775e-01 +3.879718775e-01 -5.622202812e+01 -5.622202812e+01 +1.8684e+00 +2.2609e+00 +3.5737e+00 -3.4027e+00 -2.7070e+00
4780 +2.485218845e-01 +2.485218845e-01 -5.636147812e+01 -5.636147812e+01 +1.9599e+00 +2.4197e+00 +3.4881e+00 -3.3095e+00 -2.6907e+00
5036 +1.201843120e-01 +1.201843120e-01 -5.648981569e+01 -5.648981569e+01 +1.7604e+00 +2.6300e+00 +3.4809e+00 -3.2988e+00 -2.7680e+00
5168 +9.279293686e-02 +9.279293686e-02 -5.651720706e+01 -5.651720706e+01 +1.8586e+00 +2.6287e+00 +3.4568e+00 -3.2967e+00 -2.7959e+00
5430 +5.717998160e-02 +5.717998160e-02 -5.655282002e+01 -5.655282002e+01 +1.8749e+00 +2.6992e+00 +3.3772e+00 -3.3657e+00 -2.8225e+00
5557 +2.555336467e-02 +2.555336467e-02 -5.658444664e+01 -5.658444664e+01 +1.8546e+00 +2.7932e+00 +3.2883e+00 -3.2798e+00 -2.8708e+00
5821 +2.473620689e-02 +2.473620689e-02 -5.658526379e+01 -5.658526379e+01 +1.7795e+00 +2.8410e+00 +3.3454e+00 -3.2343e+00 -2.9142e+00
6559 +8.729604470e-03 +8.729604470e-03 -5.660127040e+01 -5.660127040e+01 +1.7960e+00 +2.9361e+00 +3.2095e+00 -3.2191e+00 -3.0110e+00
7234 +4.792514013e-03 +4.792514013e-03 -5.660520749e+01 -5.660520749e+01 +1.8291e+00 +2.9055e+00 +3.2764e+00 -3.2345e+00 -3.0221e+00
% function evaluation | noise-free fitness - Fopt (1.686600000000e+02) | best noise-free fitness - Fopt | measured fitness | best measured fitness | x1 | x2...
1 +4.062833910e+01 +4.062833910e+01 +2.092883391e+02 +2.092883391e+02 +2.2222e+00 +3.3647e+00 +2.0669e+00 +2.2837e+00 +3.9623e+00
3 +3.881107185e+01 +3.881107185e+01 +2.074710718e+02 +2.074710718e+02 +1.0735e+00 -9.3617e-01 +2.5570e+00 +2.7840e+00 -1.4274e+00
10 +2.361038346e+01 +2.361038346e+01 +1.922703835e+02 +1.922703835e+02 +3.7773e+00 +1.8111e-01 -1.7560e+00 +1.9391e+00 -1.3753e-01
35 +1.410116387e+01 +1.410116387e+01 +1.827611639e+02 +1.827611639e+02 +2.5584e+00 +1.9016e+00 -3.0418e+00 +7.8156e-01 +2.4415e+00
48 +4.051630651e+00 +4.051630651e+00 +1.727116307e+02 +1.727116307e+02 -3.8092e+00 -1.0502e+00 -3.9424e+00 -1.7091e+00 +1.7322e+00
84 +3.937644997e+00 +3.937644997e+00 +1.725976450e+02 +1.725976450e+02 -3.8057e+00 -1.0604e+00 -3.9826e+00 -1.7170e+00 +1.6441e+00
99 +1.826046323e+00 +1.826046323e+00 +1.704860463e+02 +1.704860463e+02 -2.9273e+00 -9.5537e-01 -2.7926e+00 +2.0309e-01 +1.9897e+00
490 +1.576919835e+00 +1.576919835e+00 +1.702369198e+02 +1.702369198e+02 -2.9221e+00 -1.1492e+00 -2.6652e+00 +3.2818e-01 +2.0581e+00
1261 +9.321084312e-01 +9.321084312e-01 +1.695921084e+02 +1.695921084e+02 -3.3214e+00 -1.6207e+00 -2.8223e+00 +5.7374e-01 +2.0190e+00
1976 +6.297727057e-01 +6.297727057e-01 +1.692897727e+02 +1.692897727e+02 -3.4131e+00 -1.7717e+00 -2.6904e+00 +7.9472e-01 +2.1768e+00
2244 +3.917509050e-01 +3.917509050e-01 +1.690517509e+02 +1.690517509e+02 -3.4945e+00 -1.9487e+00 -2.6543e+00 +1.0352e+00 +1.9578e+00
2493 +1.838338735e-01 +1.838338735e-01 +1.688438339e+02 +1.688438339e+02 -3.7212e+00 -2.1194e+00 -2.6604e+00 +1.0174e+00 +2.0996e+00
2625 +1.584804324e-01 +1.584804324e-01 +1.688184804e+02 +1.688184804e+02 -3.7885e+00 -2.1845e+00 -2.6528e+00 +1.0005e+00 +2.0855e+00
2765 +8.710679605e-02 +8.710679605e-02 +1.687471068e+02 +1.687471068e+02 -3.7458e+00 -2.2077e+00 -2.6576e+00 +1.1913e+00 +2.1422e+00
3106 +4.424701946e-02 +4.424701946e-02 +1.687042470e+02 +1.687042470e+02 -3.7253e+00 -2.2184e+00 -2.8371e+00 +1.2936e+00 +2.1177e+00
3241 +3.681206145e-02 +3.681206145e-02 +1.686968121e+02 +1.686968121e+02 -3.7752e+00 -2.2851e+00 -2.9157e+00 +1.3178e+00 +2.2078e+00
3357 +2.108942395e-02 +2.108942395e-02 +1.686810894e+02 +1.686810894e+02 -3.7804e+00 -2.1909e+00 -3.0077e+00 +1.4058e+00 +2.2572e+00
3504 +1.581616260e-02 +1.581616260e-02 +1.686758162e+02 +1.686758162e+02 -3.7667e+00 -2.2561e+00 -3.0513e+00 +1.3603e+00 +2.3192e+00
4261 +9.812899433e-03 +9.812899433e-03 +1.686698129e+02 +1.686698129e+02 -3.7567e+00 -2.3069e+00 -2.9577e+00 +1.2806e+00 +2.2064e+00
4615 +6.155487813e-03 +6.155487813e-03 +1.686661555e+02 +1.686661555e+02 -3.7868e+00 -2.2807e+00 -2.9762e+00 +1.2892e+00 +2.3522e+00
5540 +3.888850665e-03 +3.888850665e-03 +1.686638889e+02 +1.686638889e+02 -3.7535e+00 -2.2908e+00 -3.0367e+00 +1.3632e+00 +2.2626e+00
% function evaluation | noise-free fitness - Fopt (4.076900000000e+02) | best noise-free fitness - Fopt | measured fitness | best measured fitness | x1 | x2...
1 +1.248535443e+02 +1.248535443e+02 +5.325435443e+02 +5.325435443e+02 +3.8945e+00 +3.5209e+00 -3.3933e+00 -1.5181e+00 +5.7325e-01
2 +3.250849956e+01 +3.250849956e+01 +4.401984996e+02 +4.401984996e+02 -9.6028e-02 -3.4830e+00 +2.3854e+00 +1.1375e+00 +3.2370e+00
4 +5.406074497e+00 +5.406074497e+00 +4.130960745e+02 +4.130960745e+02 +1.6660e+00 -1.6806e+00 -2.6313e+00 +2.1011e+00 -2.5387e+00
19 +3.609174915e+00 +3.609174915e+00 +4.112991749e+02 +4.112991749e+02 +4.9879e-01 -1.7494e+00 -1.7687e+00 +1.5719e+00 -1.6493e+00
201 +2.250448425e+00 +2.250448425e+00 +4.099404484e+02 +4.099404484e+02 +1.0325e+00 -1.2453e-02 +9.1322e-02 +9.8513e-01 -2.8854e+00
852 +1.576090490e+00 +1.576090490e+00 +4.092660905e+02 +4.092660905e+02 +1.0941e+00 -7.9088e-02 +2.8680e-01 +1.4367e+00 -3.2827e+00
1716 +9.679366160e-01 +9.679366160e-01 +4.086579366e+02 +4.086579366e+02 +7.6959e-01 -2.4745e-01 +9.1420e-02 +1.8766e+00 -3.2183e+00
2244 +6.264905176e-01 +6.264905176e-01 +4.083164905e+02 +4.083164905e+02 +5.9268e-01 -2.6555e-01 +3.2024e-02 +2.1612e+00 -3.0851e+00
2622 +3.682520909e-01 +3.682520909e-01 +4.080582521e+02 +4.080582521e+02 +5.0520e-01 +2.1474e-03 +2.1314e-01 +2.4208e+00 -3.1787e+00
3094 +2.306145517e-01 +2.306145517e-01 +4.079206146e+02 +4.079206146e+02 +4.2825e-01 +1.3337e-02 +2.5708e-01 +2.5936e+00 -3.0945e+00
3365 +1.417327290e-01 +1.417327290e-01 +4.078317327e+02 +4.078317327e+02 +4.1405e-01 -1.1764e-01 +9.8356e-02 +2.7013e+00 -3.1012e+00
3496 +9.871647701e-02 +9.871647701e-02 +4.077887165e+02 +4.077887165e+02 +4.0755e-01 -1.8319e-01 +1.9006e-01 +2.7382e+00 -3.0671e+00
3748 +4.268782405e-02 +4.268782405e-02 +4.077326878e+02 +4.077326878e+02 +3.9896e-01 -2.8578e-01 +2.4738e-01 +2.8754e+00 -2.9102e+00
3880 +2.916586146e-02 +2.916586146e-02 +4.077191659e+02 +4.077191659e+02 +4.4577e-01 -3.7368e-01 +2.0154e-01 +2.9646e+00 -2.8789e+00
3881 +2.466248504e-02 +2.466248504e-02 +4.077146625e+02 +4.077146625e+02 +3.7332e-01 -3.6170e-01 +3.2737e-01 +2.8368e+00 -2.8181e+00
4267 +1.279780987e-02 +1.279780987e-02 +4.077027978e+02 +4.077027978e+02 +4.8807e-01 -4.1631e-01 +2.9452e-01 +2.9764e+00 -2.8176e+00
4269 +6.167913347e-03 +6.167913347e-03 +4.076961679e+02 +4.076961679e+02 +4.5570e-01 -4.3303e-01 +3.1844e-01 +3.0003e+00 -2.7402e+00
6138 +3.076362582e-03 +3.076362582e-03 +4.076930764e+02 +4.076930764e+02 +3.8937e-01 -4.5274e-01 +2.7110e-01 +2.9298e+00 -2.8759e+00
% function evaluation | noise-free fitness - Fopt (5.592000000000e+01) | best noise-free fitness - Fopt | measured fitness | best measured fitness | x1 | x2...
1 +7.496768159e+00 +7.496768159e+00 +6.341676816e+01 +6.341676816e+01 -9.7719e-01 -1.1958e+00 +3.2088e+00 +3.7943e+00 +1.1421e+00
15 +6.291269578e+00 +6.291269578e+00 +6.221126958e+01 +6.221126958e+01 -1.2302e+00 -1.8758e+00 -1.3319e-01 +2.7723e+00 -3.3598e+00
96 +3.768751706e+00 +3.768751706e+00 +5.968875171e+01 +5.968875171e+01 +9.2550e-01 -2.4217e+00 -1.4855e+00 +2.6835e+00 -2.4136e+00
421 +2.452908108e+00 +2.452908108e+00 +5.837290811e+01 +5.837290811e+01 +2.7142e-01 -1.9079e+00 +6.8246e-01 +2.7379e+00 +9.0121e-01
1062 +1.560589129e+00 +1.560589129e+00 +5.748058913e+01 +5.748058913e+01 +5.9441e-01 -2.2118e+00 +4.8719e-01 +2.6239e+00 +6.0557e-01
1924 +9.567033431e-01 +9.567033431e-01 +5.687670334e+01 +5.687670334e+01 +6.8367e-01 -2.3507e+00 +5.7956e-02 +2.4690e+00 +3.9604e-01
2311 +5.982259956e-01 +5.982259956e-01 +5.651822600e+01 +5.651822600e+01 +8.6730e-01 -2.4393e+00 -1.1090e-01 +2.2412e+00 +3.1206e-01
2702 +3.848480050e-01 +3.848480050e-01 +5.630484801e+01 +5.630484801e+01 +1.0892e+00 -2.5321e+00 -1.2709e-01 +2.1243e+00 +1.3953e-01
3174 +2.230244865e-01 +2.230244865e-01 +5.614302449e+01 +5.614302449e+01 +1.1588e+00 -2.6873e+00 -3.1142e-01 +2.1443e+00 +2.2288e-01
3307 +1.504790941e-01 +1.504790941e-01 +5.607047909e+01 +5.607047909e+01 +1.0816e+00 -2.7676e+00 -3.6753e-01 +2.0743e+00 +2.0005e-01
3571 +7.039916339e-02 +7.039916339e-02 +5.599039916e+01 +5.599039916e+01 +1.2158e+00 -2.8876e+00 -3.2186e-01 +2.0126e+00 +1.2561e-01
3573 +3.850033308e-02 +3.850033308e-02 +5.595850033e+01 +5.595850033e+01 +1.2137e+00 -2.9492e+00 -3.4253e-01 +1.9572e+00 +1.0329e-01
3822 +2.139264169e-02 +2.139264169e-02 +5.594139264e+01 +5.594139264e+01 +1.2205e+00 -3.0953e+00 -4.5458e-01 +2.0849e+00 +3.3650e-02
4085 +1.448270999e-02 +1.448270999e-02 +5.593448271e+01 +5.593448271e+01 +1.2567e+00 -3.1301e+00 -4.4944e-01 +2.0609e+00 +1.6628e-02
4215 +9.139912165e-03 +9.139912165e-03 +5.592913991e+01 +5.592913991e+01 +1.1258e+00 -3.1965e+00 -4.8963e-01 +2.0347e+00 -1.6010e-02
5273 +5.163381083e-03 +5.163381083e-03 +5.592516338e+01 +5.592516338e+01 +1.0795e+00 -3.1307e+00 -5.1706e-01 +2.0685e+00 +1.2479e-02
% function evaluation | noise-free fitness - Fopt (4.619000000000e+01) | best noise-free fitness - Fopt | measured fitness | best measured fitness | x1 | x2...
1 +2.863033641e+02 +2.863033641e+02 +3.324933641e+02 +3.324933641e+02 -3.9240e+00 +1.6020e+00 +2.6787e+00 -2.7225e+00 -1.2073e+00
2 +2.900294094e+01 +2.900294094e+01 +7.519294094e+01 +7.519294094e+01 -1.5658e+00 -2.0168e+00 +1.4623e+00 -5.7284e-01 -3.8947e+00
3 +2.501160327e+01 +2.501160327e+01 +7.120160327e+01 +7.120160327e+01 +2.1312e+00 +7.6828e-01 +3.7514e+00 +3.5547e+00 -1.0932e+00
14 +3.898304268e+00 +3.898304268e+00 +5.008830427e+01 +5.008830427e+01 +1.5361e+00 +1.3861e+00 -3.8982e+00 -2.5741e+00 -1.0083e+00
804 +2.448235848e+00 +2.448235848e+00 +4.863823585e+01 +4.863823585e+01 +1.1184e+00 +1.3076e+00 -3.8602e+00 -2.5640e+00 -1.5214e+00
2053 +1.566107593e+00 +1.566107593e+00 +4.775610759e+01 +4.775610759e+01 +1.0638e+00 +1.0247e+00 -3.5802e+00 -2.7302e+00 -2.0899e+00
2709 +9.975045728e-01 +9.975045728e-01 +4.718750457e+01 +4.718750457e+01 +1.2719e+00 +7.7810e-01 -3.3418e+00 -2.7537e+00 -2.4685e+00
3562 +5.757884165e-01 +5.757884165e-01 +4.676578842e+01 +4.676578842e+01 +1.3632e+00 +5.3200e-01 -3.2108e+00 -2.6611e+00 -2.7522e+00
3825 +3.655081477e-01 +3.655081477e-01 +4.655550815e+01 +4.655550815e+01 +1.3649e+00 +3.9273e-01 -3.1845e+00 -2.6341e+00 -2.9335e+00
3951 +2.468299712e-01 +2.468299712e-01 +4.643682997e+01 +4.643682997e+01 +1.3907e+00 +2.9140e-01 -3.1468e+00 -2.6191e+00 -3.0228e+00
4211 +1.519195609e-01 +1.519195609e-01 +4.634191956e+01 +4.634191956e+01 +1.3041e+00 +2.2182e-01 -3.0856e+00 -2.6249e+00 -3.1506e+00
4813 +8.443927220e-02 +8.443927220e-02 +4.627443927e+01 +4.627443927e+01 +1.3279e+00 +2.1291e-01 -3.1296e+00 -2.5603e+00 -3.2440e+00
4817 +5.607183509e-02 +5.607183509e-02 +4.624607184e+01 +4.624607184e+01 +1.3474e+00 +7.8700e-02 -3.1968e+00 -2.6138e+00 -3.3066e+00
5331 +3.168637468e-02 +3.168637468e-02 +4.622168637e+01 +4.622168637e+01 +1.3373e+00 +6.7243e-02 -3.2982e+00 -2.5051e+00 -3.4032e+00
5405 +2.434142637e-02 +2.434142637e-02 +4.621434143e+01 +4.621434143e+01 +1.2643e+00 +4.7110e-02 -3.2389e+00 -2.4715e+00 -3.4027e+00
5732 +1.383344951e-02 +1.383344951e-02 +4.620383345e+01 +4.620383345e+01 +1.2985e+00 +1.7607e-01 -3.2368e+00 -2.4559e+00 -3.4423e+00
6115 +7.233239120e-03 +7.233239120e-03 +4.619723324e+01 +4.619723324e+01 +1.3213e+00 +1.4823e-01 -3.3508e+00 -2.3900e+00 -3.5616e+00
6327 +5.406501418e-03 +5.406501418e-03 +4.619540650e+01 +4.619540650e+01 +1.3380e+00 +2.0745e-01 -3.3147e+00 -2.4224e+00 -3.5510e+00
% function evaluation | noise-free fitness - Fopt (-3.994000000000e+01) | best noise-free fitness - Fopt | measured fitness | best measured fitness | x1 | x2...
1 +1.744395442e+01 +1.744395442e+01 -2.249604558e+01 -2.249604558e+01 -2.2600e+00 -1.2477e+00 -2.2292e+00 +2.9443e+00 -8.7935e-01
3 +1.348059672e+01 +1.348059672e+01 -2.645940328e+01 -2.645940328e+01 +2.2050e+00 +1.3313e+00 -2.9617e+00 +7.5313e-01 -1.3912e+00
4 +9.659681147e+00 +9.659681147e+00 -3.028031885e+01 -3.028031885e+01 -5.4728e-01 +1.1293e+00 +3.5010e+00 -3.7480e-01 +1.9503e+00
9 +3.258556638e+00 +3.258556638e+00 -3.668144336e+01 -3.668144336e+01 -6.1524e-01 -4.4524e-01 -1.6071e+00 -1.2891e-01 -1.5361e+00
55 +2.430884860e+00 +2.430884860e+00 -3.750911514e+01 -3.750911514e+01 +7.2678e-01 -1.1245e+00 +7.7374e-01 -2.7321e+00 -2.3656e+00
206 +4.643206273e-01 +4.643206273e-01 -3.947567937e+01 -3.947567937e+01 -8.1770e-02 -1.1248e+00 +7.3344e-01 -1.8739e+00 -1.4220e+00
212 +3.812102649e-01 +3.812102649e-01 -3.955878974e+01 -3.955878974e+01 -9.0636e-01 -1.2972e+00 +7.9860e-01 -8.6030e-01 -1.7227e+00
346 +1.598162864e-01 +1.598162864e-01 -3.978018371e+01 -3.978018371e+01 -4.3006e-01 -1.1659e+00 +8.0626e-01 -1.2008e+00 -1.5478e+00
466 +7.440062819e-02 +7.440062819e-02 -3.986559937e+01 -3.986559937e+01 -3.8496e-01 -1.1692e+00 +7.4919e-01 -1.1353e+00 -1.6385e+00
594 +5.321255340e-02 +5.321255340e-02 -3.988678745e+01 -3.988678745e+01 -4.7479e-01 -1.2378e+00 +6.9938e-01 -1.0979e+00 -1.5887e+00
599 +3.921265779e-02 +3.921265779e-02 -3.990078734e+01 -3.990078734e+01 -4.3552e-01 -1.2448e+00 +6.9918e-01 -1.0989e+00 -1.6959e+00
734 +2.283944908e-02 +2.283944908e-02 -3.991716055e+01 -3.991716055e+01 -5.4649e-01 -1.2083e+00 +6.8700e-01 -1.2720e+00 -1.6640e+00
1112 +1.552674389e-02 +1.552674389e-02 -3.992447326e+01 -3.992447326e+01 -5.1791e-01 -1.3425e+00 +6.9086e-01 -1.3777e+00 -1.6483e+00
1850 +3.942573677e-03 +3.942573677e-03 -3.993605743e+01 -3.993605743e+01 -4.2214e-01 -1.3225e+00 +6.6845e-01 -1.3393e+00 -1.6298e+00
% function evaluation | noise-free fitness - Fopt (-1.000000000000e+03) | best noise-free fitness - Fopt | measured fitness | best measured fitness | x1 | x2...
1 +5.857416674e+01 +5.857416674e+01 -9.414258333e+02 -9.414258333e+02 -7.6062e-01 +1.2801e+00 -3.7852e+00 -3.7121e+00 +1.3052e+00
5 +2.085577992e+01 +2.085577992e+01 -9.791442201e+02 -9.791442201e+02 +1.1810e+00 -1.4594e+00 -2.6558e+00 +2.5048e+00 +3.9007e+00
8 +3.558493816e+00 +3.558493816e+00 -9.964415062e+02 -9.964415062e+02 +4.3160e-01 -3.3287e+00 +2.5580e+00 -1.2361e+00 +2.4753e+00
15 +6.406056535e-01 +6.406056535e-01 -9.993593943e+02 -9.993593943e+02 +2.0313e+00 -3.0096e+00 +9.9711e-01 -6.9520e-02 +2.6983e+00
30 +5.830768421e-01 +5.830768421e-01 -9.994169232e+02 -9.994169232e+02 +1.9854e+00 -2.9215e+00 +9.5474e-01 -1.5573e-01 +2.6567e+00
290 +3.835499722e-01 +3.835499722e-01 -9.996164500e+02 -9.996164500e+02 +2.1885e+00 -2.9373e+00 +9.0324e-01 -2.7837e-01 +2.6076e+00
558 +1.886147427e-01 +1.886147427e-01 -9.998113853e+02 -9.998113853e+02 +2.3376e+00 -2.9846e+00 +7.8743e-01 -4.3275e-01 +2.6001e+00
814 +1.387135311e-01 +1.387135311e-01 -9.998612865e+02 -9.998612865e+02 +2.4022e+00 -2.9752e+00 +7.2620e-01 -5.1843e-01 +2.6062e+00
938 +9.105892243e-02 +9.105892243e-02 -9.999089411e+02 -9.999089411e+02 +2.3762e+00 -3.0337e+00 +7.5259e-01 -5.7744e-01 +2.6452e+00
1072 +5.898013885e-02 +5.898013885e-02 -9.999410199e+02 -9.999410199e+02 +2.4203e+00 -3.0722e+00 +7.1797e-01 -6.3439e-01 +2.7291e+00
1549 +3.759234624e-02 +3.759234624e-02 -9.999624077e+02 -9.999624077e+02 +2.5350e+00 -3.1567e+00 +8.0076e-01 -7.4689e-01 +2.6811e+00
1924 +2.385033033e-02 +2.385033033e-02 -9.999761497e+02 -9.999761497e+02 +2.5461e+00 -3.1867e+00 +7.8924e-01 -7.6318e-01 +2.9153e+00
2197 +1.397106480e-02 +1.397106480e-02 -9.999860289e+02 -9.999860289e+02 +2.5161e+00 -3.2286e+00 +7.8695e-01 -8.2981e-01 +2.9119e+00
2449 +4.936149947e-03 +4.936149947e-03 -9.999950639e+02 -9.999950639e+02 +2.3461e+00 -3.1647e+00 +7.9321e-01 -8.5495e-01 +2.9310e+00
3316 +2.669660942e-03 +2.669660942e-03 -9.999973303e+02 -9.999973303e+02 +2.4565e+00 -3.2039e+00 +7.8793e-01 -8.0202e-01 +2.9118e+00
% function evaluation | noise-free fitness - Fopt (-5.039000000000e+01) | best noise-free fitness - Fopt | measured fitness | best measured fitness | x1 | x2...
1 +4.098938643e+01 +4.098938643e+01 -9.400613571e+00 -9.400613571e+00 +3.1139e+00 -2.6058e+00 +3.9630e-01 +3.4158e+00 +2.0998e+00
2 +1.384430261e+01 +1.384430261e+01 -3.654569739e+01 -3.654569739e+01 +2.6797e+00 -2.3628e+00 -2.8707e-01 +1.7197e+00 -1.0955e+00
4 +6.614924048e+00 +6.614924048e+00 -4.377507595e+01 -4.377507595e+01 -5.3296e-01 -1.9658e+00 +1.9743e+00 -1.6279e+00 -2.7711e-02
13 +5.466852948e+00 +5.466852948e+00 -4.492314705e+01 -4.492314705e+01 -1.1913e+00 -2.9575e+00 -1.5215e-01 +2.2970e+00 -1.8862e+00
59 +3.000263659e+00 +3.000263659e+00 -4.738973634e+01 -4.738973634e+01 -4.3372e-01 -2.5173e+00 +5.1532e-01 +1.7340e+00 -3.0330e+00
212 +2.278618827e+00 +2.278618827e+00 -4.811138117e+01 -4.811138117e+01 -4.5601e-01 -2.0733e+00 +3.8539e-01 +1.3203e+00 -2.5974e+00
735 +1.561753747e+00 +1.561753747e+00 -4.882824625e+01 -4.882824625e+01 -3.8376e-01 -2.1295e+00 +6.8121e-01 +1.2748e+00 -2.4309e+00
1586 +9.253695246e-01 +9.253695246e-01 -4.946463048e+01 -4.946463048e+01 -2.4590e-01 -2.0650e+00 +9.8011e-01 +1.1708e+00 -2.2350e+00
1971 +5.766256520e-01 +5.766256520e-01 -4.981337435e+01 -4.981337435e+01 -1.3111e-01 -2.0160e+00 +1.2049e+00 +1.1518e+00 -2.1083e+00
2362 +3.757573401e-01 +3.757573401e-01 -5.001424266e+01 -5.001424266e+01 +4.7223e-02 -1.9774e+00 +1.2746e+00 +1.1247e+00 -1.9072e+00
2493 +2.101088726e-01 +2.101088726e-01 -5.017989113e+01 -5.017989113e+01 -4.7381e-02 -1.8192e+00 +1.4989e+00 +1.1010e+00 -1.7978e+00
2753 +1.285178442e-01 +1.285178442e-01 -5.026148216e+01 -5.026148216e+01 +1.0931e-01 -1.8953e+00 +1.5815e+00 +9.9057e-01 -1.8925e+00
3106 +6.960006080e-02 +6.960006080e-02 -5.032039994e+01 -5.032039994e+01 +1.9505e-01 -1.8988e+00 +1.6677e+00 +9.8522e-01 -1.8501e+00
3224 +5.579838182e-02 +5.579838182e-02 -5.033420162e+01 -5.033420162e+01 +2.4800e-01 -1.8882e+00 +1.7577e+00 +8.8901e-01 -1.8444e+00
3369 +3.441244083e-02 +3.441244083e-02 -5.035558756e+01 -5.035558756e+01 +2.6550e-01 -1.9603e+00 +1.7946e+00 +8.6188e-01 -1.8654e+00
3495 +1.389464256e-02 +1.389464256e-02 -5.037610536e+01 -5.037610536e+01 +3.1823e-01 -1.9543e+00 +1.8895e+00 +7.8938e-01 -1.9325e+00
3637 +8.099785734e-03 +8.099785734e-03 -5.038190021e+01 -5.038190021e+01 +2.2298e-01 -1.8490e+00 +1.9394e+00 +8.9689e-01 -1.8582e+00
4612 +6.291000498e-03 +6.291000498e-03 -5.038370900e+01 -5.038370900e+01 +1.8744e-01 -1.7520e+00 +2.0427e+00 +9.3782e-01 -1.9510e+00
% function evaluation | noise-free fitness - Fopt (-7.027000000000e+01) | best noise-free fitness - Fopt | measured fitness | best measured fitness | x1 | x2...
1 +1.973555388e+02 +1.973555388e+02 +1.270855388e+02 +1.270855388e+02 -1.3579e+00 -1.5279e+00 +2.6732e+00 -5.7202e-01 +2.1913e+00
4 +9.134626086e+01 +9.134626086e+01 +2.107626086e+01 +2.107626086e+01 -3.2767e+00 +3.6971e-01 +2.6944e+00 +3.1719e+00 +1.8242e+00
10 +2.465252400e+01 +2.465252400e+01 -4.561747600e+01 -4.561747600e+01 +2.1034e+00 +6.8526e-01 -8.0044e-01 +3.2156e-01 -1.5551e+00
58 +4.276888559e+00 +4.276888559e+00 -6.599311144e+01 -6.599311144e+01 +1.9344e+00 -1.8359e+00 -3.2923e+00 +9.0629e-01 -7.9963e-01
71 +3.902999194e+00 +3.902999194e+00 -6.636700081e+01 -6.636700081e+01 +1.9174e+00 -1.8271e+00 -3.3042e+00 +9.8587e-01 -8.3826e-01
735 +2.451825230e+00 +2.451825230e+00 -6.781817477e+01 -6.781817477e+01 +2.3625e+00 -1.6879e+00 -3.3283e+00 +1.2889e+00 -1.0309e+00
1843 +1.570108731e+00 +1.570108731e+00 -6.869989127e+01 -6.869989127e+01 +2.4962e+00 -2.2280e+00 -3.5940e+00 +1.2241e+00 -1.5248e+00
2754 +9.959178378e-01 +9.959178378e-01 -6.927408216e+01 -6.927408216e+01 +2.6147e+00 -2.5065e+00 -3.5137e+00 +1.3009e+00 -2.0160e+00
3481 +6.160369079e-01 +6.160369079e-01 -6.965396309e+01 -6.965396309e+01 +2.8101e+00 -2.8798e+00 -3.5902e+00 +1.3745e+00 -2.2409e+00
3761 +3.751000908e-01 +3.751000908e-01 -6.989489991e+01 -6.989489991e+01 +2.7628e+00 -3.0429e+00 -3.6023e+00 +1.1629e+00 -2.3992e+00
4004 +2.263769070e-01 +2.263769070e-01 -7.004362309e+01 -7.004362309e+01 +2.8471e+00 -3.1547e+00 -3.6377e+00 +1.0066e+00 -2.5419e+00
4261 +1.437577516e-01 +1.437577516e-01 -7.012624225e+01 -7.012624225e+01 +2.9113e+00 -3.0328e+00 -3.6216e+00 +1.0963e+00 -2.7015e+00
4609 +8.254622796e-02 +8.254622796e-02 -7.018745377e+01 -7.018745377e+01 +2.8241e+00 -3.0573e+00 -3.8626e+00 +1.0764e+00 -2.7300e+00
4739 +5.001243155e-02 +5.001243155e-02 -7.021998757e+01 -7.021998757e+01 +2.9271e+00 -3.0431e+00 -3.9091e+00 +1.0864e+00 -2.7997e+00
4879 +3.420759485e-02 +3.420759485e-02 -7.023579241e+01 -7.023579241e+01 +3.0327e+00 -2.9753e+00 -3.8784e+00 +1.0767e+00 -2.8721e+00
5123 +1.995624704e-02 +1.995624704e-02 -7.025004375e+01 -7.025004375e+01 +3.0532e+00 -3.0079e+00 -3.8088e+00 +1.2689e+00 -2.9325e+00
5146 +1.450868110e-02 +1.450868110e-02 -7.025549132e+01 -7.025549132e+01 +3.0544e+00 -2.9460e+00 -3.8300e+00 +1.1921e+00 -2.9355e+00
5263 +8.164514372e-03 +8.164514372e-03 -7.026183549e+01 -7.026183549e+01 +3.0272e+00 -2.9743e+00 -3.8226e+00 +1.2696e+00 -2.9543e+00
5408 +6.035764974e-03 +6.035764974e-03 -7.026396424e+01 -7.026396424e+01 +3.0061e+00 -2.9464e+00 -3.7922e+00 +1.2825e+00 -2.9820e+00
% function evaluation | noise-free fitness - Fopt (-6.944000000000e+01) | best noise-free fitness - Fopt | measured fitness | best measured fitness | x1 | x2...
1 +1.099543162e+02 +1.099543162e+02 +4.051431625e+01 +4.051431625e+01 +3.6647e+00 -2.1828e+00 -2.5275e+00 -3.9865e+00 -1.7673e-01
2 +6.981058457e+01 +6.981058457e+01 +3.705845710e-01 +3.705845710e-01 -3.5568e+00 -3.6935e+00 -3.2228e+00 +1.8730e+00 +5.7896e-02
3 +9.947758141e+00 +9.947758141e+00 -5.949224186e+01 -5.949224186e+01 +1.6961e-01 +5.3806e-01 -2.1423e+00 +3.3329e+00 -2.4183e+00
7 +6.096925212e+00 +6.096925212e+00 -6.334307479e+01 -6.334307479e+01 +2.1720e+00 +5.8687e-01 -1.2747e+00 +9.9237e-01 -3.1093e+00
18 +3.217936028e+00 +3.217936028e+00 -6.622206397e+01 -6.622206397e+01 +2.3668e+00 -5.5120e-01 +2.7175e+00 +1.7249e+00 -1.0596e+00
281 +2.487503339e+00 +2.487503339e+00 -6.695249666e+01 -6.695249666e+01 +2.2522e+00 -4.0582e-01 +2.8111e+00 +1.6730e+00 -1.1180e+00
546 +1.466583106e+00 +1.466583106e+00 -6.797341689e+01 -6.797341689e+01 +2.2687e+00 -2.2924e-01 +3.0124e+00 +1.9918e+00 -1.3243e+00
933 +9.619756194e-01 +9.619756194e-01 -6.847802438e+01 -6.847802438e+01 +2.3181e+00 -4.6147e-02 +3.1903e+00 +1.9956e+00 -1.1985e+00
1194 +5.953083237e-01 +5.953083237e-01 -6.884469168e+01 -6.884469168e+01 +2.0360e+00 +6.0883e-02 +3.2251e+00 +2.1438e+00 -1.0772e+00
1661 +3.846701488e-01 +3.846701488e-01 -6.905532985e+01 -6.905532985e+01 +2.1014e+00 +2.8405e-01 +3.3209e+00 +2.0914e+00 -1.0480e+00
1793 +2.483295158e-01 +2.483295158e-01 -6.919167048e+01 -6.919167048e+01 +1.9207e+00 +3.3154e-01 +3.4669e+00 +2.2679e+00 -1.0451e+00
2058 +1.550051844e-01 +1.550051844e-01 -6.928499482e+01 -6.928499482e+01 +1.9753e+00 +3.9284e-01 +3.6078e+00 +2.2461e+00 -9.2437e-01
2441 +6.194890580e-02 +6.194890580e-02 -6.937805109e+01 -6.937805109e+01 +1.8435e+00 +4.2337e-01 +3.7040e+00 +2.1421e+00 -9.9062e-01
2572 +3.069822390e-02 +3.069822390e-02 -6.940930178e+01 -6.940930178e+01 +1.7849e+00 +5.2184e-01 +3.7822e+00 +2.0803e+00 -9.4435e-01
2712 +1.376795199e-02 +1.376795199e-02 -6.942623205e+01 -6.942623205e+01 +1.7665e+00 +5.4722e-01 +3.7524e+00 +2.0129e+00 -8.8030e-01
3703 +1.977135834e-03 +1.977135834e-03 -6.943802286e+01 -6.943802286e+01 +1.7523e+00 +7.0681e-01 +3.7916e+00 +2.0384e+00 -8.8988e-01
% function evaluation | noise-free fitness - Fopt (1.261900000000e+02) | best noise-free fitness - Fopt | measured fitness | best measured fitness | x1 | x2...
1 +1.119761470e+01 +1.119761470e+01 +1.373876147e+02 +1.373876147e+02 -1.5056e+00 +2.1374e+00 -1.6118e+00 +3.3513e-01 +1.8843e+00
4 +9.578821573e+00 +9.578821573e+00 +1.357688216e+02 +1.357688216e+02 -1.9499e+00 +2.3742e+00 +1.1447e+00 +1.8866e+00 -2.2865e-01
47 +5.822821729e+00 +5.822821729e+00 +1.320128217e+02 +1.320128217e+02 +3.9930e+00 +1.2680e+00 -2.0178e-01 +6.8216e-01 -2.6781e-01
57 +3.434460607e+00 +3.434460607e+00 +1.296244606e+02 +1.296244606e+02 +2.2974e+00 -1.2143e+00 -2.4517e+00 +9.0525e-02 -1.5399e+00
86 +1.585503091e+00 +1.585503091e+00 +1.277755031e+02 +1.277755031e+02 +2.5026e+00 +9.5088e-01 -1.3918e+00 +6.0579e-01 -1.1565e+00
208 +1.536779230e+00 +1.536779230e+00 +1.277267792e+02 +1.277267792e+02 +2.4495e+00 +9.0854e-01 -1.3944e+00 +6.0051e-01 -1.1903e+00
602 +9.768612971e-01 +9.768612971e-01 +1.271668613e+02 +1.271668613e+02 +2.3106e+00 +1.2681e-01 -1.8032e+00 +7.6335e-01 -1.4607e+00
1111 +6.041863926e-01 +6.041863926e-01 +1.267941864e+02 +1.267941864e+02 +2.2702e+00 -4.5232e-02 -1.7162e+00 +8.8213e-01 -1.7381e+00
1711 +3.382412749e-01 +3.382412749e-01 +1.265282413e+02 +1.265282413e+02 +2.2380e+00 +1.2871e-01 -1.7613e+00 +1.0367e+00 -2.0015e+00
1862 +2.440234342e-01 +2.440234342e-01 +1.264340234e+02 +1.264340234e+02 +2.2779e+00 -1.0671e-01 -1.8071e+00 +1.0653e+00 -2.0708e+00
2109 +1.427251791e-01 +1.427251791e-01 +1.263327252e+02 +1.263327252e+02 +2.2273e+00 +9.0915e-03 -1.7213e+00 +1.1081e+00 -2.2698e+00
2362 +9.010374427e-02 +9.010374427e-02 +1.262801037e+02 +1.262801037e+02 +2.2362e+00 +1.8880e-02 -1.6899e+00 +1.2427e+00 -2.3626e+00
2498 +4.416483347e-02 +4.416483347e-02 +1.262341648e+02 +1.262341648e+02 +2.3094e+00 +1.1241e-01 -1.8178e+00 +1.2509e+00 -2.3711e+00
2520 +2.061871235e-02 +2.061871235e-02 +1.262106187e+02 +1.262106187e+02 +2.2668e+00 +2.3472e-01 -1.8742e+00 +1.3286e+00 -2.4464e+00
2751 +1.483702151e-02 +1.483702151e-02 +1.262048370e+02 +1.262048370e+02 +2.1119e+00 +2.1552e-01 -1.9214e+00 +1.4147e+00 -2.4271e+00
3230 +1.987629437e-03 +1.987629437e-03 +1.261919876e+02 +1.261919876e+02 +2.1363e+00 +9.8478e-02 -1.7929e+00 +1.5342e+00 -2.4111e+00
3244 +7.747786453e-04 +7.747786453e-04 +1.261907748e+02 +1.261907748e+02 +2.1489e+00 +1.3308e-01 -1.8335e+00 +1.5122e+00 -2.3907e+00
