% function evaluation | noise-free fitness - Fopt (-5.235000000000e+01) | best noise-free fitness - Fopt | measured fitness | best measured fitness | x1 | x2...
1 +4.037366319e+02 +4.037366319e+02 +3.513866319e+02 +3.513866319e+02 +1.4561e+00 -2.9002e-01 -2.4608e+00 +3.0460e+00 +1.9720e+00 -2.6701e+00 -2.3727e-02 -7.8915e-01 +2.0525e+00 +5.8754e-01 -1.4934e+00 -2.4590e+00 +2.2205e+00 -2.5544e+00 -1.2098e+00 +3.3951e+00 -2.0214e+00 -5.0483e-01 -2.6390e+00 +3.6629e+00
2 +1.771994197e+02 +1.771994197e+02 +1.248494197e+02 +1.248494197e+02 -5.3402e-02 -1.3979e+00 -2.1052e+00 +3.8767e+00 +3.5963e+00 -3.1096e+00 -3.3640e+00 -2.5017e+00 -2.4496e-01 +1.4478e+00 +1.4442e-01 +1.1073e-01 -6.9603e-01 -2.4360e+00 -3.9193e+00 +3.4543e+00 -3.7943e+00 -3.5891e+00 -7.5948e-01 -1.7402e+00
4 +1.317392952e+02 +1.317392952e+02 +7.938929519e+01 +7.938929519e+01 +1.3930e+00 -3.1613e+00 +3.5555e+00 +8.0339e-01 +2.1061e+00 +7.3942e-01 -1.8210e+00 +2.4971e+00 -7.1986e-01 +3.2953e+00 -1.8671e+00 -4.9087e-02 +1.5897e+00 +1.2686e+00 +4.4788e-01 -3.9610e+00 +8.8920e-01 +3.0265e+00 +2.7620e+00 +3.5400e-01
5 +7.490618919e+01 +7.490618919e+01 +2.255618919e+01 +2.255618919e+01 +2.0408e+00 -2.1660e+00 -2.4236e+00 -3.4261e+00 -8.2481e-01 -2.5819e+00 -6.8288e-01 +2.0900e+00 +3.9707e+00 -1.4578e+00 -1.4254e+00 -3.1593e+00 -3.8020e+00 +6.7472e-01 +9.6253e-01 +1.2061e+00 +2.8763e+00 -2.7349e+00 +2.0971e+00 +3.2286e+00
9 +4.306520815e+01 +4.306520815e+01 -9.284791852e+00 -9.284791852e+00 +9.1378e-01 -2.3368e+00 -2.9214e+00 -3.4384e+00 -3.1291e+00 -1.0347e+00 -2.0949e+00 -1.5565e+00 -3.5656e+00 +3.7061e-03 -2.2852e+00 +3.9953e+00 +2.1745e+00 -2.1353e+00 -1.6042e+00 -1.9450e+00 -3.9519e+00 +2.4908e+00 +3.7210e+00 -3.2234e+00
27 +3.360565679e+01 +3.360565679e+01 -1.874434321e+01 -1.874434321e+01 +8.8558e-01 -2.3585e+00 -6.5256e-01 -2.7879e+00 -3.0373e+00 -1.8571e-01 -3.4644e-01 +2.6796e-01 +3.2257e+00 +1.3301e+00 -1.8401e+00 +1.8471e+00 +2.5870e+00 -2.2825e+00 -1.3518e+00 -1.5126e+00 -2.5076e+00 +2.2317e+00 +3.1188e+00 -4.3115e-01
125 +2.371667239e+01 +2.371667239e+01 -2.863332761e+01 -2.863332761e+01 +3.2206e-01 +7.8035e-01 +4.8839e-01 -6.3049e-01 +1.1047e+00 +2.8568e+00 -7.1252e-01 -7.9705e-01 +3.6682e+00 -7.0565e-01 -1.8938e+00 +4.2056e-01 +2.0648e+00 +2.2824e+00 -4.5973e-01 -1.3352e+00 -3.3796e+00 +1.0285e+00 -3.6481e-02 -2.7879e+00
2152 +1.576974800e+01 +1.576974800e+01 -3.658025200e+01 -3.658025200e+01 +5.4196e-01 +7.4966e-01 +4.1317e-01 -5.8261e-01 +8.4344e-01 +3.1347e+00 -1.3058e+00 -1.3381e+00 +3.4191e+00 -1.1698e+00 -1.3761e+00 +5.1491e-01 +2.0403e+00 +1.8222e+00 -1.6309e-01 -1.2956e+00 -3.2436e+00 +1.1101e+00 +7.3983e-01 -3.2294e+00
5306 +9.925250519e+00 +9.925250519e+00 -4.242474948e+01 -4.242474948e+01 +4.0074e-01 +4.3013e-01 +1.0218e-01 -7.5833e-01 +3.1944e-01 +3.6169e+00 -1.8775e+00 -1.6349e+00 +2.8459e+00 -1.5560e+00 -5.6814e-01 +5.9809e-01 +2.7618e+00 +1.2698e+00 -4.8589e-01 -1.1411e+00 -3.0675e+00 +1.2122e+00 +1.4867e+00 -3.4085e+00
8707 +6.278158512e+00 +6.278158512e+00 -4.607184149e+01 -4.607184149e+01 -3.6932e-01 -6.2744e-02 +7.2569e-01 -9.2341e-01 +1.3557e-01 +3.5700e+00 -2.5811e+00 -1.8539e+00 +2.5048e+00 -1.3186e+00 +2.1351e-01 +5.3490e-01 +2.9936e+00 +5.8563e-01 -1.2522e+00 -4.1306e-01 -2.5293e+00 +1.3760e+00 +2.3773e+00 -3.9428e+00
11295 +3.949241689e+00 +3.949241689e+00 -4.840075831e+01 -4.840075831e+01 -1.3699e-01 -1.2233e+00 +1.6661e+00 -1.3940e+00 -2.0318e+00 +2.4089e+00 -2.7791e+00 -2.9340e-02 +2.3239e+00 -9.7805e-01 +1.9835e+00 -4.2820e-01 +2.7946e+00 -1.0904e+00 -1.1474e+00 -3.3269e-01 -2.5692e+00 +3.7357e-01 +2.7578e+00 -3.9097e+00
13062 +2.315317147e+00 +2.315317147e+00 -5.003468285e+01 -5.003468285e+01 -3.3541e-01 -1.0348e+00 +2.2623e+00 -1.5910e+00 -1.9023e+00 +2.8234e+00 -2.8834e+00 +4.4817e-01 +2.1636e+00 -1.3451e+00 +2.2416e+00 -5.8499e-01 +3.2748e+00 -9.1042e-01 -1.3582e+00 +1.0361e-01 -2.1602e+00 +8.0025e-01 +2.5986e+00 -4.0999e+00
14321 +1.548443946e+00 +1.548443946e+00 -5.080155605e+01 -5.080155605e+01 -3.7145e-01 -1.1130e+00 +2.3267e+00 -1.7005e+00 -1.6670e+00 +2.7668e+00 -3.2100e+00 +5.6586e-01 +2.3878e+00 -1.4196e+00 +2.4269e+00 -5.6890e-01 +3.1151e+00 -1.0883e+00 -1.6650e+00 +3.7781e-01 -1.9330e+00 +1.1737e+00 +2.8403e+00 -4.1418e+00
15302 +9.958083335e-01 +9.958083335e-01 -5.135419167e+01 -5.135419167e+01 -4.4423e-01 -1.2784e+00 +2.3954e+00 -1.8576e+00 -1.5850e+00 +2.9373e+00 -3.2245e+00 +6.2460e-01 +2.6138e+00 -1.4410e+00 +2.7364e+00 -4.1848e-01 +3.1864e+00 -9.7951e-01 -1.8007e+00 +6.0152e-01 -1.8782e+00 +1.5453e+00 +3.0193e+00 -4.0894e+00
16093 +6.258762491e-01 +6.258762491e-01 -5.172412375e+01 -5.172412375e+01 -7.1420e-01 -1.0981e+00 +2.3969e+00 -1.9021e+00 -1.7805e+00 +3.0962e+00 -3.5132e+00 +9.6792e-01 +2.4472e+00 -1.6504e+00 +2.7888e+00 -5.9874e-01 +3.5483e+00 -9.2506e-01 -1.8569e+00 +7.0530e-01 -1.6628e+00 +1.5058e+00 +2.9822e+00 -4.0568e+00
16950 +3.426941575e-01 +3.426941575e-01 -5.200730584e+01 -5.200730584e+01 -8.8148e-01 -1.1289e+00 +2.5440e+00 -2.0546e+00 -1.7612e+00 +3.2869e+00 -3.5402e+00 +5.8519e-01 +2.5163e+00 -1.6057e+00 +2.7655e+00 -5.9499e-01 +3.4529e+00 -8.4738e-01 -1.9753e+00 +9.3996e-01 -1.5336e+00 +1.6516e+00 +3.1584e+00 -4.0550e+00
17224 +2.485286749e-01 +2.485286749e-01 -5.210147133e+01 -5.210147133e+01 -9.1816e-01 -9.7387e-01 +2.5794e+00 -2.0916e+00 -1.6197e+00 +3.1950e+00 -3.6022e+00 +6.1733e-01 +2.6688e+00 -1.6747e+00 +2.9117e+00 -7.3964e-01 +3.6118e+00 -8.6131e-01 -1.9016e+00 +9.1695e-01 -1.4382e+00 +1.6665e+00 +3.0628e+00 -3.9607e+00
17860 +1.519520192e-01 +1.519520192e-01 -5.219804798e+01 -5.219804798e+01 -8.2894e-01 -1.0870e+00 +2.5906e+00 -2.2342e+00 -1.6361e+00 +3.3644e+00 -3.8791e+00 +5.0384e-01 +2.7024e+00 -1.5387e+00 +2.7994e+00 -6.4167e-01 +3.5590e+00 -7.2335e-01 -2.0218e+00 +1.0388e+00 -1.3714e+00 +1.6635e+00 +3.1543e+00 -3.8533e+00
18976 +9.034147800e-02 +9.034147800e-02 -5.225965852e+01 -5.225965852e+01 -9.2677e-01 -1.0390e+00 +2.3717e+00 -2.2686e+00 -1.7366e+00 +3.5498e+00 -3.9149e+00 +2.9274e-01 +2.7377e+00 -1.6810e+00 +2.8328e+00 -5.6645e-01 +3.3877e+00 -8.1551e-01 -2.1337e+00 +1.2017e+00 -1.1354e+00 +1.7901e+00 +3.0885e+00 -3.8901e+00
20101 +4.483689120e-02 +4.483689120e-02 -5.230516311e+01 -5.230516311e+01 -8.7973e-01 -1.1834e+00 +2.4341e+00 -2.3734e+00 -1.6786e+00 +3.5450e+00 -3.7485e+00 +4.9960e-02 +2.7414e+00 -1.6160e+00 +2.9902e+00 -5.1926e-01 +3.4648e+00 -7.8077e-01 -2.1224e+00 +1.1228e+00 -1.1568e+00 +1.8089e+00 +2.8957e+00 -3.8256e+00
20629 +3.819053230e-02 +3.819053230e-02 -5.231180947e+01 -5.231180947e+01 -8.4260e-01 -1.0816e+00 +2.5484e+00 -2.2629e+00 -1.7670e+00 +3.5461e+00 -3.7709e+00 -4.8798e-03 +2.8240e+00 -1.6331e+00 +3.0773e+00 -5.1911e-01 +3.4580e+00 -8.5037e-01 -2.1039e+00 +1.2090e+00 -1.1875e+00 +1.7796e+00 +2.9967e+00 -3.8280e+00
% function evaluation | noise-free fitness - Fopt (-1.795400000000e+02) | best noise-free fitness - Fopt | measured fitness | best measured fitness | x1 | x2...
1 +1.022290038e+02 +1.022290038e+02 -7.731099615e+01 -7.731099615e+01 -8.9060e-01 +3.8732e+00 +2.2634e-01 +1.9229e+00 +2.6881e+00 +3.5357e+00 +2.8570e+00 +9.9915e-02 -1.1056e+00 -3.0176e+00 -1.3907e+00 -3.0977e+00 -2.3814e+00 -4.6862e-01 -1.3324e+00 -2.4045e+00 -2.7292e+00 +3.1988e+00 -3.0422e+00 -3.5079e-01
2 +3.220911079e+01 +3.220911079e+01 -1.473308892e+02 -1.473308892e+02 +1.1111e+00 +1.1660e+00 -3.5334e+00 +3.3360e+00 +3.6721e+00 -3.5834e+00 +3.8438e+00 +2.8924e+00 -1.9819e-01 +2.5129e+00 +2.4277e+00 +3.1529e-01 +2.3181e+00 +1.2674e+00 +1.1022e+00 -7.1752e-01 -6.0783e-02 +3.8598e+00 -1.9188e+00 -3.7927e+00
472 +2.507464693e+01 +2.507464693e+01 -1.544653531e+02 -1.544653531e+02 -3.7968e+00 +3.1083e+00 -2.8252e+00 +1.0684e+00 +1.6172e-01 +3.7093e-02 +3.2528e-01 +3.7799e+00 -1.0777e+00 +9.6340e-01 +2.4781e+00 +2.7039e+00 +3.5070e+00 -9.4268e-01 +3.1103e+00 -2.3524e+00 +1.0044e+00 +3.0836e+00 -8.3035e-01 +1.6272e+00
2061 +1.576677965e+01 +1.576677965e+01 -1.637732203e+02 -1.637732203e+02 +8.6780e-01 +7.3831e-01 -3.1371e+00 +3.1606e+00 +3.4358e+00 -3.1637e+00 +3.9416e+00 +3.2085e+00 +3.1066e-02 +2.4773e+00 +1.9108e+00 +2.7398e-01 +2.1105e+00 +1.1025e+00 +1.4096e+00 -7.5188e-01 -1.7469e-01 +4.5741e+00 -1.3987e+00 -3.3726e+00
3432 +9.846974918e+00 +9.846974918e+00 -1.696930251e+02 -1.696930251e+02 +8.3779e-01 -6.5855e-02 -2.5408e+00 +3.1564e+00 +3.0632e+00 -2.9601e+00 +4.3036e+00 +3.6209e+00 +3.0219e-01 +2.1337e+00 +1.9722e+00 +1.3826e-01 +1.6753e+00 +1.3479e+00 +1.4220e+00 -2.6504e-01 -2.1217e-01 +4.7231e+00 -1.2315e+00 -3.3567e+00
5728 +6.298381198e+00 +6.298381198e+00 -1.732416188e+02 -1.732416188e+02 +4.2114e-01 -2.4571e-01 -2.5032e+00 +2.7947e+00 +3.2564e+00 -2.8609e+00 +4.4076e+00 +3.3353e+00 +6.7931e-01 +2.2663e+00 +1.1776e+00 +2.5471e-01 +1.4049e+00 +1.0940e+00 +1.9369e+00 -1.4380e-01 -6.9748e-01 +4.6519e+00 -3.7838e-01 -2.9066e+00
8619 +3.953673832e+00 +3.953673832e+00 -1.755863262e+02 -1.755863262e+02 +5.7743e-01 +1.7947e-01 -2.9591e+00 +2.6854e+00 +3.3519e+00 -2.3010e+00 +4.0025e+00 +3.5812e+00 +5.1734e-01 +2.5767e+00 +5.0912e-01 +1.6378e-01 +7.5027e-01 +9.3838e-01 +2.3773e+00 +1.3243e-01 -1.0936e+00 +4.7592e+00 -2.6280e-01 -2.3544e+00
11113 +2.482603400e+00 +2.482603400e+00 -1.770573966e+02 -1.770573966e+02 +8.4830e-01 +4.6212e-01 -3.1422e+00 +2.6429e+00 +3.3465e+00 -1.8985e+00 +4.0914e+00 +3.3493e+00 +2.2066e-01 +2.4836e+00 +3.0374e-01 +4.0299e-01 -1.2520e-02 +9.5353e-01 +2.1004e+00 +6.4703e-01 -1.0491e+00 +4.7070e+00 +5.8873e-01 -1.9830e+00
12886 +1.584656807e+00 +1.584656807e+00 -1.779553432e+02 -1.779553432e+02 +9.6333e-01 +3.2957e-01 -3.1485e+00 +2.7649e+00 +3.1997e+00 -1.3804e+00 +3.7626e+00 +3.5689e+00 +2.6625e-01 +2.4466e+00 -1.8701e-01 +5.5502e-01 -3.9425e-01 +1.0774e+00 +2.2215e+00 +7.8952e-01 -1.1794e+00 +4.2752e+00 +1.1066e+00 -1.6375e+00
14007 +9.680225041e-01 +9.680225041e-01 -1.785719775e+02 -1.785719775e+02 +9.0010e-01 +4.5626e-01 -3.3473e+00 +2.6393e+00 +3.5367e+00 -1.3558e+00 +3.8678e+00 +3.3827e+00 +1.2624e-01 +2.2897e+00 -4.6745e-01 +6.7703e-01 -7.4626e-01 +1.0614e+00 +2.1418e+00 +9.0914e-01 -1.1216e+00 +3.9398e+00 +1.0292e+00 -1.3797e+00
14784 +5.930087835e-01 +5.930087835e-01 -1.789469912e+02 -1.789469912e+02 +8.2474e-01 +5.3694e-01 -3.5627e+00 +2.5906e+00 +3.8448e+00 -1.1060e+00 +3.7466e+00 +3.2506e+00 +3.6117e-01 +2.3282e+00 -5.6469e-01 +8.7357e-01 -1.0663e+00 +1.3077e+00 +1.9526e+00 +7.7977e-01 -1.1726e+00 +3.9321e+00 +1.0214e+00 -1.2795e+00
15398 +3.698290498e-01 +3.698290498e-01 -1.791701710e+02 -1.791701710e+02 +9.7819e-01 +3.8878e-01 -3.6322e+00 +2.5061e+00 +3.9271e+00 -1.0501e+00 +3.6537e+00 +3.3020e+00 +2.0160e-01 +2.3152e+00 -6.1911e-01 +7.3429e-01 -9.8327e-01 +1.3316e+00 +2.0032e+00 +9.7139e-01 -1.2836e+00 +3.8719e+00 +1.2086e+00 -1.2279e+00
15781 +2.207591470e-01 +2.207591470e-01 -1.793192409e+02 -1.793192409e+02 +1.0187e+00 +4.6963e-01 -3.5013e+00 +2.3368e+00 +3.9674e+00 -9.2742e-01 +3.6592e+00 +3.2769e+00 +5.6120e-02 +2.2981e+00 -5.7075e-01 +6.0520e-01 -1.1473e+00 +1.2075e+00 +2.0784e+00 +9.4748e-01 -1.3700e+00 +3.7851e+00 +1.3441e+00 -1.2945e+00
16763 +1.443282161e-01 +1.443282161e-01 -1.793956718e+02 -1.793956718e+02 +1.0275e+00 +5.3916e-01 -3.4115e+00 +2.3019e+00 +3.9286e+00 -7.8377e-01 +3.4893e+00 +3.3090e+00 -1.8866e-02 +2.2206e+00 -5.8335e-01 +7.5673e-01 -1.1658e+00 +1.1529e+00 +2.0881e+00 +1.0296e+00 -1.4001e+00 +3.8350e+00 +1.4933e+00 -1.1310e+00
17818 +9.314798817e-02 +9.314798817e-02 -1.794468520e+02 -1.794468520e+02 +9.2066e-01 +3.1544e-01 -3.4141e+00 +2.2242e+00 +3.9133e+00 -6.6843e-01 +3.6702e+00 +3.5105e+00 +1.4085e-01 +2.2545e+00 -6.3263e-01 +6.7376e-01 -1.3143e+00 +1.1800e+00 +2.1656e+00 +1.0943e+00 -1.1479e+00 +3.8297e+00 +1.7226e+00 -1.0818e+00
19658 +5.770143333e-02 +5.770143333e-02 -1.794822986e+02 -1.794822986e+02 +8.6168e-01 +3.6051e-01 -3.4959e+00 +2.3069e+00 +3.6972e+00 -4.7996e-01 +3.6269e+00 +3.4526e+00 +1.1421e-01 +2.1555e+00 -7.3932e-01 +6.4235e-01 -1.3130e+00 +1.1903e+00 +2.2625e+00 +1.0440e+00 -1.2266e+00 +3.9490e+00 +1.7516e+00 -8.8054e-01
% function evaluation | noise-free fitness - Fopt (7.731000000000e+01) | best noise-free fitness - Fopt | measured fitness | best measured fitness | x1 | x2...
1 +4.539570124e+01 +4.539570124e+01 +1.227057012e+02 +1.227057012e+02 -1.4248e+00 +2.8770e+00 -2.0706e+00 -3.5713e+00 -2.5722e+00 -3.5951e+00 -1.6822e+00 +1.1288e+00 +9.2049e-01 -2.2099e+00 +3.4659e+00 +3.7489e+00 +2.2085e+00 -1.4960e-01 +1.1295e+00 +2.7144e+00 +4.2543e-01 -3.3318e+00 -1.1121e+00 -1.3334e+00
22 +3.374208654e+01 +3.374208654e+01 +1.110520865e+02 +1.110520865e+02 -9.8014e-01 -2.5142e+00 -2.0071e+00 -2.9855e+00 -1.0875e+00 -1.0516e+00 -1.9320e+00 +6.7873e-01 +1.1728e+00 -2.7752e+00 +3.0694e+00 +3.6971e+00 +2.4627e+00 -9.5440e-01 -7.8162e-02 +2.5736e+00 -8.7133e-01 -1.5851e+00 +2.1677e-01 +8.6379e-01
77 +2.492385857e+01 +2.492385857e+01 +1.022338586e+02 +1.022338586e+02 +4.0105e+00 +1.6230e+00 +1.9553e+00 +4.6462e-01 +2.3725e+00 +1.0258e+00 +2.1679e+00 +9.1365e-01 +1.3679e+00 +1.4290e+00 +2.6200e+00 +1.1872e+00 -1.9700e+00 +1.7744e-01 -4.3787e-01 +3.9355e+00 +1.9706e+00 +6.1369e-01 -1.5624e-01 +2.4785e-01
94 +1.106220063e+01 +1.106220063e+01 +8.837220063e+01 +8.837220063e+01 +2.6359e+00 -8.3245e-01 -1.5762e+00 -1.0358e+00 -2.0584e-01 -2.1507e+00 -1.6082e+00 -2.4411e-01 -8.5031e-02 +1.7291e+00 +2.6947e+00 +2.9473e+00 -8.6957e-01 +1.6148e-01 +5.9386e-02 +1.5183e+00 +1.2030e+00 +2.2288e-01 +2.6070e+00 -4.4679e-01
592 +9.776056023e+00 +9.776056023e+00 +8.708605602e+01 +8.708605602e+01 +2.3735e+00 -8.5803e-01 -1.4797e+00 -1.1317e+00 +1.2393e-01 -2.1311e+00 -1.6719e+00 -1.0133e-01 +9.0092e-03 +1.6936e+00 +2.5800e+00 +2.9077e+00 -8.5549e-01 +1.9173e-01 +1.2106e-01 +1.5851e+00 +8.8902e-01 +2.5886e-01 +2.6338e+00 -4.3353e-01
3221 +6.267653114e+00 +6.267653114e+00 +8.357765311e+01 +8.357765311e+01 +2.2332e+00 -8.5463e-01 -1.3496e+00 -8.4551e-01 +1.8164e-01 -2.9395e+00 -1.0588e+00 -6.2687e-01 +4.7458e-01 +1.6121e+00 +2.4019e+00 +2.3555e+00 -3.6497e-02 +7.2578e-01 +3.0355e-02 +2.0926e+00 +4.1900e-01 +3.9011e-01 +3.2300e+00 +8.9641e-02
5261 +3.960606202e+00 +3.960606202e+00 +8.127060620e+01 +8.127060620e+01 +1.9205e+00 -7.7629e-01 -1.9973e+00 -1.4940e+00 +6.1578e-01 -2.8044e+00 -6.0084e-01 -1.1784e+00 +7.3432e-01 +2.0031e+00 +1.9250e+00 +2.0076e+00 +3.8781e-01 +5.5487e-01 -2.9367e-02 +2.5681e+00 +3.4417e-01 +6.7822e-01 +3.3365e+00 +2.7804e-01
7044 +2.505996768e+00 +2.505996768e+00 +7.981599677e+01 +7.981599677e+01 +1.5624e+00 -5.7094e-01 -1.9995e+00 -1.6107e+00 +7.7572e-01 -2.5678e+00 -1.3957e-01 -1.2119e+00 +9.0311e-01 +2.4882e+00 +1.8811e+00 +1.8599e+00 +4.6920e-01 +8.5338e-01 +1.8962e-01 +2.6843e+00 -2.6658e-01 +9.1729e-01 +3.2664e+00 +6.2478e-01
8531 +1.582317583e+00 +1.582317583e+00 +7.889231758e+01 +7.889231758e+01 +1.3485e+00 -6.5130e-01 -2.2673e+00 -1.5107e+00 +7.9115e-01 -2.4519e+00 +5.7546e-02 -1.4190e+00 +1.1268e+00 +2.7843e+00 +1.6639e+00 +1.4022e+00 +2.9726e-01 +1.1957e+00 +2.1887e-01 +2.9736e+00 -3.4619e-01 +1.1536e+00 +3.1324e+00 +1.0259e+00
9537 +9.980737657e-01 +9.980737657e-01 +7.830807377e+01 +7.830807377e+01 +1.2266e+00 -7.2176e-01 -2.2754e+00 -1.7911e+00 +8.2302e-01 -2.2232e+00 +3.8497e-01 -1.5181e+00 +1.1978e+00 +2.5390e+00 +1.2720e+00 +1.1366e+00 +1.5284e-01 +9.5098e-01 +9.0563e-02 +3.0326e+00 -7.8093e-01 +1.3898e+00 +3.2001e+00 +1.2248e+00
10195 +5.936521932e-01 +5.936521932e-01 +7.790365219e+01 +7.790365219e+01 +9.9098e-01 -3.0452e-01 -2.3295e+00 -1.7007e+00 +9.6345e-01 -2.3737e+00 +4.3933e-01 -1.6012e+00 +1.3028e+00 +2.6683e+00 +1.5181e+00 +1.0597e+00 +1.6426e-01 +8.1736e-01 +1.6845e-01 +3.2684e+00 -6.6486e-01 +1.5094e+00 +3.2745e+00 +1.4636e+00
10902 +3.576466323e-01 +3.576466323e-01 +7.766764663e+01 +7.766764663e+01 +9.1409e-01 -3.1487e-01 -2.2429e+00 -1.9651e+00 +1.0694e+00 -2.2765e+00 +6.2665e-01 -1.7454e+00 +1.3645e+00 +2.6569e+00 +1.3816e+00 +1.0392e+00 +2.0639e-01 +6.9299e-01 +2.5028e-02 +3.3722e+00 -7.2310e-01 +1.5643e+00 +3.1684e+00 +1.5879e+00
11553 +2.271665901e-01 +2.271665901e-01 +7.753716659e+01 +7.753716659e+01 +7.8421e-01 -3.9214e-01 -2.3848e+00 -1.7544e+00 +1.0727e+00 -2.2534e+00 +5.7506e-01 -1.7253e+00 +1.1577e+00 +2.9198e+00 +1.3237e+00 +8.3030e-01 +3.7179e-01 +6.4583e-01 +2.8880e-01 +3.4131e+00 -7.8871e-01 +1.8540e+00 +2.9201e+00 +1.6731e+00
12416 +1.527798084e-01 +1.527798084e-01 +7.746277981e+01 +7.746277981e+01 +8.9753e-01 -5.5530e-01 -2.3002e+00 -1.8762e+00 +1.1632e+00 -2.2109e+00 +6.8459e-01 -1.7602e+00 +1.1685e+00 +2.7993e+00 +1.2626e+00 +9.0903e-01 +5.3480e-01 +6.9341e-01 +2.4646e-01 +3.6646e+00 -6.9260e-01 +2.0155e+00 +2.8253e+00 +1.8334e+00
13084 +8.919982780e-02 +8.919982780e-02 +7.739919983e+01 +7.739919983e+01 +8.9427e-01 -4.5178e-01 -2.3790e+00 -2.0533e+00 +1.0234e+00 -2.3067e+00 +8.0097e-01 -1.8193e+00 +1.1974e+00 +2.7167e+00 +1.2499e+00 +7.3700e-01 +4.0491e-01 +6.7414e-01 +2.5102e-01 +3.7151e+00 -8.4272e-01 +1.8044e+00 +3.0805e+00 +1.8475e+00
13931 +4.599846600e-02 +4.599846600e-02 +7.735599847e+01 +7.735599847e+01 +8.4697e-01 -6.4741e-01 -2.2621e+00 -1.8146e+00 +9.6640e-01 -2.3843e+00 +8.1343e-01 -1.7775e+00 +1.4057e+00 +2.9377e+00 +1.1810e+00 +8.3870e-01 +6.2038e-01 +4.8661e-01 +3.4458e-01 +3.7640e+00 -8.8351e-01 +1.8905e+00 +2.9663e+00 +1.9827e+00
16688 +3.588845535e-02 +3.588845535e-02 +7.734588846e+01 +7.734588846e+01 +9.2702e-01 -5.7854e-01 -2.0746e+00 -1.7286e+00 +1.0213e+00 -2.4614e+00 +8.4622e-01 -1.8539e+00 +1.3992e+00 +2.6796e+00 +1.0769e+00 +7.8060e-01 +8.0015e-01 +5.8194e-01 +1.7764e-01 +3.7692e+00 -7.8913e-01 +1.8059e+00 +3.1069e+00 +2.1055e+00
% function evaluation | noise-free fitness - Fopt (3.992000000000e+01) | best noise-free fitness - Fopt | measured fitness | best measured fitness | x1 | x2...
1 +2.008367993e+02 +2.008367993e+02 +2.407567993e+02 +2.407567993e+02 -2.7954e+00 -2.1498e+00 +8.9488e-02 +3.2048e+00 -5.0552e-02 +3.4640e+00 +1.7997e+00 +3.7650e+00 -1.3884e+00 +5.7387e-01 -2.4584e+00 -3.4877e+00 -1.3311e+00 +1.4069e+00 +3.0502e+00 -1.0373e+00 -1.2176e-01 +1.0192e+00 -3.9227e+00 -3.8691e+00
2 +1.043464704e+02 +1.043464704e+02 +1.442664704e+02 +1.442664704e+02 +5.7794e-01 -1.0136e+00 -2.7022e+00 -3.5131e+00 +7.9622e-01 -3.0803e+00 -7.5959e-01 +7.3491e-01 +2.9530e+00 -1.2906e+00 -2.1146e+00 +7.1823e-01 +1.3775e-01 -1.2018e-01 -1.7585e+00 -3.8076e+00 -1.9361e+00 +1.8324e+00 -3.3401e+00 +3.6853e+00
4 +7.041933807e+01 +7.041933807e+01 +1.103393381e+02 +1.103393381e+02 +2.8418e+00 -1.4840e+00 -8.9802e-01 -3.4688e+00 +2.7365e+00 +1.3415e+00 -1.9943e-01 +2.8269e+00 +3.3630e+00 -3.8781e+00 +3.2453e+00 -1.5841e+00 -3.2995e+00 -1.4198e+00 -3.1443e+00 -3.6977e+00 -2.6015e+00 +9.8124e-01 -2.0126e+00 +2.6202e+00
8 +4.767608139e+01 +4.767608139e+01 +8.759608139e+01 +8.759608139e+01 +1.1358e+00 +3.6855e+00 -1.9372e+00 +4.8005e-01 -6.6032e-01 -2.2272e+00 -2.4928e+00 +4.5733e-01 +3.0229e+00 +3.5992e+00 +3.7488e+00 +2.3368e-01 -2.1735e+00 -2.4817e+00 +1.3531e+00 -2.8058e+00 -1.3606e+00 -2.8211e+00 -1.3268e+00 -3.8373e+00
10 +3.976321683e+01 +3.976321683e+01 +7.968321683e+01 +7.968321683e+01 -4.4686e-01 -2.7499e+00 +1.9841e+00 +5.8416e-01 -1.4704e+00 -1.7256e+00 +2.1980e-01 +8.5589e-01 -1.2657e+00 +3.5592e+00 +3.4609e+00 +2.8003e+00 +2.9760e+00 -1.6499e-01 -3.7178e+00 +1.6158e+00 +4.2004e-01 -1.6928e+00 -1.3048e+00 -1.0921e+00
249 +2.483430849e+01 +2.483430849e+01 +6.475430849e+01 +6.475430849e+01 +3.6736e+00 -2.9836e+00 -1.6035e-01 -8.9365e-01 -7.8118e-01 -8.1356e-02 -5.3920e-01 +1.4674e+00 -8.6475e-01 +9.0634e-01 +3.2859e+00 -2.3897e+00 -1.2305e+00 +3.7280e+00 -2.4618e+00 -1.0491e+00 -1.6850e+00 +2.4581e+00 +2.6352e+00 -1.3576e+00
2806 +1.584110342e+01 +1.584110342e+01 +5.576110342e+01 +5.576110342e+01 +4.0780e+00 -3.1565e+00 +4.3127e-01 -1.8851e+00 -4.8870e-01 +1.6750e-01 -2.1491e-01 +7.6765e-01 -4.9414e-01 +8.0664e-01 +2.8960e+00 -1.7509e+00 -1.6814e+00 +3.0815e+00 -2.5316e+00 -1.0733e+00 -1.7154e+00 +2.0916e+00 +2.6793e+00 -1.7394e+00
5537 +9.921676862e+00 +9.921676862e+00 +4.984167686e+01 +4.984167686e+01 +3.6641e+00 +1.7283e+00 +2.4278e+00 -1.5885e+00 -1.2028e-01 +2.8602e+00 +3.7884e-01 -6.0964e-01 +2.6278e+00 +3.0198e+00 -2.9518e-02 +1.5412e+00 -1.0417e+00 +2.5135e+00 +8.9077e-01 +1.7787e+00 +7.1091e-01 +5.8920e-01 -1.0046e-01 -7.8693e-01
7887 +6.257230563e+00 +6.257230563e+00 +4.617723056e+01 +4.617723056e+01 +4.1151e+00 +1.1947e+00 +2.1803e+00 -1.7944e+00 -6.0171e-01 +2.6028e+00 +9.5342e-01 -4.5067e-01 +2.5229e+00 +3.4912e+00 -2.2444e-01 +1.5895e+00 -8.4475e-01 +2.0156e+00 +2.1246e-01 +1.3743e+00 +5.0482e-01 +8.8485e-01 +6.6934e-02 -1.0688e+00
9789 +3.923940155e+00 +3.923940155e+00 +4.384394016e+01 +4.384394016e+01 +4.1147e+00 +6.4436e-01 +2.0058e+00 -1.9310e+00 -8.8233e-01 +2.5991e+00 +1.3836e+00 -5.5765e-01 +2.6132e+00 +3.4072e+00 -2.7076e-01 +1.2631e+00 -3.6617e-01 +1.3651e+00 -3.1902e-01 +9.0153e-01 +1.2818e-01 +1.0455e+00 +4.0586e-01 -1.4723e+00
11423 +2.471023917e+00 +2.471023917e+00 +4.239102392e+01 +4.239102392e+01 +4.0978e+00 +3.0200e-02 +2.2499e+00 -2.1605e+00 -1.1076e+00 +2.6184e+00 +1.8184e+00 -5.3850e-01 +2.8506e+00 +3.5127e+00 -3.2318e-01 +1.0612e+00 -2.4935e-01 +1.0440e+00 -7.3564e-01 +5.9154e-01 +3.5397e-01 +7.6291e-01 +5.8202e-01 -1.7595e+00
12690 +1.581828919e+00 +1.581828919e+00 +4.150182892e+01 +4.150182892e+01 +4.0518e+00 -3.5392e-01 +2.2589e+00 -2.0685e+00 -1.4050e+00 +2.6602e+00 +2.0214e+00 -7.3659e-01 +2.9261e+00 +3.6116e+00 -5.4586e-01 +6.5420e-01 -5.0494e-01 +8.0109e-01 -7.0514e-01 +5.7065e-01 +2.3054e-01 +8.4908e-01 +3.8907e-01 -2.2513e+00
13923 +9.699446964e-01 +9.699446964e-01 +4.088994470e+01 +4.088994470e+01 +3.9084e+00 -5.8006e-01 +2.2961e+00 -2.2331e+00 -1.4790e+00 +2.5096e+00 +2.0242e+00 -6.9267e-01 +2.9598e+00 +3.5404e+00 -4.0499e-01 +3.8948e-01 -5.6834e-01 +5.5644e-01 -9.4359e-01 +3.9530e-01 +2.9322e-01 +1.0988e+00 +6.1124e-01 -2.5531e+00
14579 +6.225469177e-01 +6.225469177e-01 +4.054254692e+01 +4.054254692e+01 +3.8921e+00 -7.0456e-01 +2.3491e+00 -2.1492e+00 -1.4622e+00 +2.4936e+00 +2.2369e+00 -4.5360e-01 +3.0195e+00 +3.6111e+00 -4.2361e-01 +2.5314e-01 -5.4916e-01 +3.2521e-01 -9.4906e-01 +5.9389e-01 +3.4846e-01 +1.1016e+00 +6.5407e-01 -2.7481e+00
15309 +3.454397758e-01 +3.454397758e-01 +4.026543978e+01 +4.026543978e+01 +3.7636e+00 -1.0575e+00 +2.4276e+00 -2.0690e+00 -1.7983e+00 +2.5198e+00 +2.2266e+00 -6.3829e-01 +2.8396e+00 +3.6332e+00 -3.5842e-01 +1.5898e-01 -3.4267e-01 +4.1905e-01 -1.1165e+00 +4.6563e-01 +3.0525e-01 +1.0388e+00 +6.7855e-01 -2.9364e+00
15694 +2.505886200e-01 +2.505886200e-01 +4.017058862e+01 +4.017058862e+01 +3.8846e+00 -1.1232e+00 +2.4820e+00 -2.1100e+00 -1.8283e+00 +2.5292e+00 +2.2662e+00 -5.7902e-01 +2.7861e+00 +3.5671e+00 -4.9048e-01 +5.1389e-02 -3.7317e-01 +4.9275e-01 -1.0536e+00 +6.2109e-01 +3.6351e-01 +8.5886e-01 +7.6530e-01 -3.0776e+00
16696 +1.393215320e-01 +1.393215320e-01 +4.005932153e+01 +4.005932153e+01 +3.9583e+00 -1.3429e+00 +2.2587e+00 -2.2035e+00 -2.0389e+00 +2.3409e+00 +2.3553e+00 -6.2356e-01 +2.8928e+00 +3.5037e+00 -3.4163e-01 +2.0663e-01 -3.5379e-01 +2.1173e-01 -1.3190e+00 +5.8554e-01 +5.0969e-01 +1.0268e+00 +8.9900e-01 -3.3080e+00
18342 +9.702054374e-02 +9.702054374e-02 +4.001702054e+01 +4.001702054e+01 +3.9598e+00 -1.3687e+00 +2.4568e+00 -2.2553e+00 -2.1847e+00 +2.3914e+00 +2.0806e+00 -6.2603e-01 +2.9062e+00 +3.3766e+00 -3.0092e-01 +2.2776e-01 -2.4136e-01 +2.3096e-01 -1.4702e+00 +7.7603e-01 +4.7736e-01 +1.0995e+00 +9.4577e-01 -3.2890e+00
21865 +5.842102387e-02 +5.842102387e-02 +3.997842102e+01 +3.997842102e+01 +4.0268e+00 -9.4807e-01 +2.2774e+00 -2.1715e+00 -1.9265e+00 +2.3306e+00 +2.2536e+00 -5.6877e-01 +3.1532e+00 +3.5002e+00 -1.9690e-01 +1.4698e-01 -6.7537e-02 -3.4131e-02 -1.6160e+00 +5.9479e-01 +3.7797e-01 +1.3227e+00 +8.6476e-01 -3.5431e+00
% function evaluation | noise-free fitness - Fopt (-5.661000000000e+01) | best noise-free fitness - Fopt | measured fitness | best measured fitness | x1 | x2...
1 +4.420768205e+01 +4.420768205e+01 -1.240231795e+01 -1.240231795e+01 -3.1028e+00 +3.2942e-01 -5.8942e-01 +8.7197e-01 -1.4667e+00 +8.8532e-01 -2.4147e+00 -7.8281e-01 -2.0998e+00 -2.4585e+00 -2.4358e+00 -3.4841e+00 +1.3293e+00 +2.0119e+00 +1.3809e+00 +2.1251e-01 -8.0772e-01 +3.3160e+00 -1.4433e+00 +1.0119e+00
10 +3.249510141e+01 +3.249510141e+01 -2.411489859e+01 -2.411489859e+01 -2.1045e+00 -3.4028e+00 +1.3890e+00 +3.9810e+00 -4.0691e-01 +2.6004e+00 +1.3536e+00 -3.3060e+00 -3.5003e+00 -4.1343e-01 +2.2276e+00 +7.7559e-01 -3.8904e+00 +2.1134e+00 -5.2118e-01 +1.8393e+00 -3.5451e+00 +3.2170e+00 -3.4508e-01 +1.4161e+00
22 +2.246637144e+01 +2.246637144e+01 -3.414362856e+01 -3.414362856e+01 -2.9809e+00 -1.0430e-01 +2.9364e-02 +2.9652e-01 +7.3956e-01 +2.3355e+00 +1.3464e+00 -2.7109e+00 -3.0233e+00 -1.9290e-01 +4.9625e-01 -2.5062e+00 -1.0617e+00 +1.1845e+00 -6.5966e-01 +1.3387e+00 -3.2199e+00 +2.0730e+00 -1.4967e+00 +1.4995e+00
727 +1.571985135e+01 +1.571985135e+01 -4.089014865e+01 -4.089014865e+01 +1.2688e+00 +9.8435e-01 +1.4904e+00 +1.9536e+00 -2.2821e+00 -1.7331e-01 +2.9564e+00 -1.4512e+00 -2.5293e+00 +1.0764e-01 -9.6715e-01 +5.0506e-01 +1.0849e+00 -2.9052e-01 -8.1030e-01 +1.3670e+00 -2.2161e-01 -5.4732e-01 -3.9175e+00 +1.7584e+00
4136 +9.961457878e+00 +9.961457878e+00 -4.664854212e+01 -4.664854212e+01 +8.6907e-01 +1.6747e+00 +1.8389e+00 +1.1041e+00 -2.6299e+00 +6.6931e-01 +2.9511e+00 -1.7444e+00 -2.5991e+00 -4.1785e-02 -1.3231e+00 +5.2814e-01 +9.5925e-01 -8.4765e-01 -8.3729e-01 +1.3463e+00 -6.5618e-01 +2.8647e-01 -3.8747e+00 +4.9539e-01
8016 +6.278554519e+00 +6.278554519e+00 -5.033144548e+01 -5.033144548e+01 +1.1904e+00 +2.3485e+00 +2.1865e+00 -2.8164e-01 -2.8335e+00 +1.8306e+00 +2.9660e+00 -1.3139e+00 -2.9644e+00 +2.0010e-01 -2.0129e+00 +1.6869e-01 +1.2416e+00 -4.2717e-01 -8.5524e-01 +1.6401e+00 -9.5425e-01 +4.8115e-01 -3.7560e+00 -6.4518e-01
10660 +3.980110904e+00 +3.980110904e+00 -5.262988910e+01 -5.262988910e+01 +1.6211e+00 +2.6026e+00 +2.8171e+00 -8.6086e-01 -2.8774e+00 +1.8964e+00 +3.1944e+00 -1.8377e+00 -3.0268e+00 -2.1467e-01 -2.1630e+00 -4.4224e-01 +1.6906e+00 +2.1404e-01 -9.9422e-01 +1.1506e+00 -1.1333e+00 +6.7958e-01 -3.8482e+00 -1.6683e+00
12678 +2.502123277e+00 +2.502123277e+00 -5.410787672e+01 -5.410787672e+01 +2.0650e+00 +2.8049e+00 +2.9242e+00 -1.3242e+00 -2.7710e+00 +2.1257e+00 +2.8017e+00 -2.3103e+00 -2.8620e+00 -6.4883e-01 -2.8163e+00 -7.4019e-01 +1.8516e+00 +6.1615e-01 -1.2719e+00 +8.7024e-01 -1.4911e+00 +1.1203e+00 -3.9272e+00 -2.1487e+00
13936 +1.580352605e+00 +1.580352605e+00 -5.502964740e+01 -5.502964740e+01 +2.0544e+00 +2.8734e+00 +3.1242e+00 -1.6888e+00 -2.9729e+00 +2.0832e+00 +2.9190e+00 -2.6304e+00 -2.8289e+00 -5.2882e-01 -2.9477e+00 -1.1175e+00 +2.1331e+00 +8.5099e-01 -1.6183e+00 +7.3131e-01 -1.3973e+00 +1.2583e+00 -3.8668e+00 -2.6799e+00
14831 +9.303766701e-01 +9.303766701e-01 -5.567962333e+01 -5.567962333e+01 +2.2871e+00 +2.9610e+00 +3.3167e+00 -2.1164e+00 -2.8453e+00 +2.0344e+00 +2.4631e+00 -2.9176e+00 -3.0660e+00 -7.1426e-01 -3.1128e+00 -1.2752e+00 +2.2107e+00 +7.4434e-01 -1.5343e+00 +8.1256e-01 -1.4350e+00 +1.2598e+00 -3.9457e+00 -3.0264e+00
15716 +5.785938727e-01 +5.785938727e-01 -5.603140613e+01 -5.603140613e+01 +2.2432e+00 +3.0073e+00 +3.2975e+00 -2.4225e+00 -3.0548e+00 +2.1066e+00 +2.4265e+00 -3.0155e+00 -3.2512e+00 -8.6073e-01 -3.1815e+00 -1.3943e+00 +2.3381e+00 +6.8768e-01 -1.5469e+00 +7.2273e-01 -1.3106e+00 +1.0844e+00 -3.8746e+00 -3.2996e+00
16347 +3.864356519e-01 +3.864356519e-01 -5.622356435e+01 -5.622356435e+01 +2.2488e+00 +2.9729e+00 +3.3879e+00 -2.7091e+00 -3.1784e+00 +2.1788e+00 +2.6127e+00 -2.9694e+00 -3.1936e+00 -9.6715e-01 -3.2305e+00 -1.4362e+00 +2.4202e+00 +7.4920e-01 -1.7194e+00 +7.7796e-01 -1.2892e+00 +1.1832e+00 -3.9235e+00 -3.5513e+00
17072 +2.442098876e-01 +2.442098876e-01 -5.636579011e+01 -5.636579011e+01 +2.3482e+00 +2.9230e+00 +3.5115e+00 -2.8306e+00 -3.0123e+00 +2.2124e+00 +2.5502e+00 -3.0515e+00 -3.2601e+00 -8.7513e-01 -3.2410e+00 -1.5049e+00 +2.2780e+00 +7.3749e-01 -1.8692e+00 +8.2585e-01 -1.3736e+00 +1.2114e+00 -3.6361e+00 -3.6614e+00
17599 +1.580685670e-01 +1.580685670e-01 -5.645193143e+01 -5.645193143e+01 +2.2329e+00 +3.0241e+00 +3.1643e+00 -2.8391e+00 -3.0693e+00 +2.2360e+00 +2.6326e+00 -3.0721e+00 -3.3338e+00 -1.1235e+00 -3.1700e+00 -1.5746e+00 +2.4525e+00 +7.9976e-01 -1.8525e+00 +6.5742e-01 -1.6742e+00 +1.3802e+00 -3.7223e+00 -3.5499e+00
18457 +8.597706043e-02 +8.597706043e-02 -5.652402294e+01 -5.652402294e+01 +2.1827e+00 +3.1395e+00 +3.2488e+00 -3.0087e+00 -3.0059e+00 +2.1918e+00 +2.7084e+00 -3.1481e+00 -3.5324e+00 -9.4712e-01 -3.1455e+00 -1.4710e+00 +2.5578e+00 +7.4105e-01 -1.9945e+00 +7.2577e-01 -1.7255e+00 +1.4781e+00 -3.8055e+00 -3.5871e+00
20228 +6.205571154e-02 +6.205571154e-02 -5.654794429e+01 -5.654794429e+01 +2.0451e+00 +2.9290e+00 +3.1737e+00 -3.2484e+00 -3.1690e+00 +2.0790e+00 +2.7099e+00 -3.1302e+00 -3.5458e+00 -9.1658e-01 -3.1708e+00 -1.5839e+00 +2.1845e+00 +7.9784e-01 -2.0930e+00 +6.5694e-01 -1.7156e+00 +1.5379e+00 -3.7015e+00 -3.7137e+00
% function evaluation | noise-free fitness - Fopt (1.686600000000e+02) | best noise-free fitness - Fopt | measured fitness | best measured fitness | x1 | x2...
1 +5.951447428e+01 +5.951447428e+01 +2.281744743e+02 +2.281744743e+02 -3.2037e+00 -3.3113e+00 +1.4571e+00 +1.3680e+00 +1.1186e-01 +3.3944e+00 +3.3026e-01 +2.6858e+00 +3.2417e+00 -3.4680e+00 -2.7917e+00 +3.5397e+00 +2.7118e+00 -4.7934e-01 +3.4559e+00 -1.3543e+00 +1.0818e+00 -1.9933e+00 -2.5194e+00 +2.3070e+00
24 +3.750874825e+01 +3.750874825e+01 +2.061687482e+02 +2.061687482e+02 -3.8062e+00 -9.0680e-01 -3.5682e+00 -3.9596e-01 +2.6124e+00 +1.2587e+00 +3.0755e+00 +2.5277e+00 +1.9954e+00 +2.6504e-01 +3.4503e+00 +1.3143e+00 +1.2599e+00 +9.2979e-01 +2.0403e+00 +1.0802e+00 -2.9867e-01 -2.2680e-01 +2.0114e+00 -1.0105e+00
801 +2.483235784e+01 +2.483235784e+01 +1.934923578e+02 +1.934923578e+02 -3.3272e+00 -2.4197e+00 -6.1472e-01 -4.5791e-01 +2.1911e+00 +9.7151e-01 +1.1646e+00 +2.6193e+00 +2.3895e+00 -1.2449e+00 +1.7598e+00 +3.4671e+00 +1.3462e+00 +1.0211e+00 +2.2029e+00 +6.1356e-02 +1.8978e-02 +5.9363e-01 +1.1943e+00 +2.1520e+00
3564 +1.578731098e+01 +1.578731098e+01 +1.844473110e+02 +1.844473110e+02 -3.5785e+00 -2.3364e+00 -5.3100e-01 -5.5490e-01 +2.2076e+00 +1.9721e-01 +1.3233e+00 +1.9864e+00 +3.4700e+00 -1.7772e+00 +1.2521e+00 +3.3044e+00 +1.5400e+00 +6.3139e-01 +1.4336e+00 +4.1784e-01 +1.6527e-01 +5.9152e-01 +9.3338e-01 +2.0474e+00
6453 +9.761599599e+00 +9.761599599e+00 +1.784215996e+02 +1.784215996e+02 -3.5601e+00 -2.7621e+00 -1.0715e+00 -5.4029e-01 +1.8802e+00 -8.3961e-01 +1.4931e+00 +1.4283e+00 +3.6319e+00 -1.7641e+00 +3.3847e-01 +2.6644e+00 +1.8914e+00 +1.4038e-01 +5.8607e-01 +7.7429e-01 +1.9763e-01 +6.9676e-01 +3.9400e-01 +2.7956e+00
9093 +6.144746976e+00 +6.144746976e+00 +1.748047470e+02 +1.748047470e+02 -3.6153e+00 -2.9036e+00 -1.5501e+00 -1.5455e-02 +1.8075e+00 -1.7073e+00 +2.0988e+00 +6.5086e-01 +3.7598e+00 -1.9805e+00 -1.7623e-01 +2.8890e+00 +1.9744e+00 -4.5634e-01 -3.6347e-02 +8.2512e-01 +5.5748e-01 +9.5679e-01 -1.5561e-01 +2.9331e+00
11378 +3.962291109e+00 +3.962291109e+00 +1.726222911e+02 +1.726222911e+02 -3.6330e+00 -2.5203e+00 -1.8875e+00 +4.1703e-01 +1.5248e+00 -2.3583e+00 +2.4631e+00 +2.2458e-01 +3.9638e+00 -2.2649e+00 -2.8076e-01 +3.1047e+00 +2.5399e+00 -7.2117e-01 -4.9391e-01 +1.5385e+00 +7.4803e-01 +1.0022e+00 -5.2483e-01 +3.0186e+00
13616 +2.424480956e+00 +2.424480956e+00 +1.710844810e+02 +1.710844810e+02 -3.3899e+00 -2.2942e+00 -1.9470e+00 +6.5766e-01 +1.6054e+00 -2.6000e+00 +2.8762e+00 -1.3341e-01 +3.6817e+00 -2.2677e+00 -3.5722e-01 +3.1023e+00 +3.0358e+00 -8.6370e-01 -1.1592e+00 +1.4460e+00 +1.3057e+00 +1.0344e+00 -7.7868e-01 +3.2400e+00
14783 +1.545199265e+00 +1.545199265e+00 +1.702051993e+02 +1.702051993e+02 -3.7320e+00 -2.2118e+00 -2.3263e+00 +9.9764e-01 +1.5258e+00 -2.8503e+00 +3.1413e+00 -2.6107e-01 +3.6113e+00 -2.3046e+00 -6.0177e-01 +3.3974e+00 +3.2408e+00 -9.3912e-01 -1.2228e+00 +1.3169e+00 +1.5737e+00 +9.9344e-01 -9.5432e-01 +3.2803e+00
15911 +9.412381149e-01 +9.412381149e-01 +1.696012381e+02 +1.696012381e+02 -3.8485e+00 -2.3520e+00 -2.4820e+00 +1.1514e+00 +1.8041e+00 -3.1144e+00 +3.3608e+00 -2.3682e-01 +3.4156e+00 -2.3223e+00 -5.7018e-01 +3.3028e+00 +3.4769e+00 -1.1429e+00 -1.5038e+00 +1.3009e+00 +1.5277e+00 +1.2088e+00 -1.1410e+00 +3.3859e+00
16762 +6.192994908e-01 +6.192994908e-01 +1.692792995e+02 +1.692792995e+02 -3.8432e+00 -2.3796e+00 -2.5110e+00 +1.2631e+00 +1.7640e+00 -3.2127e+00 +3.6723e+00 -2.0704e-01 +3.3688e+00 -2.4287e+00 -6.9996e-01 +3.2731e+00 +3.6760e+00 -1.2688e+00 -1.5531e+00 +1.1568e+00 +1.6070e+00 +1.2772e+00 -1.2872e+00 +3.2653e+00
17415 +3.673670515e-01 +3.673670515e-01 +1.690273671e+02 +1.690273671e+02 -3.8216e+00 -2.3367e+00 -2.7399e+00 +1.2544e+00 +1.9558e+00 -3.4122e+00 +3.7744e+00 -4.6629e-01 +3.2111e+00 -2.1274e+00 -6.8627e-01 +3.4802e+00 +3.7970e+00 -1.2576e+00 -1.5592e+00 +1.1880e+00 +1.6721e+00 +9.7744e-01 -1.3232e+00 +3.3149e+00
18545 +2.502451459e-01 +2.502451459e-01 +1.689102451e+02 +1.689102451e+02 -3.6664e+00 -2.3835e+00 -2.8144e+00 +1.2910e+00 +1.8751e+00 -3.7563e+00 +3.9129e+00 -4.9553e-01 +3.2737e+00 -2.0241e+00 -6.9567e-01 +3.4664e+00 +3.7461e+00 -1.2401e+00 -1.5938e+00 +1.2497e+00 +1.8675e+00 +1.1261e+00 -1.5338e+00 +3.1056e+00
19069 +1.537318994e-01 +1.537318994e-01 +1.688137319e+02 +1.688137319e+02 -3.7219e+00 -2.3746e+00 -2.9920e+00 +1.3988e+00 +1.9378e+00 -3.6912e+00 +3.9068e+00 -6.7868e-01 +3.2352e+00 -2.1831e+00 -8.3845e-01 +3.3608e+00 +3.7781e+00 -1.2346e+00 -1.6139e+00 +1.0846e+00 +1.8583e+00 +9.2257e-01 -1.7256e+00 +3.1598e+00
20229 +9.692735723e-02 +9.692735723e-02 +1.687569274e+02 +1.687569274e+02 -3.5770e+00 -2.3888e+00 -2.8406e+00 +1.2529e+00 +2.0619e+00 -3.9372e+00 +3.8662e+00 -7.6484e-01 +3.3500e+00 -2.4892e+00 -6.8117e-01 +3.2717e+00 +3.8011e+00 -1.3549e+00 -1.5163e+00 +1.4128e+00 +2.0051e+00 +1.3415e+00 -2.1419e+00 +3.0649e+00
23507 +5.736587979e-02 +5.736587979e-02 +1.687173659e+02 +1.687173659e+02 -3.6268e+00 -2.4833e+00 -2.9446e+00 +1.2877e+00 +2.1068e+00 -3.9170e+00 +3.8157e+00 -6.1246e-01 +3.2394e+00 -2.2662e+00 -6.0114e-01 +3.2900e+00 +3.8546e+00 -1.4911e+00 -1.7094e+00 +1.4756e+00 +1.7515e+00 +1.0739e+00 -2.1372e+00 +2.9587e+00
% function evaluation | noise-free fitness - Fopt (4.076900000000e+02) | best noise-free fitness - Fopt | measured fitness | best measured fitness | x1 | x2...
1 +2.042878650e+02 +2.042878650e+02 +6.119778650e+02 +6.119778650e+02 +3.2391e+00 -1.6363e+00 +8.3035e-01 +3.2445e+00 +3.6736e+00 -9.9187e-01 -2.9701e+00 -1.8204e+00 +2.3247e+00 -2.2995e+00 +4.4971e-01 +3.3097e+00 +5.4758e-01 -2.1056e+00 -3.4478e+00 -1.5768e+00 -8.5912e-01 -2.0969e+00 -8.6416e-01 +3.1170e+00
3 +1.582297676e+02 +1.582297676e+02 +5.659197676e+02 +5.659197676e+02 +5.8176e-01 +2.4175e+00 -2.8156e+00 +3.9365e+00 +1.5186e+00 -2.2892e+00 -3.8469e+00 +1.8698e+00 -3.3252e+00 +1.2506e+00 +1.0744e+00 +3.9642e+00 -2.1287e+00 -3.0787e+00 +2.2141e-02 -7.1258e-01 -3.9191e+00 +3.6514e+00 -5.5477e-01 +6.5849e-01
6 +4.939595278e+01 +4.939595278e+01 +4.570859528e+02 +4.570859528e+02 +2.6397e+00 +3.5192e+00 +1.2634e+00 +1.6504e+00 -2.7426e+00 -1.0541e-01 -1.2422e+00 +1.0584e+00 +1.9855e+00 -2.0100e+00 +1.1539e+00 +3.4726e+00 -2.3037e+00 -1.4446e+00 +3.2500e-01 -2.9405e+00 +4.5887e-01 +1.0257e+00 -1.9693e+00 -2.5744e+00
106 +1.524224404e+01 +1.524224404e+01 +4.229322440e+02 +4.229322440e+02 +5.8937e-01 -2.0126e+00 +8.8163e-01 -1.9037e-01 -1.8462e+00 +3.6119e+00 -8.5284e-01 +2.9017e-01 +2.3879e+00 -2.0841e+00 -1.5462e+00 +2.6053e+00 -1.1796e+00 -2.7499e+00 -5.9059e-01 -2.4552e+00 -2.3666e+00 +3.8566e+00 -1.7082e-01 -1.3601e+00
1628 +9.866225547e+00 +9.866225547e+00 +4.175562255e+02 +4.175562255e+02 +4.1619e-01 -1.6067e+00 +6.3469e-01 -1.2045e-02 -1.9258e+00 +3.4854e+00 -1.1583e+00 +9.9193e-02 +2.5491e+00 -2.0121e+00 -1.2680e+00 +2.9233e+00 -1.7882e+00 -2.7755e+00 -5.6873e-01 -2.7156e+00 -2.7098e+00 +3.9669e+00 +2.2767e-01 -1.4023e+00
3930 +6.305341916e+00 +6.305341916e+00 +4.139953419e+02 +4.139953419e+02 +8.2517e-01 -1.1252e+00 +4.4014e-01 +4.0675e-01 -2.4972e+00 +3.7501e+00 -1.5936e+00 -1.9327e-01 +2.8090e+00 -1.4730e+00 -7.7034e-01 +3.4470e+00 -2.0037e+00 -3.0557e+00 +6.7082e-02 -2.6545e+00 -2.4632e+00 +3.6236e+00 +4.7191e-01 -1.0408e+00
6550 +3.841940611e+00 +3.841940611e+00 +4.115319406e+02 +4.115319406e+02 +5.4716e-01 -9.0348e-01 +5.5443e-01 +1.2949e+00 -2.6167e+00 +3.7589e+00 -2.2120e+00 -6.5954e-02 +2.9276e+00 -6.6043e-01 -2.1482e-02 +3.7723e+00 -2.3437e+00 -3.2740e+00 -3.6991e-02 -2.6534e+00 -3.0589e+00 +3.5884e+00 +4.4627e-02 -9.0071e-01
8316 +2.470065811e+00 +2.470065811e+00 +4.101600658e+02 +4.101600658e+02 +7.3872e-01 -8.2591e-01 +4.3961e-01 +1.9348e+00 -2.7393e+00 +3.7635e+00 -2.5958e+00 -3.7501e-01 +2.9070e+00 -1.3974e-01 +5.3070e-01 +3.7280e+00 -2.1652e+00 -3.4414e+00 -5.4657e-02 -2.8402e+00 -3.2820e+00 +3.8068e+00 -2.8049e-01 -7.3119e-01
10089 +1.504994024e+00 +1.504994024e+00 +4.091949940e+02 +4.091949940e+02 +8.0468e-01 -5.7251e-01 +5.0981e-01 +2.1508e+00 -2.7142e+00 +4.0066e+00 -3.0792e+00 -6.2723e-01 +2.6865e+00 +3.1314e-01 +8.3333e-01 +3.7944e+00 -2.4219e+00 -3.7543e+00 +1.5408e-01 -2.5955e+00 -3.3183e+00 +3.7739e+00 -5.0139e-01 -9.6723e-01
11213 +9.451763149e-01 +9.451763149e-01 +4.086351763e+02 +4.086351763e+02 +8.4575e-01 -6.6657e-01 +4.3805e-01 +2.5403e+00 -2.6444e+00 +4.0604e+00 -3.4474e+00 -7.8969e-01 +2.5157e+00 +5.3668e-01 +1.2087e+00 +3.8861e+00 -2.5660e+00 -3.6600e+00 +3.4747e-01 -2.6917e+00 -3.2946e+00 +3.6672e+00 -4.8781e-01 -7.7350e-01
12196 +5.780777568e-01 +5.780777568e-01 +4.082680778e+02 +4.082680778e+02 +6.8617e-01 -8.3612e-01 +6.1786e-01 +2.7014e+00 -2.6214e+00 +3.9029e+00 -3.5266e+00 -8.7919e-01 +2.5223e+00 +8.1400e-01 +1.2903e+00 +3.6473e+00 -2.7467e+00 -3.5461e+00 +3.5936e-01 -2.7403e+00 -3.1679e+00 +3.7312e+00 -5.0251e-01 -5.8636e-01
12596 +3.425825087e-01 +3.425825087e-01 +4.080325825e+02 +4.080325825e+02 +6.3038e-01 -7.5760e-01 +6.1131e-01 +2.8061e+00 -2.7033e+00 +3.7701e+00 -3.4715e+00 -1.0520e+00 +2.4597e+00 +9.5434e-01 +1.1924e+00 +3.6170e+00 -2.8314e+00 -3.6552e+00 +4.3001e-01 -2.7735e+00 -3.1427e+00 +3.7817e+00 -7.4532e-01 -5.4569e-01
12980 +2.442938292e-01 +2.442938292e-01 +4.079342938e+02 +4.079342938e+02 +5.4214e-01 -7.4216e-01 +6.9639e-01 +2.7641e+00 -2.8078e+00 +3.7157e+00 -3.6099e+00 -1.2158e+00 +2.4259e+00 +9.7092e-01 +1.3066e+00 +3.5531e+00 -2.7707e+00 -3.5868e+00 +3.9051e-01 -2.7902e+00 -3.2179e+00 +3.9583e+00 -7.3580e-01 -5.0538e-01
13841 +1.511558294e-01 +1.511558294e-01 +4.078411558e+02 +4.078411558e+02 +4.2835e-01 -6.7536e-01 +7.2204e-01 +2.8848e+00 -2.7656e+00 +3.6547e+00 -3.8266e+00 -1.1640e+00 +2.4150e+00 +1.0610e+00 +1.2548e+00 +3.5857e+00 -3.0920e+00 -3.6425e+00 +6.1288e-01 -2.8085e+00 -3.2288e+00 +3.9228e+00 -7.9961e-01 -3.6732e-01
14358 +9.870983445e-02 +9.870983445e-02 +4.077887098e+02 +4.077887098e+02 +4.3650e-01 -6.1154e-01 +4.7222e-01 +2.8419e+00 -2.8208e+00 +3.8219e+00 -3.8872e+00 -1.2172e+00 +2.4180e+00 +9.9574e-01 +1.3136e+00 +3.5969e+00 -3.1321e+00 -3.6995e+00 +3.6057e-01 -2.8322e+00 -3.3274e+00 +4.1976e+00 -7.7058e-01 -2.1251e-01
16392 +5.906209431e-02 +5.906209431e-02 +4.077490621e+02 +4.077490621e+02 +5.0237e-01 -6.4520e-01 +2.8210e-01 +3.0682e+00 -2.6470e+00 +3.8160e+00 -4.0152e+00 -1.1407e+00 +2.4235e+00 +9.9910e-01 +1.3801e+00 +3.4491e+00 -2.9713e+00 -3.4838e+00 +5.5877e-01 -2.6567e+00 -3.2352e+00 +3.9334e+00 -8.8721e-01 -2.0014e-01
% function evaluation | noise-free fitness - Fopt (5.592000000000e+01) | best noise-free fitness - Fopt | measured fitness | best measured fitness | x1 | x2...
1 +2.517298582e+02 +2.517298582e+02 +3.076498582e+02 +3.076498582e+02 +6.4821e-01 +3.4519e+00 -2.7762e+00 +6.8628e-01 -1.3983e+00 -4.3503e-01 +3.1030e+00 +2.2175e+00 +3.7214e+00 -2.3186e+00 +1.3619e+00 -3.2702e+00 -2.4563e+00 -1.0206e+00 +3.3972e+00 -3.5623e+00 +7.5261e-01 -7.2939e-01 -1.0879e+00 -1.2766e+00
3 +1.978629048e+02 +1.978629048e+02 +2.537829048e+02 +2.537829048e+02 -3.7487e+00 -1.8710e+00 +3.7436e+00 -4.5638e-01 +4.5280e-01 +9.1025e-01 -2.9520e+00 -1.7852e+00 -1.3088e+00 -9.7676e-01 -3.0511e+00 -1.6404e+00 -4.8784e-01 -1.8732e+00 +2.6956e-01 -3.8983e+00 +1.0705e-01 -3.8507e-01 +2.3603e+00 -7.5567e-01
4 +1.242805474e+02 +1.242805474e+02 +1.802005474e+02 +1.802005474e+02 +2.1434e+00 +3.0237e+00 +5.2496e-01 -1.7531e+00 +9.8772e-01 -1.6327e-01 -2.2203e+00 -2.8375e+00 +3.1279e+00 -1.1049e+00 -9.8444e-01 +9.6826e-01 +2.2432e+00 +3.8719e+00 -1.5970e+00 -2.0580e+00 -1.6171e+00 -3.3950e+00 +2.1231e+00 -2.7753e+00
5 +9.334956717e+01 +9.334956717e+01 +1.492695672e+02 +1.492695672e+02 -2.2984e+00 +2.5274e+00 +1.6396e+00 +2.5877e+00 +2.6440e+00 +2.3169e+00 -3.6631e+00 -3.0773e+00 +4.2270e-01 -2.2161e+00 +3.6415e+00 +1.7971e+00 -8.4986e-01 +1.3648e+00 -8.7352e-01 +1.5059e+00 -3.0019e+00 +1.0350e+00 +1.1772e-02 -3.3609e-01
51 +2.505578498e+01 +2.505578498e+01 +8.097578498e+01 +8.097578498e+01 +3.9715e+00 -3.7866e+00 +3.6327e+00 +2.8280e+00 +1.4728e-01 +3.0028e+00 -2.1019e-02 +6.5817e-01 +2.8495e+00 -2.5567e+00 +3.3867e+00 -3.0213e+00 +1.6299e+00 +3.9336e+00 -3.0078e+00 -4.9838e-01 +2.6840e+00 +3.2674e+00 -7.4418e-01 -1.1617e+00
723 +1.549643974e+01 +1.549643974e+01 +7.141643974e+01 +7.141643974e+01 +3.3456e-01 -3.2177e+00 +3.3658e+00 +3.1561e+00 +5.1579e-01 +3.2404e+00 -4.3447e-01 +7.1333e-02 +3.1486e+00 -2.9644e+00 +1.4892e+00 -2.7789e+00 +4.9019e-01 +3.5195e+00 -2.9313e+00 +8.8402e-01 +2.1317e+00 +2.7159e+00 -8.1482e-01 -1.1907e+00
4606 +9.809221408e+00 +9.809221408e+00 +6.572922141e+01 +6.572922141e+01 +6.2597e-01 -3.2124e+00 +2.4141e+00 +3.2972e+00 +3.4274e-01 +2.7809e+00 +4.3720e-02 +3.4737e-01 +3.3199e+00 -3.0374e+00 +1.8708e+00 -2.8160e+00 +7.3122e-01 +3.5848e+00 -2.8993e+00 +1.0597e+00 +7.5481e-01 +1.6100e+00 -9.5772e-01 -6.6911e-01
7151 +6.274829020e+00 +6.274829020e+00 +6.219482902e+01 +6.219482902e+01 +6.1958e-01 -2.9212e+00 +2.0834e+00 +3.3910e+00 +7.6240e-02 +2.4134e+00 +7.1075e-01 +4.7659e-01 +3.5455e+00 -3.3552e+00 +1.9920e+00 -2.9259e+00 +6.3137e-01 +3.0806e+00 -2.1323e+00 +1.1102e+00 -2.6059e-01 +1.0260e+00 -1.4944e+00 +2.5878e-02
9525 +3.972810348e+00 +3.972810348e+00 +5.989281035e+01 +5.989281035e+01 +7.5360e-01 -2.7761e+00 +1.5531e+00 +3.5015e+00 -9.5628e-02 +1.8860e+00 +1.2927e+00 +3.6968e-01 +3.7712e+00 -3.1008e+00 +2.0224e+00 -2.8106e+00 +3.6773e-01 +2.7318e+00 -1.7403e+00 +6.1205e-01 -7.0915e-01 +3.2966e-01 -1.3669e+00 +5.8071e-01
11557 +2.460832283e+00 +2.460832283e+00 +5.838083228e+01 +5.838083228e+01 +8.2154e-01 -3.0714e+00 +1.1658e+00 +3.0170e+00 -1.0631e-01 +1.5697e+00 +1.7081e+00 +1.3142e-01 +3.4891e+00 -3.2321e+00 +2.1449e+00 -2.8051e+00 +4.7945e-01 +2.1576e+00 -1.4349e+00 +6.1562e-01 -1.2860e+00 +2.1664e-01 -1.3379e+00 +9.6456e-01
12679 +1.571386620e+00 +1.571386620e+00 +5.749138662e+01 +5.749138662e+01 +7.4850e-01 -3.1540e+00 +6.6964e-01 +2.8382e+00 -5.5597e-02 +1.2336e+00 +1.9004e+00 +1.7499e-01 +3.5437e+00 -3.4479e+00 +2.1180e+00 -2.4292e+00 +4.1814e-01 +2.0682e+00 -1.3872e+00 +4.8778e-01 -1.7389e+00 +1.0429e-01 -1.5102e+00 +1.0987e+00
13806 +9.529470210e-01 +9.529470210e-01 +5.687294702e+01 +5.687294702e+01 +8.4930e-01 -3.0485e+00 +3.2485e-01 +2.6192e+00 -1.0771e-01 +9.5078e-01 +2.0366e+00 +2.2872e-01 +3.5059e+00 -3.4254e+00 +2.1950e+00 -2.4233e+00 +8.7320e-02 +2.0415e+00 -1.3599e+00 +2.9144e-01 -2.0447e+00 -1.4601e-01 -1.6457e+00 +1.2111e+00
14325 +5.761729663e-01 +5.761729663e-01 +5.649617297e+01 +5.649617297e+01 +7.9195e-01 -3.1083e+00 +2.7860e-02 +2.4313e+00 -2.3414e-01 +9.1517e-01 +2.2109e+00 +1.8138e-01 +3.6297e+00 -3.4566e+00 +2.0444e+00 -2.4623e+00 +2.0151e-02 +1.7885e+00 -1.1926e+00 +9.5240e-02 -2.3395e+00 -2.1274e-01 -1.6111e+00 +1.4003e+00
14718 +3.971834705e-01 +3.971834705e-01 +5.631718347e+01 +5.631718347e+01 +6.9977e-01 -3.0569e+00 -6.2930e-02 +2.2426e+00 -1.7791e-01 +9.0647e-01 +2.2196e+00 +1.4825e-01 +3.4976e+00 -3.4995e+00 +2.0871e+00 -2.6387e+00 +2.2004e-01 +1.7235e+00 -1.1157e+00 +2.1146e-01 -2.2636e+00 -3.1362e-01 -1.5515e+00 +1.3438e+00
15317 +2.434906648e-01 +2.434906648e-01 +5.616349066e+01 +5.616349066e+01 +9.9388e-01 -3.1590e+00 -2.7175e-01 +2.3552e+00 -8.1653e-02 +9.0964e-01 +2.3793e+00 +2.5302e-01 +3.4392e+00 -3.4946e+00 +2.3717e+00 -2.4825e+00 -9.4202e-02 +1.6989e+00 -1.1606e+00 +4.1924e-01 -2.1586e+00 -4.6597e-01 -1.6535e+00 +1.4404e+00
15967 +1.238615672e-01 +1.238615672e-01 +5.604386157e+01 +5.604386157e+01 +1.0594e+00 -3.2454e+00 -3.3815e-01 +2.2433e+00 -6.7024e-02 +9.2093e-01 +2.3727e+00 +6.5055e-02 +3.4260e+00 -3.5935e+00 +2.1509e+00 -2.7179e+00 -6.9710e-02 +1.7284e+00 -1.0071e+00 +4.2962e-01 -2.3898e+00 -4.5310e-01 -1.7489e+00 +1.4987e+00
16361 +9.681771709e-02 +9.681771709e-02 +5.601681772e+01 +5.601681772e+01 +9.0671e-01 -3.3306e+00 -4.9214e-01 +2.0414e+00 -2.1359e-01 +1.0255e+00 +2.2740e+00 +1.2693e-03 +3.4557e+00 -3.6980e+00 +2.0489e+00 -2.6489e+00 -7.8817e-02 +1.7145e+00 -1.1364e+00 +2.8752e-01 -2.4391e+00 -6.4862e-01 -1.8344e+00 +1.5651e+00
17358 +5.906430563e-02 +5.906430563e-02 +5.597906431e+01 +5.597906431e+01 +1.0978e+00 -3.2231e+00 -5.6910e-01 +1.9589e+00 -2.2642e-01 +8.2321e-01 +2.5155e+00 +8.6651e-03 +3.6327e+00 -3.8572e+00 +1.9266e+00 -2.5995e+00 +1.7457e-01 +1.7338e+00 -1.1987e+00 +3.3675e-01 -2.1395e+00 -6.5627e-01 -1.6734e+00 +1.7574e+00
% function evaluation | noise-free fitness - Fopt (4.619000000000e+01) | best noise-free fitness - Fopt | measured fitness | best measured fitness | x1 | x2...
1 +1.790636622e+02 +1.790636622e+02 +2.252536622e+02 +2.252536622e+02 +2.8191e+00 +8.6975e-01 +2.1943e+00 -1.6108e+00 +1.2686e+00 +1.7555e+00 -2.0024e+00 -1.6660e+00 +1.1438e+00 +3.8939e+00 +3.4989e+00 -5.4488e-01 +1.2489e+00 +5.2151e-01 +1.9577e+00 +3.1199e+00 +2.8146e+00 -9.0198e-01 +1.9993e+00 +2.2080e+00
2 +1.072435610e+02 +1.072435610e+02 +1.534335610e+02 +1.534335610e+02 +9.2821e-01 -3.2867e+00 +3.7509e+00 -2.9356e+00 -3.3481e+00 -3.8594e+00 +2.4490e+00 -3.5559e+00 +2.9510e+00 -1.7242e+00 -1.3794e+00 -1.9097e+00 -1.3827e+00 -1.0103e+00 -1.9859e+00 +8.9313e-01 -3.4465e+00 -1.3019e-01 +2.0696e+00 -1.1007e+00
5 +4.317303821e+01 +4.317303821e+01 +8.936303821e+01 +8.936303821e+01 -7.7142e-01 -2.3254e+00 -3.5573e+00 -2.1230e+00 -2.4805e+00 -6.3811e-01 -3.7104e+00 +1.6149e+00 -2.9884e+00 +2.4361e-01 +9.1137e-01 -3.1040e+00 -2.8653e-01 -1.7852e+00 +3.0168e+00 -8.2331e-01 -3.7550e+00 -1.1150e+00 -1.3943e+00 -7.4720e-01
20 +3.407297503e+01 +3.407297503e+01 +8.026297503e+01 +8.026297503e+01 -8.4314e-01 +2.0509e+00 -2.7222e+00 -7.9012e-01 -2.5549e+00 +3.4328e+00 -1.6680e+00 -3.4437e+00 +3.5380e+00 -1.3292e+00 -5.8609e-02 +1.8768e+00 -7.6838e-01 +2.2170e+00 +2.6297e-02 -3.7769e-01 -3.8223e+00 +1.8784e+00 -2.0329e+00 +2.6743e-02
201 +2.211208235e+01 +2.211208235e+01 +6.830208235e+01 +6.830208235e+01 -2.3669e+00 +2.5156e+00 -1.6659e+00 +2.1450e-01 -2.4299e+00 +1.7487e+00 -6.1046e-01 -2.2074e+00 +1.6128e+00 +3.4444e+00 +1.2697e+00 -3.0798e+00 -3.3184e-01 +5.9732e-01 +1.6295e+00 +3.1886e+00 +2.1530e+00 -1.2619e+00 -2.1250e+00 +7.4332e-01
2384 +1.572489523e+01 +1.572489523e+01 +6.191489523e+01 +6.191489523e+01 -2.2331e+00 +2.6384e+00 -1.7152e+00 -2.2702e-01 -3.1623e+00 +1.1975e+00 -5.2708e-01 -2.5179e+00 +1.8665e+00 +3.5627e+00 +1.2906e+00 -2.4134e+00 -5.4455e-01 +1.3478e-01 +2.1597e+00 +3.0976e+00 +1.3521e+00 -1.4583e+00 -2.1163e+00 +2.0830e-01
6377 +9.964337009e+00 +9.964337009e+00 +5.615433701e+01 +5.615433701e+01 -1.3097e+00 +1.9323e+00 -2.4017e+00 -9.6713e-01 -3.3569e+00 +7.0542e-01 +1.9441e-01 -2.8698e+00 +2.0230e+00 +3.5560e+00 +1.0093e+00 -1.6332e+00 -5.1256e-01 -4.0082e-01 +1.8474e+00 +3.5255e+00 +2.5801e-01 -8.7311e-01 -2.1223e+00 -8.0422e-01
9393 +6.308146598e+00 +6.308146598e+00 +5.249814660e+01 +5.249814660e+01 -5.0004e-01 +1.2863e+00 -2.4082e+00 -1.0885e+00 -3.3356e+00 -2.7004e-01 +7.5831e-01 -2.6728e+00 +2.1404e+00 +3.2659e+00 +1.0141e+00 -1.3650e+00 -8.6412e-01 -8.9131e-01 +7.2083e-01 +3.1788e+00 -4.3062e-01 -7.0300e-01 -2.5121e+00 -1.3734e+00
11575 +3.938600790e+00 +3.938600790e+00 +5.012860079e+01 +5.012860079e+01 +1.5617e-01 +8.7746e-01 -3.0590e+00 -1.1406e+00 -3.3759e+00 -7.2215e-01 +1.0462e+00 -2.4917e+00 +2.1016e+00 +3.1020e+00 +5.5088e-01 -1.0987e+00 -1.0638e+00 -1.2759e+00 +5.5626e-02 +3.0558e+00 -7.7886e-01 -5.2934e-01 -2.5046e+00 -1.8902e+00
13663 +2.471269422e+00 +2.471269422e+00 +4.866126942e+01 +4.866126942e+01 +6.7009e-01 +6.7393e-01 -3.3401e+00 -1.3871e+00 -3.5645e+00 -9.3837e-01 +9.6093e-01 -2.3742e+00 +2.2553e+00 +2.8076e+00 -6.8503e-02 -1.0518e+00 -1.1254e+00 -1.7278e+00 -4.1455e-01 +2.9345e+00 -9.7096e-01 -4.0183e-01 -2.5959e+00 -2.2455e+00
14834 +1.574382815e+00 +1.574382815e+00 +4.776438281e+01 +4.776438281e+01 +8.1010e-01 +3.0158e-01 -3.0718e+00 -1.5827e+00 -3.6575e+00 -9.6544e-01 +1.3398e+00 -2.2243e+00 +2.4758e+00 +2.7874e+00 -3.3773e-01 -8.5454e-01 -1.5961e+00 -1.5934e+00 -7.9193e-01 +3.1408e+00 -1.3721e+00 -5.8103e-01 -2.5796e+00 -2.6003e+00
15965 +9.574618232e-01 +9.574618232e-01 +4.714746182e+01 +4.714746182e+01 +9.9946e-01 +2.1484e-01 -3.1871e+00 -1.8536e+00 -3.7801e+00 -1.0751e+00 +1.5097e+00 -2.1775e+00 +2.3077e+00 +2.8100e+00 -5.1641e-01 -6.5201e-01 -1.5774e+00 -1.7726e+00 -1.2959e+00 +3.2678e+00 -1.1879e+00 -5.4100e-01 -2.6637e+00 -2.8517e+00
16942 +6.080443507e-01 +6.080443507e-01 +4.679804435e+01 +4.679804435e+01 +1.0389e+00 +2.9870e-01 -3.3020e+00 -1.9408e+00 -3.7289e+00 -1.0815e+00 +1.3626e+00 -1.8728e+00 +2.4856e+00 +2.7501e+00 -6.2771e-01 -4.0610e-01 -1.5035e+00 -1.8839e+00 -1.2328e+00 +3.1044e+00 -1.3103e+00 -2.0012e-01 -2.8691e+00 -2.9280e+00
17482 +3.848917242e-01 +3.848917242e-01 +4.657489172e+01 +4.657489172e+01 +1.0087e+00 +1.6958e-01 -3.2920e+00 -2.1468e+00 -3.7034e+00 -1.1615e+00 +1.4293e+00 -1.7686e+00 +2.3611e+00 +2.6549e+00 -6.8655e-01 -4.0321e-01 -1.4538e+00 -2.0427e+00 -1.4335e+00 +3.1797e+00 -1.4649e+00 -1.6268e-01 -2.8082e+00 -3.0985e+00
18192 +2.498581097e-01 +2.498581097e-01 +4.643985811e+01 +4.643985811e+01 +1.0288e+00 +7.4852e-02 -3.3998e+00 -2.1373e+00 -3.7492e+00 -1.2428e+00 +1.5543e+00 -1.8939e+00 +2.4597e+00 +2.6275e+00 -8.1295e-01 -3.4098e-01 -1.5460e+00 -2.0349e+00 -1.6215e+00 +3.2322e+00 -1.5880e+00 -2.6259e-01 -2.8538e+00 -3.1171e+00
18860 +1.584545887e-01 +1.584545887e-01 +4.634845459e+01 +4.634845459e+01 +1.1614e+00 +2.9810e-02 -3.3349e+00 -2.1801e+00 -3.6824e+00 -1.1863e+00 +1.5632e+00 -1.9222e+00 +2.5406e+00 +2.7507e+00 -8.3766e-01 -2.3542e-01 -1.8418e+00 -2.2109e+00 -1.6705e+00 +3.4173e+00 -1.6716e+00 -2.0767e-01 -3.0379e+00 -3.1792e+00
19126 +9.824897657e-02 +9.824897657e-02 +4.628824898e+01 +4.628824898e+01 +1.0895e+00 +1.7008e-01 -3.2837e+00 -2.2285e+00 -3.8275e+00 -1.4511e+00 +1.4843e+00 -1.9645e+00 +2.4738e+00 +2.7771e+00 -9.4736e-01 -2.0458e-01 -1.7372e+00 -2.1865e+00 -1.6288e+00 +3.4202e+00 -1.7666e+00 -3.4805e-02 -3.1362e+00 -3.1910e+00
20362 +6.239707499e-02 +6.239707499e-02 +4.625239707e+01 +4.625239707e+01 +1.4043e+00 +1.0679e-01 -3.4159e+00 -2.2405e+00 -3.7810e+00 -1.4339e+00 +1.5388e+00 -2.0033e+00 +2.5662e+00 +2.7754e+00 -8.3371e-01 -2.4794e-01 -1.7355e+00 -2.2655e+00 -1.6343e+00 +3.1982e+00 -1.6864e+00 -1.2263e-01 -3.2801e+00 -3.0589e+00
% function evaluation | noise-free fitness - Fopt (-3.994000000000e+01) | best noise-free fitness - Fopt | measured fitness | best measured fitness | x1 | x2...
1 +1.197230599e+02 +1.197230599e+02 +7.978305993e+01 +7.978305993e+01 -2.1424e+00 +3.7674e-01 +1.9287e+00 +3.0338e-02 +7.0030e-01 +3.1734e+00 +2.2591e+00 -1.0797e+00 +1.2072e+00 -1.1162e+00 +3.6370e-01 -1.3973e+00 +1.3275e+00 -2.8808e-01 -2.5515e+00 -7.7763e-01 +2.0892e+00 +3.8609e+00 -3.6875e+00 +2.8769e+00
2 +5.677413630e+01 +5.677413630e+01 +1.683413630e+01 +1.683413630e+01 +3.8406e+00 +1.2719e+00 -1.8832e+00 -8.6788e-01 +2.7664e+00 +1.9632e+00 -3.3050e+00 +3.3071e+00 +2.1497e-01 +3.6545e+00 +5.5509e-02 -7.2113e-01 +3.6485e+00 -8.6170e-01 -6.3783e-01 -5.2195e-01 -3.1446e-02 -2.2158e+00 +1.4947e+00 +9.4405e-01
19 +3.747176487e+01 +3.747176487e+01 -2.468235125e+00 -2.468235125e+00 +3.9095e+00 -3.9107e+00 +1.5906e+00 -1.3923e+00 +2.6327e+00 -1.1721e+00 -4.8878e-01 -9.7324e-02 -1.1334e+00 +3.4976e+00 +2.5838e-01 +2.3237e+00 +3.4144e+00 -2.1443e+00 +1.7669e+00 -1.9072e+00 +1.6395e+00 -2.9711e+00 +9.1371e-01 +2.3532e-02
227 +2.107659807e+01 +2.107659807e+01 -1.886340193e+01 -1.886340193e+01 -1.0336e+00 -4.4632e-01 -1.4378e+00 +1.7913e-01 -1.1005e+00 +1.3589e+00 +2.2818e+00 -6.9715e-01 +1.0101e+00 +1.5173e+00 +4.1672e-01 +7.4586e-02 +5.1313e-01 +1.7632e+00 -8.2964e-01 +3.5189e+00 +6.4869e-01 -1.9708e+00 +2.4093e+00 -2.4650e-01
2103 +1.569155161e+01 +1.569155161e+01 -2.424844839e+01 -2.424844839e+01 -6.2576e-01 -6.3179e-01 -1.2088e+00 +4.4734e-01 -1.7462e+00 +8.9283e-01 +1.5935e+00 -5.4991e-01 +9.7565e-01 +1.6757e+00 +3.8352e-02 +1.1425e-01 +4.2291e-01 +1.9635e+00 -5.8391e-01 +3.7300e+00 +6.7024e-01 -1.7007e+00 +1.9167e+00 -1.9232e-01
5782 +9.970589303e+00 +9.970589303e+00 -2.996941070e+01 -2.996941070e+01 +9.8413e-02 -2.4802e-01 -9.1914e-01 +1.3609e-01 -1.9545e+00 -2.5648e-02 +5.7040e-01 -3.8527e-01 +1.4249e-01 +1.3691e+00 -3.9715e-01 +3.8823e-01 +6.4080e-01 +2.1019e+00 -2.5115e-01 +3.2881e+00 +1.3304e+00 -1.2038e+00 +1.0055e+00 -2.7002e-02
8661 +6.265217870e+00 +6.265217870e+00 -3.367478213e+01 -3.367478213e+01 +7.3313e-02 -7.5664e-01 -6.2085e-01 -2.7236e-01 -2.6670e+00 -6.7326e-01 -6.4903e-01 -1.2883e-01 -6.9838e-01 +1.4114e+00 -7.8978e-01 +1.6621e-01 +1.0652e+00 +2.2763e+00 -7.3539e-02 +3.5698e+00 +1.7658e+00 -1.1010e+00 +1.4617e-02 +9.9525e-03
11313 +3.978327273e+00 +3.978327273e+00 -3.596167273e+01 -3.596167273e+01 -2.7981e-01 -7.6431e-01 -1.4594e-02 -6.1182e-01 -2.4122e+00 -1.0690e+00 -1.1632e+00 +5.3044e-01 -8.1002e-01 +1.6842e+00 -5.4789e-01 -1.4827e-01 +1.6804e+00 +2.5006e+00 -5.1030e-02 +3.3522e+00 +2.5864e+00 -1.1352e+00 -6.5524e-01 +1.5807e-01
13194 +2.468780960e+00 +2.468780960e+00 -3.747121904e+01 -3.747121904e+01 +5.4802e-02 -1.0870e+00 +4.1188e-01 -7.9145e-01 -2.1795e+00 -1.6100e+00 -1.8028e+00 +7.7181e-01 -9.5194e-01 +1.1808e+00 -5.2914e-01 +7.2278e-04 +2.4142e+00 +2.5882e+00 +4.5755e-01 +3.4847e+00 +2.9887e+00 -8.4569e-01 -1.0885e+00 +1.8770e-01
14571 +1.519361738e+00 +1.519361738e+00 -3.842063826e+01 -3.842063826e+01 -1.9898e-01 -8.0551e-01 +7.4403e-01 -9.4124e-01 -1.8915e+00 -2.0461e+00 -2.1535e+00 +1.1627e+00 -1.2736e+00 +1.6864e+00 -5.8537e-01 -1.1379e-01 +2.8015e+00 +2.9302e+00 +6.0209e-01 +3.3882e+00 +3.2063e+00 -1.0759e+00 -1.2902e+00 +9.4301e-02
15562 +9.177176263e-01 +9.177176263e-01 -3.902228237e+01 -3.902228237e+01 -4.1868e-01 -1.0211e+00 +8.4209e-01 -1.2408e+00 -1.8803e+00 -2.2923e+00 -2.3589e+00 +1.0864e+00 -1.4170e+00 +1.3444e+00 -4.8982e-01 -2.0762e-01 +3.0228e+00 +2.9411e+00 +7.9566e-01 +3.3796e+00 +3.2736e+00 -1.2362e+00 -1.5050e+00 +4.0596e-02
16213 +6.181967115e-01 +6.181967115e-01 -3.932180329e+01 -3.932180329e+01 -5.6700e-01 -1.0515e+00 +7.9337e-01 -1.3354e+00 -1.8681e+00 -2.4049e+00 -2.4497e+00 +1.3403e+00 -1.4870e+00 +1.3308e+00 -4.2680e-01 -3.8188e-01 +3.1974e+00 +2.9030e+00 +9.1870e-01 +3.4490e+00 +3.2530e+00 -1.2939e+00 -1.6578e+00 +2.8414e-02
16831 +3.754872253e-01 +3.754872253e-01 -3.956451277e+01 -3.956451277e+01 -6.6151e-01 -1.3635e+00 +7.3072e-01 -1.3763e+00 -1.7108e+00 -2.3899e+00 -2.4132e+00 +1.3992e+00 -1.4817e+00 +1.2648e+00 -4.2759e-01 -2.1483e-01 +3.2015e+00 +2.8300e+00 +8.7605e-01 +3.3981e+00 +3.4160e+00 -1.4341e+00 -1.7651e+00 -7.7838e-02
17223 +2.268365756e-01 +2.268365756e-01 -3.971316342e+01 -3.971316342e+01 -5.1096e-01 -1.4287e+00 +7.6397e-01 -1.4563e+00 -1.7310e+00 -2.6236e+00 -2.2792e+00 +1.3023e+00 -1.6178e+00 +1.4970e+00 -4.0457e-01 -7.9744e-02 +3.3559e+00 +2.8741e+00 +1.0202e+00 +3.5391e+00 +3.4887e+00 -1.6296e+00 -1.8011e+00 -4.3334e-02
17591 +1.584889041e-01 +1.584889041e-01 -3.978151110e+01 -3.978151110e+01 -6.1214e-01 -1.4291e+00 +7.0496e-01 -1.4969e+00 -1.6640e+00 -2.7015e+00 -2.3473e+00 +1.4042e+00 -1.5729e+00 +1.4192e+00 -3.8763e-01 -1.7135e-01 +3.5126e+00 +3.1200e+00 +9.7207e-01 +3.4781e+00 +3.5224e+00 -1.4681e+00 -1.8056e+00 -4.0338e-02
18453 +9.716284899e-02 +9.716284899e-02 -3.984283715e+01 -3.984283715e+01 -4.2666e-01 -1.4203e+00 +6.9060e-01 -1.4554e+00 -1.4822e+00 -2.8021e+00 -2.2599e+00 +1.4938e+00 -1.8023e+00 +1.3995e+00 -5.4847e-01 -2.8407e-01 +3.4862e+00 +3.1122e+00 +1.0037e+00 +3.4716e+00 +3.4267e+00 -1.5417e+00 -2.0946e+00 -1.6796e-01
20768 +5.741198673e-02 +5.741198673e-02 -3.988258801e+01 -3.988258801e+01 -2.6257e-01 -1.2306e+00 +6.0140e-01 -1.2896e+00 -1.4241e+00 -3.0033e+00 -2.3756e+00 +1.4670e+00 -1.6474e+00 +1.3145e+00 -7.9129e-01 +4.6423e-02 +3.6731e+00 +3.2409e+00 +1.1584e+00 +3.6321e+00 +3.3375e+00 -1.6582e+00 -2.1760e+00 +3.0592e-01
% function evaluation | noise-free fitness - Fopt (-1.000000000000e+03) | best noise-free fitness - Fopt | measured fitness | best measured fitness | x1 | x2...
1 +1.794788550e+02 +1.794788550e+02 -8.205211450e+02 -8.205211450e+02 +1.4562e+00 -1.0235e+00 +2.1872e+00 -1.1559e+00 +8.5252e-01 -1.5920e+00 -1.0946e+00 -1.7966e+00 +3.9130e+00 +3.7201e+00 -2.3034e+00 +1.5721e+00 -1.8583e-01 +5.1896e-01 +3.8655e+00 -2.4579e+00 +2.4309e+00 +3.0811e+00 -1.7978e+00 -9.1373e-01
2 +6.886565561e+01 +6.886565561e+01 -9.311343444e+02 -9.311343444e+02 +2.8891e+00 -2.5441e+00 +1.9560e+00 +3.0626e+00 +3.8401e-01 +7.6763e-01 -2.9609e+00 -2.0381e+00 +3.9233e+00 -1.4053e+00 -1.7941e+00 +2.5096e+00 +1.2994e+00 -6.8744e-01 -2.7301e+00 -5.3404e-01 -2.2348e+00 -2.4041e+00 -3.9190e+00 +1.9173e+00
5 +4.015841019e+01 +4.015841019e+01 -9.598415898e+02 -9.598415898e+02 +2.8991e+00 -2.6070e+00 +1.6560e+00 +2.7039e+00 +2.9958e+00 +2.2216e+00 +1.9157e+00 +1.7911e+00 -2.1621e+00 +2.8737e+00 +3.1328e+00 +2.3584e+00 -2.5227e+00 -3.6286e-01 -2.3768e+00 +1.1578e+00 +1.6037e+00 -2.9646e+00 -1.7888e+00 +1.3534e+00
24 +3.876090570e+01 +3.876090570e+01 -9.612390943e+02 -9.612390943e+02 +2.9058e+00 -2.6513e+00 +1.7060e+00 +2.6420e+00 +3.0366e+00 +2.2999e+00 +1.8253e+00 +1.8207e+00 -2.1901e+00 +2.8422e+00 +3.0398e+00 +2.2847e+00 -2.4310e+00 -4.6276e-01 -2.4414e+00 +1.1670e+00 +1.6899e+00 -3.0051e+00 -1.6907e+00 +1.3415e+00
110 +2.008365658e+01 +2.008365658e+01 -9.799163434e+02 -9.799163434e+02 +2.0213e+00 -2.4281e+00 +2.8686e+00 +6.7366e-01 +2.5794e+00 -7.3520e-01 -9.1848e-01 +3.2245e+00 -2.2773e+00 -1.2758e+00 +2.6730e+00 +2.0024e+00 +3.7581e+00 -2.9579e-01 -3.0082e+00 -1.7158e+00 -2.1021e+00 -2.0071e+00 -2.9803e+00 -8.8760e-01
246 +1.570175286e+01 +1.570175286e+01 -9.842982471e+02 -9.842982471e+02 +1.8084e+00 -2.9017e+00 -1.1791e+00 +1.0495e-01 +1.1613e+00 -8.2871e-01 -9.5262e-01 +6.3299e-02 +2.5784e+00 +3.5848e-01 +1.5030e+00 +9.2038e-01 +3.1905e+00 +1.2713e+00 -1.7393e+00 -6.1471e-01 -2.1874e+00 -1.6737e+00 -2.8968e+00 +7.6700e-01
1758 +9.750491228e+00 +9.750491228e+00 -9.902495088e+02 -9.902495088e+02 +1.6341e+00 -2.8216e+00 -1.1462e+00 -2.0972e-02 +1.4811e+00 -1.0103e+00 -6.6250e-01 +1.8831e-01 +2.2804e+00 +5.6663e-01 +1.5551e+00 +9.2033e-01 +2.6716e+00 +1.6159e+00 -2.1078e+00 -4.7570e-01 -2.6654e+00 -1.7104e+00 -2.6565e+00 +8.4665e-01
3661 +6.271449636e+00 +6.271449636e+00 -9.937285504e+02 -9.937285504e+02 +1.7731e+00 -2.8130e+00 -7.7753e-01 -2.2179e-01 +2.1644e+00 -1.0926e+00 -2.0482e-01 +4.6890e-01 +2.1014e+00 +6.4001e-01 +1.9953e+00 +8.4852e-01 +2.4934e+00 +1.6283e+00 -2.0685e+00 -5.0647e-01 -2.8337e+00 -1.6185e+00 -2.5444e+00 +8.6746e-01
5301 +3.917200168e+00 +3.917200168e+00 -9.960827998e+02 -9.960827998e+02 +1.8729e+00 -2.9871e+00 -3.6701e-01 -6.3164e-01 +2.5485e+00 -1.3131e+00 -2.6033e-01 +1.0703e+00 +1.8261e+00 +3.1224e-01 +2.1131e+00 +1.0059e+00 +2.1444e+00 +1.4764e+00 -2.6915e+00 -4.7646e-01 -2.7522e+00 -1.1960e+00 -1.9896e+00 +8.1047e-01
6811 +2.468107457e+00 +2.468107457e+00 -9.975318925e+02 -9.975318925e+02 +2.3388e+00 -3.0029e+00 +2.5805e-01 -6.5039e-01 +2.7608e+00 -1.3004e+00 -1.5968e-01 +1.3199e+00 +1.5837e+00 +6.6788e-02 +2.3451e+00 +6.0047e-01 +1.8636e+00 +1.5116e+00 -3.0647e+00 -5.4926e-01 -3.0326e+00 -1.3129e+00 -1.4770e+00 +8.8771e-01
8188 +1.567978081e+00 +1.567978081e+00 -9.984320219e+02 -9.984320219e+02 +2.3803e+00 -3.0638e+00 +6.7057e-01 -9.0166e-01 +3.0203e+00 -1.3221e+00 -4.8478e-02 +1.7634e+00 +1.1820e+00 -3.3216e-01 +2.5523e+00 +3.7464e-01 +1.6641e+00 +1.4527e+00 -3.1524e+00 -5.2432e-01 -3.1168e+00 -1.1923e+00 -1.2112e+00 +1.1037e+00
9569 +9.790170776e-01 +9.790170776e-01 -9.990209829e+02 -9.990209829e+02 +2.3870e+00 -2.9759e+00 +6.8919e-01 -8.9218e-01 +3.2011e+00 -1.1961e+00 -1.4247e-01 +1.9507e+00 +1.3284e+00 -3.6366e-01 +2.4412e+00 +4.5606e-02 +1.7077e+00 +1.1939e+00 -3.3173e+00 -5.6784e-01 -3.0542e+00 -1.3311e+00 -7.7720e-01 +1.1468e+00
10356 +5.614516296e-01 +5.614516296e-01 -9.994385484e+02 -9.994385484e+02 +2.3968e+00 -3.0399e+00 +8.8218e-01 -8.3748e-01 +3.1023e+00 -1.3786e+00 -8.6143e-02 +2.1644e+00 +1.1840e+00 -6.4288e-01 +2.4847e+00 -2.8844e-01 +1.5267e+00 +1.1339e+00 -3.4028e+00 -5.1499e-01 -2.9337e+00 -1.4158e+00 -5.4691e-01 +1.1462e+00
11087 +3.798136344e-01 +3.798136344e-01 -9.996201864e+02 -9.996201864e+02 +2.3454e+00 -2.9777e+00 +9.5598e-01 -8.0803e-01 +2.8118e+00 -1.3489e+00 -9.0817e-02 +2.3744e+00 +1.3165e+00 -7.7289e-01 +2.6413e+00 -5.0622e-01 +1.4863e+00 +1.1407e+00 -3.5111e+00 -5.9572e-01 -2.6790e+00 -1.4968e+00 -4.2189e-01 +1.1749e+00
11605 +2.004678688e-01 +2.004678688e-01 -9.997995321e+02 -9.997995321e+02 +2.4124e+00 -3.0758e+00 +1.0563e+00 -1.0148e+00 +2.9844e+00 -1.3263e+00 -2.7031e-02 +2.4505e+00 +1.3987e+00 -8.9026e-01 +2.5640e+00 -6.1023e-01 +1.3645e+00 +1.0650e+00 -3.6542e+00 -6.7981e-01 -2.8092e+00 -1.3306e+00 -3.3807e-01 +1.1208e+00
12470 +1.449527613e-01 +1.449527613e-01 -9.998550472e+02 -9.998550472e+02 +2.4417e+00 -3.2679e+00 +1.0537e+00 -9.1055e-01 +3.0118e+00 -1.1041e+00 -1.2460e-01 +2.3913e+00 +1.1555e+00 -9.2021e-01 +2.6105e+00 -6.9974e-01 +1.2138e+00 +9.4044e-01 -3.5945e+00 -6.8849e-01 -2.8483e+00 -1.1866e+00 -2.0038e-01 +9.1716e-01
13237 +9.452900301e-02 +9.452900301e-02 -9.999054710e+02 -9.999054710e+02 +2.3024e+00 -3.1642e+00 +9.6587e-01 -7.9576e-01 +3.1897e+00 -1.2324e+00 -2.9260e-02 +2.3762e+00 +1.2252e+00 -1.1494e+00 +2.4754e+00 -7.6543e-01 +1.3488e+00 +8.3118e-01 -3.6615e+00 -6.2234e-01 -2.8820e+00 -1.1859e+00 -2.2335e-01 +1.1329e+00
17726 +6.041987614e-02 +6.041987614e-02 -9.999395801e+02 -9.999395801e+02 +2.5134e+00 -3.1876e+00 +5.9154e-01 -9.9256e-01 +2.8104e+00 -1.2944e+00 +3.7645e-01 +2.5057e+00 +1.3011e+00 -1.1080e+00 +2.4885e+00 -8.1249e-01 +1.4350e+00 +4.4255e-01 -3.3715e+00 -8.3725e-01 -2.9085e+00 -1.3567e+00 -1.2648e-01 +9.1121e-01
21294 +3.704224077e-02 +3.704224077e-02 -9.999629578e+02 -9.999629578e+02 +2.4027e+00 -3.2209e+00 +7.2011e-01 -7.0928e-01 +3.1038e+00 -1.1780e+00 +1.9031e-01 +2.6339e+00 +1.0970e+00 -1.0981e+00 +2.5031e+00 -8.6312e-01 +1.1405e+00 +5.2756e-01 -3.3550e+00 -6.6149e-01 -2.8549e+00 -1.0945e+00 -2.3314e-01 +8.9118e-01
% function evaluation | noise-free fitness - Fopt (-5.039000000000e+01) | best noise-free fitness - Fopt | measured fitness | best measured fitness | x1 | x2...
1 +6.039072210e+01 +6.039072210e+01 +1.000072210e+01 +1.000072210e+01 -9.9385e-01 -3.1274e+00 -1.0356e+00 +1.6198e+00 -6.1401e-01 -1.0976e+00 +1.3182e+00 +2.1441e+00 -8.8082e-02 +1.3104e-01 -3.7120e+00 +1.9343e+00 -3.4476e+00 +3.0461e-01 +2.8421e+00 -2.3630e-01 -1.9318e+00 +2.7879e+00 +2.7790e+00 -3.1441e+00
15 +3.646943067e+01 +3.646943067e+01 -1.392056933e+01 -1.392056933e+01 -1.2062e+00 -9.8919e-01 -2.6158e+00 +3.3940e+00 -8.1625e-01 +3.5968e+00 -2.3967e+00 +2.8346e+00 +3.8631e+00 -2.6388e+00 -9.5947e-01 -1.7514e+00 +1.2799e+00 +7.9429e-01 -1.3167e+00 +2.9135e+00 -1.2273e+00 +7.7901e-01 -2.8769e+00 -2.8460e-01
38 +2.455541136e+01 +2.455541136e+01 -2.583458864e+01 -2.583458864e+01 -1.4308e+00 -7.2128e-01 -1.1614e+00 +3.6777e+00 -3.4317e-01 +2.2084e+00 -3.9842e-01 +2.6479e+00 +9.8673e-01 -2.9183e+00 -1.3882e+00 -2.4736e+00 +2.7223e+00 +3.0066e+00 -6.0804e-01 +3.1918e+00 -1.9324e+00 +5.9512e-01 -2.6603e+00 -1.9432e-01
1986 +1.559053618e+01 +1.559053618e+01 -3.479946382e+01 -3.479946382e+01 +6.8003e-01 -5.9739e-01 +1.0206e+00 -1.0006e+00 +6.5497e-01 +1.8278e-01 -2.7184e+00 +3.1193e+00 +2.1980e+00 -1.3254e+00 -1.4837e+00 -3.6083e-01 -6.0193e-01 +2.9486e-01 +3.2443e-01 -1.0809e+00 +9.1200e-01 -4.3996e-01 +3.3458e-01 -7.5032e-01
4007 +9.991903562e+00 +9.991903562e+00 -4.039809644e+01 -4.039809644e+01 +8.1658e-01 -1.1578e+00 +1.2539e+00 -4.6678e-01 +1.3977e-01 +6.1390e-01 -2.4423e+00 +2.9004e+00 +2.0126e+00 -1.4367e+00 -1.2896e+00 -8.1254e-01 -2.3814e-01 -1.3286e-01 +5.4978e-01 -4.8690e-01 +7.6553e-01 -5.7762e-01 +4.2786e-01 -5.2668e-01
6501 +6.306312456e+00 +6.306312456e+00 -4.408368754e+01 -4.408368754e+01 +5.6826e-01 -1.7271e+00 +1.5652e+00 -4.3049e-01 -3.2515e-01 +8.6867e-01 -2.4613e+00 +2.4842e+00 +2.0558e+00 -1.5310e+00 -1.4624e+00 -1.5388e+00 -1.5861e-02 -6.9175e-01 +5.1642e-01 +4.6489e-01 +5.2535e-01 -1.2061e+00 +9.1836e-02 -6.8604e-01
8406 +3.924445536e+00 +3.924445536e+00 -4.646555446e+01 -4.646555446e+01 +3.7621e-01 -1.3941e+00 +1.3752e+00 +7.9329e-02 -6.5884e-01 +7.9317e-01 -2.5699e+00 +2.5146e+00 +1.7763e+00 -1.6963e+00 -1.2703e+00 -2.0602e+00 +8.0648e-02 -1.5529e+00 +1.0204e+00 +7.0913e-01 +1.5335e-01 -1.6127e+00 -2.2717e-01 -9.4755e-01
10043 +2.490358558e+00 +2.490358558e+00 -4.789964144e+01 -4.789964144e+01 +3.4575e-01 -1.6207e+00 +1.6683e+00 +2.3197e-01 -8.3151e-01 +5.1176e-01 -2.6280e+00 +2.4558e+00 +2.0817e+00 -1.9140e+00 -1.1165e+00 -2.4350e+00 +2.5892e-01 -1.7495e+00 +1.3948e+00 +1.4450e+00 -2.7091e-03 -1.9514e+00 -6.1306e-01 -8.8258e-01
11299 +1.575581423e+00 +1.575581423e+00 -4.881441858e+01 -4.881441858e+01 +3.9228e-01 -1.6004e+00 +1.5326e+00 +4.1927e-01 -1.0722e+00 +3.6850e-01 -2.7364e+00 +2.1600e+00 +1.9066e+00 -1.7329e+00 -1.4990e+00 -2.7867e+00 +2.3709e-01 -2.0951e+00 +1.4423e+00 +1.4511e+00 +2.4416e-02 -2.5283e+00 -8.7068e-01 -7.9333e-01
12428 +9.891637522e-01 +9.891637522e-01 -4.940083625e+01 -4.940083625e+01 +4.0063e-01 -1.4573e+00 +1.8153e+00 +3.5421e-01 -1.1554e+00 +2.7713e-01 -2.5554e+00 +2.4134e+00 +2.0219e+00 -1.9224e+00 -1.2942e+00 -2.7533e+00 +6.6500e-02 -2.2033e+00 +1.6397e+00 +1.9243e+00 +2.1794e-01 -2.8127e+00 -1.0649e+00 -9.0722e-01
13203 +6.071953016e-01 +6.071953016e-01 -4.978280470e+01 -4.978280470e+01 +3.4623e-01 -1.4442e+00 +1.5869e+00 +3.8385e-01 -1.4096e+00 +2.4693e-01 -2.5639e+00 +2.5438e+00 +1.9202e+00 -1.8952e+00 -1.1281e+00 -2.8133e+00 -4.0591e-02 -2.6355e+00 +1.6296e+00 +1.9890e+00 -2.0117e-02 -2.9383e+00 -1.2182e+00 -8.2693e-01
13925 +3.746425655e-01 +3.746425655e-01 -5.001535743e+01 -5.001535743e+01 +3.9952e-01 -1.6966e+00 +1.6573e+00 +4.5242e-01 -1.3836e+00 -9.7175e-03 -2.6773e+00 +2.4365e+00 +1.7731e+00 -1.9048e+00 -8.7378e-01 -2.8630e+00 -1.7441e-03 -2.7818e+00 +1.6575e+00 +2.0185e+00 +2.4328e-02 -3.0730e+00 -1.4192e+00 -7.0307e-01
14327 +2.096673848e-01 +2.096673848e-01 -5.018033262e+01 -5.018033262e+01 +3.7281e-01 -1.5622e+00 +1.6874e+00 +6.1570e-01 -1.5677e+00 -1.2262e-02 -2.5276e+00 +2.5692e+00 +1.7745e+00 -2.0901e+00 -9.6551e-01 -3.0377e+00 +7.0538e-02 -2.7769e+00 +1.7804e+00 +2.0970e+00 +1.1348e-01 -3.2132e+00 -1.5838e+00 -7.2072e-01
14726 +1.362621164e-01 +1.362621164e-01 -5.025373788e+01 -5.025373788e+01 +2.1860e-01 -1.6862e+00 +1.6996e+00 +6.5899e-01 -1.6978e+00 -1.4277e-01 -2.5041e+00 +2.6219e+00 +1.8972e+00 -2.0230e+00 -9.6311e-01 -3.0935e+00 +3.9339e-02 -2.7653e+00 +1.8207e+00 +2.1638e+00 +7.4234e-02 -3.3102e+00 -1.5358e+00 -7.5764e-01
15453 +8.793056476e-02 +8.793056476e-02 -5.030206944e+01 -5.030206944e+01 +3.7237e-01 -1.8466e+00 +1.8943e+00 +8.3543e-01 -1.9393e+00 -1.0708e-01 -2.4650e+00 +2.6320e+00 +1.7544e+00 -1.9698e+00 -9.8034e-01 -3.3036e+00 +3.6476e-02 -2.6461e+00 +1.7939e+00 +2.2862e+00 +1.5666e-01 -3.4063e+00 -1.5796e+00 -8.2611e-01
15973 +5.419216716e-02 +5.419216716e-02 -5.033580783e+01 -5.033580783e+01 +3.8423e-01 -1.7946e+00 +1.8105e+00 +8.6919e-01 -1.9813e+00 -3.9560e-02 -2.4723e+00 +2.5554e+00 +1.7683e+00 -1.7908e+00 -8.8563e-01 -3.3915e+00 +1.6160e-01 -2.7514e+00 +1.8664e+00 +2.3523e+00 +1.7531e-01 -3.3639e+00 -1.5283e+00 -7.1861e-01
26914 +3.470548193e-02 +3.470548193e-02 -5.035529452e+01 -5.035529452e+01 +1.9556e-01 -1.8680e+00 +2.0159e+00 +7.0273e-01 -1.9324e+00 -1.1524e-01 -2.5818e+00 +2.2640e+00 +1.8013e+00 -1.9934e+00 -1.0794e+00 -3.4057e+00 +1.5004e-01 -2.6930e+00 +1.8395e+00 +2.3764e+00 -1.6215e-01 -3.5642e+00 -1.3701e+00 -8.0797e-01
% function evaluation | noise-free fitness - Fopt (-7.027000000000e+01) | best noise-free fitness - Fopt | measured fitness | best measured fitness | x1 | x2...
1 +1.109049991e+02 +1.109049991e+02 +4.063499913e+01 +4.063499913e+01 +2.4898e+00 +5.7567e-01 -8.0751e-01 -3.8985e+00 +1.2924e+00 -1.9233e+00 +2.3715e+00 -6.3005e-01 +3.8621e+00 +9.9345e-01 -6.7569e-02 -1.1996e+00 +1.5554e+00 -2.6395e+00 -2.2723e+00 +9.8611e-02 -5.6648e-01 -3.4932e+00 +2.8648e+00 +3.4194e+00
14 +9.135734300e+01 +9.135734300e+01 +2.108734300e+01 +2.108734300e+01 +3.1170e+00 +1.8965e+00 -2.4657e-01 +9.5150e-01 +3.6106e+00 -2.7912e+00 +2.7805e-01 +1.6881e+00 -2.9351e+00 +2.4452e+00 -2.5810e-01 +1.7267e+00 +2.1628e+00 +1.5269e+00 +1.2001e+00 -2.1040e-01 +1.1176e+00 -2.4723e+00 +4.4503e-01 +2.3330e-01
24 +5.924746667e+01 +5.924746667e+01 -1.102253333e+01 -1.102253333e+01 +5.4289e-01 +9.5635e-01 -1.5815e+00 -1.1227e+00 +1.8052e+00 -1.8358e+00 -2.3888e+00 -1.8512e+00 +2.7403e+00 +1.9516e+00 +8.4684e-01 -9.6575e-01 +6.7392e-01 +1.8527e+00 -3.1655e-03 -1.5321e+00 -5.0460e-02 -1.6906e+00 +2.5256e+00 +2.4631e+00
46 +3.642110702e+01 +3.642110702e+01 -3.384889298e+01 -3.384889298e+01 +2.8082e+00 -3.3465e+00 -2.2270e+00 +2.9567e+00 -1.2891e+00 +2.1465e-01 -3.6519e+00 +1.9912e+00 -3.3914e+00 -4.0152e-01 -2.0377e+00 -5.8106e-01 +1.1693e+00 +3.3004e+00 -2.5352e+00 +6.6626e-01 +2.7979e+00 +3.1335e+00 +1.1220e+00 -2.3999e-01
645 +2.500713340e+01 +2.500713340e+01 -4.526286660e+01 -4.526286660e+01 +2.4069e+00 +2.2350e+00 -3.6656e+00 -1.5766e+00 -7.0310e-01 +1.7446e+00 -1.1823e+00 -1.3017e+00 +6.0561e-01 -7.9318e-01 -2.1609e-01 -1.2749e+00 -1.8602e+00 +1.8440e+00 -8.5589e-01 +1.7947e+00 -2.2115e+00 -1.0904e+00 -8.6322e-01 -2.1196e+00
3762 +1.582479033e+01 +1.582479033e+01 -5.444520967e+01 -5.444520967e+01 +2.7058e+00 -3.1986e+00 -2.1663e+00 +2.6681e+00 -2.2176e+00 +3.1902e-01 -3.1972e+00 +6.0766e-01 -3.9268e+00 +9.9730e-02 -2.9737e+00 -7.3131e-01 +2.0225e-01 +3.5208e+00 -2.8468e+00 +2.4569e-01 +2.6980e+00 +2.8668e+00 +2.3944e-01 -9.0079e-02
6382 +9.923846635e+00 +9.923846635e+00 -6.034615336e+01 -6.034615336e+01 +3.0094e+00 -3.0136e+00 -2.1983e+00 +2.7202e+00 -2.5877e+00 +9.1267e-02 -2.7002e+00 +2.9209e-01 -3.9944e+00 +6.8628e-01 -3.5514e+00 -1.0801e+00 -5.5824e-01 +3.9873e+00 -2.6008e+00 +5.0608e-01 +2.6599e+00 +2.4222e+00 -2.1886e-01 +3.4761e-01
8819 +6.293493533e+00 +6.293493533e+00 -6.397650647e+01 -6.397650647e+01 +3.1998e+00 -2.8057e+00 -2.7033e+00 +2.6149e+00 -2.7623e+00 -2.6213e-01 -1.7207e+00 -2.4937e-02 -4.0399e+00 +7.9364e-01 -3.2978e+00 -9.4848e-01 -1.1945e+00 +3.6485e+00 -2.4089e+00 +4.4312e-01 +3.0301e+00 +1.6925e+00 -8.7607e-01 +6.0240e-01
11161 +3.923737209e+00 +3.923737209e+00 -6.634626279e+01 -6.634626279e+01 +3.0996e+00 -2.6510e+00 -3.2543e+00 +2.1554e+00 -2.6548e+00 -5.0813e-01 -8.3117e-01 -2.5240e-02 -3.9130e+00 +1.2801e+00 -3.1413e+00 -1.2675e+00 -1.8162e+00 +3.4102e+00 -2.1342e+00 +3.2477e-01 +3.0594e+00 +1.2312e+00 -1.2521e+00 +1.0247e+00
12813 +2.499530373e+00 +2.499530373e+00 -6.777046963e+01 -6.777046963e+01 +3.0445e+00 -3.0321e+00 -3.3624e+00 +1.8619e+00 -2.7642e+00 -6.9820e-01 -4.9984e-01 +6.1753e-02 -3.9638e+00 +1.3136e+00 -2.8771e+00 -1.4393e+00 -2.2155e+00 +3.4429e+00 -2.0127e+00 +5.9949e-02 +2.9400e+00 +4.4793e-01 -1.3254e+00 +1.4093e+00
14313 +1.568135219e+00 +1.568135219e+00 -6.870186478e+01 -6.870186478e+01 +2.9348e+00 -2.9805e+00 -3.8593e+00 +1.5774e+00 -2.8178e+00 -9.9156e-01 -2.2315e-01 +4.9951e-02 -4.2139e+00 +1.8956e+00 -3.0017e+00 -1.5415e+00 -2.4569e+00 +3.4767e+00 -1.6800e+00 -2.2261e-02 +2.9830e+00 +8.6619e-02 -1.3414e+00 +1.7297e+00
15561 +9.614111703e-01 +9.614111703e-01 -6.930858883e+01 -6.930858883e+01 +3.0543e+00 -3.1830e+00 -3.9692e+00 +1.4968e+00 -2.2222e+00 -1.0684e+00 -3.1501e-02 +3.0058e-01 -3.8496e+00 +2.0615e+00 -3.1645e+00 -1.5668e+00 -2.6027e+00 +3.5597e+00 -1.5934e+00 -7.6465e-03 +2.7265e+00 -3.1692e-01 -1.4866e+00 +1.9103e+00
16090 +6.072422039e-01 +6.072422039e-01 -6.966275780e+01 -6.966275780e+01 +3.1592e+00 -3.0309e+00 -4.0642e+00 +1.1766e+00 -2.3957e+00 -9.5368e-01 +7.2431e-02 +3.2788e-01 -4.0911e+00 +2.0264e+00 -3.1587e+00 -1.8482e+00 -2.9138e+00 +3.6697e+00 -1.5147e+00 -5.3627e-02 +2.6168e+00 -5.6102e-01 -1.4644e+00 +1.8369e+00
16825 +3.960368760e-01 +3.960368760e-01 -6.987396312e+01 -6.987396312e+01 +2.9373e+00 -3.1589e+00 -3.9307e+00 +1.2255e+00 -2.3360e+00 -8.8698e-01 +1.4591e-01 +4.1571e-01 -4.0628e+00 +2.0947e+00 -3.0307e+00 -1.9432e+00 -2.9540e+00 +3.5776e+00 -1.4418e+00 +8.5439e-03 +2.4719e+00 -8.0125e-01 -1.4967e+00 +1.7058e+00
17208 +2.386452170e-01 +2.386452170e-01 -7.003135478e+01 -7.003135478e+01 +3.0827e+00 -3.1483e+00 -4.0347e+00 +1.2174e+00 -2.6104e+00 -8.0783e-01 +8.7357e-02 +2.9817e-01 -3.8205e+00 +2.1197e+00 -3.3205e+00 -2.0034e+00 -3.1534e+00 +3.5268e+00 -1.1151e+00 -3.2216e-02 +2.5565e+00 -9.4578e-01 -1.6204e+00 +1.8087e+00
18329 +1.541118383e-01 +1.541118383e-01 -7.011588816e+01 -7.011588816e+01 +3.0255e+00 -3.1186e+00 -3.9614e+00 +1.4062e+00 -2.6324e+00 -8.7645e-01 +2.8163e-01 +2.0300e-01 -3.9187e+00 +2.2530e+00 -3.1765e+00 -1.9904e+00 -3.1346e+00 +3.5530e+00 -1.1164e+00 -4.6753e-02 +2.6143e+00 -1.1823e+00 -1.4868e+00 +1.7644e+00
18587 +8.628071384e-02 +8.628071384e-02 -7.018371929e+01 -7.018371929e+01 +3.0067e+00 -3.0078e+00 -3.9188e+00 +1.4541e+00 -2.7629e+00 -8.9728e-01 +2.8474e-01 +1.3574e-01 -3.8578e+00 +2.2761e+00 -3.2501e+00 -1.9773e+00 -3.1809e+00 +3.6752e+00 -1.1023e+00 -9.1368e-02 +2.4216e+00 -1.2556e+00 -1.5607e+00 +1.8855e+00
20495 +6.271020337e-02 +6.271020337e-02 -7.020728980e+01 -7.020728980e+01 +3.0816e+00 -3.1418e+00 -3.7179e+00 +1.5553e+00 -2.8802e+00 -9.9752e-01 +1.0195e-01 +5.4933e-01 -3.8533e+00 +2.4914e+00 -3.1938e+00 -1.9214e+00 -3.1680e+00 +3.5556e+00 -1.0587e+00 +3.3583e-02 +2.3700e+00 -1.4006e+00 -1.4211e+00 +1.9137e+00
22130 +3.282608343e-02 +3.282608343e-02 -7.023717392e+01 -7.023717392e+01 +3.0749e+00 -2.9827e+00 -3.8559e+00 +1.5451e+00 -2.9331e+00 -1.0105e+00 +2.3115e-01 +5.7910e-01 -3.7339e+00 +2.5179e+00 -3.1550e+00 -2.0562e+00 -3.1440e+00 +3.5883e+00 -1.1872e+00 +1.1637e-01 +2.4658e+00 -1.3096e+00 -1.3650e+00 +1.9101e+00
% function evaluation | noise-free fitness - Fopt (-6.944000000000e+01) | best noise-free fitness - Fopt | measured fitness | best measured fitness | x1 | x2...
1 +9.685428635e+01 +9.685428635e+01 +2.741428635e+01 +2.741428635e+01 -1.1673e+00 -1.9796e+00 -1.4475e+00 -2.7125e+00 +8.6563e-02 +3.2746e+00 -2.2964e+00 -3.0657e+00 +3.9335e+00 -2.0406e+00 +1.8156e+00 -9.8401e-01 -1.5565e+00 -3.1782e+00 -7.6399e-01 +3.4577e+00 +3.2111e+00 +3.8832e+00 -2.9554e-02 +3.5583e+00
7 +4.700829237e+01 +4.700829237e+01 -2.243170763e+01 -2.243170763e+01 +3.4418e+00 -9.5859e-01 +3.8671e+00 -8.3616e-01 -1.7396e+00 +4.8702e-01 +3.3477e+00 +3.8448e+00 +3.9281e+00 +1.4119e+00 -8.6924e-02 -1.1376e+00 -2.3572e+00 -3.7784e+00 +3.6198e+00 -4.6710e-01 -1.1968e+00 -3.0132e+00 -2.7270e+00 -2.5015e+00
28 +2.857879024e+01 +2.857879024e+01 -4.086120976e+01 -4.086120976e+01 +3.4035e+00 -9.5099e-01 +1.9698e+00 -1.0004e+00 -1.8440e+00 +1.0329e+00 +2.6977e+00 +3.4604e+00 +3.0084e+00 +7.4939e-01 -1.3820e-01 -1.2197e+00 -1.9439e+00 -1.8467e+00 +4.2618e-01 -5.2024e-01 -1.3078e-01 -2.8387e+00 -1.2930e-01 -2.1820e+00
379 +2.433923239e+01 +2.433923239e+01 -4.510076761e+01 -4.510076761e+01 +1.5123e+00 +6.6228e-02 +2.1349e+00 +4.3826e-01 -2.0939e+00 -1.8200e+00 +3.6860e+00 -2.4221e-01 -1.3930e+00 +1.5539e+00 -2.3274e+00 +1.7881e+00 -1.4755e+00 +1.5251e+00 +1.3549e+00 +1.4044e+00 +1.0991e+00 +3.3770e+00 +1.1644e+00 -2.3286e+00
2540 +1.579225347e+01 +1.579225347e+01 -5.364774653e+01 -5.364774653e+01 +1.1771e+00 -1.0414e-01 +2.6559e+00 +4.4689e-02 -1.8957e+00 -1.8634e+00 +3.0399e+00 +6.8705e-02 -6.4542e-01 +1.3047e+00 -1.6302e+00 +1.7045e+00 -1.9067e+00 +1.4701e+00 +1.3768e+00 +1.6567e+00 +1.0991e+00 +2.9115e+00 +1.5128e+00 -1.7504e+00
5307 +9.850865558e+00 +9.850865558e+00 -5.958913444e+01 -5.958913444e+01 +1.4244e+00 -2.4482e-01 +3.1344e+00 -4.0160e-02 -1.5820e+00 -1.6817e+00 +2.0998e+00 +5.3990e-02 +1.6376e-01 +9.1166e-01 -1.0037e+00 +1.1050e+00 -1.6947e+00 +1.2120e+00 +1.4029e+00 +1.8980e+00 +1.0485e+00 +2.6860e+00 +1.9138e+00 -1.3768e+00
7810 +6.077049605e+00 +6.077049605e+00 -6.336295040e+01 -6.336295040e+01 +1.2076e+00 -1.3974e-01 +3.2630e+00 +9.7915e-02 -1.3667e+00 -1.0673e+00 +1.3946e+00 +4.1984e-01 +9.0791e-01 +4.4633e-01 -8.4197e-01 +9.5115e-01 -1.7030e+00 +1.5781e+00 +1.5945e+00 +2.0884e+00 +1.0141e+00 +3.0285e+00 +2.3597e+00 -6.0759e-01
9697 +3.931176291e+00 +3.931176291e+00 -6.550882371e+01 -6.550882371e+01 +1.0685e+00 +2.0783e-01 +3.1480e+00 +5.2367e-01 -1.1073e+00 -7.6283e-01 +8.9389e-01 +8.1524e-01 +9.0368e-01 -3.8298e-02 -1.1599e-01 +7.7300e-01 -1.4616e+00 +1.4833e+00 +1.7339e+00 +2.1771e+00 +8.4155e-01 +2.7122e+00 +2.7945e+00 -2.9492e-01
11477 +2.431677491e+00 +2.431677491e+00 -6.700832251e+01 -6.700832251e+01 +1.2481e+00 +4.2645e-01 +3.3614e+00 +9.4313e-01 -8.7479e-01 -7.0751e-01 +6.6349e-01 +7.4665e-01 +1.0258e+00 -5.3202e-01 +3.9056e-01 +8.9707e-01 -1.5914e+00 +1.4790e+00 +1.7736e+00 +2.4614e+00 +8.9790e-01 +2.6882e+00 +2.9258e+00 -5.2699e-02
12716 +1.561786507e+00 +1.561786507e+00 -6.787821349e+01 -6.787821349e+01 +1.6315e+00 +6.0082e-01 +3.6017e+00 +1.3412e+00 -1.1079e+00 -9.4473e-01 +6.2334e-01 +9.0586e-01 +1.1757e+00 -9.2149e-01 +6.8601e-01 +1.0091e+00 -1.5446e+00 +1.6208e+00 +1.7855e+00 +2.6095e+00 +8.2194e-01 +2.7391e+00 +3.1327e+00 +2.7246e-01
13844 +9.985921375e-01 +9.985921375e-01 -6.844140786e+01 -6.844140786e+01 +1.5305e+00 +5.6699e-01 +3.9315e+00 +1.6758e+00 -8.7796e-01 -8.7715e-01 +5.4376e-01 +9.4875e-01 +1.1159e+00 -1.2238e+00 +9.7623e-01 +1.1343e+00 -1.6180e+00 +1.8645e+00 +1.7408e+00 +2.5131e+00 +9.7539e-01 +2.4794e+00 +3.1904e+00 +5.7383e-01
14359 +6.253826081e-01 +6.253826081e-01 -6.881461739e+01 -6.881461739e+01 +1.5685e+00 +6.1572e-01 +3.6453e+00 +1.7277e+00 -7.9661e-01 -5.2075e-01 +4.9283e-01 +9.4023e-01 +1.4150e+00 -1.4570e+00 +1.1962e+00 +1.0865e+00 -1.6992e+00 +1.9235e+00 +1.6502e+00 +2.7164e+00 +8.8146e-01 +2.5191e+00 +3.3272e+00 +2.9255e-01
15221 +3.752815268e-01 +3.752815268e-01 -6.906471847e+01 -6.906471847e+01 +1.6281e+00 +5.7422e-01 +3.5087e+00 +1.9208e+00 -8.7466e-01 -3.2047e-01 +3.4801e-01 +7.8920e-01 +1.5424e+00 -1.7058e+00 +1.3933e+00 +1.1631e+00 -1.6154e+00 +1.9844e+00 +1.7513e+00 +2.9837e+00 +9.6067e-01 +2.3500e+00 +3.3839e+00 +4.5816e-01
15978 +2.360876615e-01 +2.360876615e-01 -6.920391234e+01 -6.920391234e+01 +1.6914e+00 +1.1462e+00 +3.6272e+00 +1.8833e+00 -7.4349e-01 -5.3253e-01 -4.0350e-02 +9.9848e-01 +1.5395e+00 -2.0572e+00 +1.1735e+00 +4.1696e-01 -1.8256e+00 +1.4988e+00 +1.5065e+00 +3.1302e+00 +1.2742e+00 +2.1999e+00 +3.5578e+00 +7.8878e-01
16215 +1.490820395e-01 +1.490820395e-01 -6.929091796e+01 -6.929091796e+01 +1.7610e+00 +1.0627e+00 +3.6671e+00 +1.9525e+00 -8.1634e-01 -3.6488e-01 -2.6210e-02 +9.9143e-01 +1.7108e+00 -2.2404e+00 +1.1588e+00 +6.7289e-01 -1.8268e+00 +1.5535e+00 +1.6420e+00 +3.2617e+00 +1.1871e+00 +2.3284e+00 +3.5430e+00 +7.7261e-01
16954 +9.087524379e-02 +9.087524379e-02 -6.934912476e+01 -6.934912476e+01 +1.9076e+00 +9.8190e-01 +3.7238e+00 +1.9707e+00 -7.9004e-01 -1.5047e-01 -5.9397e-02 +1.0463e+00 +1.6647e+00 -2.0629e+00 +1.1327e+00 +8.4220e-01 -1.9205e+00 +1.6949e+00 +1.5356e+00 +3.0715e+00 +1.1529e+00 +2.3689e+00 +3.7293e+00 +7.3777e-01
17487 +6.255841012e-02 +6.255841012e-02 -6.937744159e+01 -6.937744159e+01 +1.8253e+00 +9.5243e-01 +3.6892e+00 +1.9803e+00 -9.7347e-01 -3.5754e-01 -7.3009e-02 +1.0793e+00 +1.6927e+00 -2.1076e+00 +1.1319e+00 +9.6446e-01 -2.0406e+00 +1.6620e+00 +1.6089e+00 +3.0460e+00 +1.1601e+00 +2.3404e+00 +3.6666e+00 +7.3962e-01
% function evaluation | noise-free fitness - Fopt (1.261900000000e+02) | best noise-free fitness - Fopt | measured fitness | best measured fitness | x1 | x2...
1 +1.493556286e+02 +1.493556286e+02 +2.755456286e+02 +2.755456286e+02 -2.3527e-01 -6.2124e-01 +2.6908e+00 -2.5537e+00 +1.9787e+00 +8.0025e-01 -2.0083e+00 -3.3590e+00 +2.7944e+00 -2.1253e+00 -1.6117e-01 -5.7137e-01 -1.6936e+00 +4.0976e-01 -8.1076e-01 +6.8786e-01 -3.6815e+00 +2.3043e+00 +7.2492e-01 +1.8560e+00
8 +4.553806897e+01 +4.553806897e+01 +1.717280690e+02 +1.717280690e+02 +2.5385e+00 -1.2972e+00 +5.8003e-01 -3.0349e+00 +1.1343e+00 +2.1781e-01 +2.4570e+00 +2.6094e-01 -1.8275e+00 +8.5394e-01 +3.1650e-01 -3.2013e+00 +1.0204e+00 +3.3032e+00 -4.2721e-01 -1.2521e+00 -1.5232e+00 -1.8375e+00 -2.3438e+00 -1.8160e+00
52 +3.659281754e+01 +3.659281754e+01 +1.627828175e+02 +1.627828175e+02 +2.6410e+00 +3.4233e+00 -1.1914e+00 +4.4501e-01 -3.9683e+00 -3.5559e+00 +3.5309e+00 -2.0407e-01 -9.2959e-01 +2.3020e+00 -3.8044e-01 +3.8414e+00 +3.5691e+00 +1.7130e+00 -3.5628e+00 +2.2068e+00 -1.1714e+00 +1.0079e+00 +1.7024e+00 +2.7234e+00
73 +2.455120035e+01 +2.455120035e+01 +1.507412004e+02 +1.507412004e+02 +2.7405e+00 +1.0576e-01 +1.3314e+00 +3.3123e-01 -3.1441e+00 -2.3115e+00 +2.5227e+00 +5.4151e-01 -8.2535e-01 +1.8404e+00 -3.9388e-01 +3.6803e+00 +3.5799e+00 -7.1401e-02 -3.3032e+00 +3.2761e+00 -1.6973e+00 -6.1438e-01 +1.3404e+00 +3.8976e+00
201 +1.181201334e+01 +1.181201334e+01 +1.380020133e+02 +1.380020133e+02 +2.4570e+00 -5.3815e-01 +3.7510e-01 +2.2190e+00 +5.3987e-01 +1.7485e+00 +2.1471e-01 +1.3372e+00 -3.0790e+00 +2.1230e+00 -2.0277e+00 +3.2106e+00 +3.3950e+00 +1.6917e+00 -8.4957e-01 +1.1324e+00 +1.3675e-01 +5.7420e-01 +1.8375e+00 +2.8445e+00
981 +9.768397342e+00 +9.768397342e+00 +1.359583973e+02 +1.359583973e+02 +2.4929e+00 -4.6562e-01 +4.0734e-01 +2.3896e+00 +3.6078e-01 +2.0559e+00 +1.0493e-01 +1.4088e+00 -3.0001e+00 +2.1282e+00 -1.8808e+00 +2.9915e+00 +3.2583e+00 +1.8984e+00 -1.0686e+00 +1.2151e+00 +2.1485e-01 +4.8399e-01 +1.6666e+00 +2.5636e+00
3356 +6.289870337e+00 +6.289870337e+00 +1.324798703e+02 +1.324798703e+02 +2.4807e+00 -3.0645e-01 +1.5837e-01 +1.9346e+00 -3.0236e-01 +2.1715e+00 +4.3152e-01 +1.5897e+00 -2.7389e+00 +2.1795e+00 -1.2676e+00 +2.4125e+00 +3.2977e+00 +1.7441e+00 -1.1316e+00 +1.4610e+00 -2.0716e-02 +4.5415e-01 +1.0972e+00 +2.2338e+00
5123 +3.936173880e+00 +3.936173880e+00 +1.301261739e+02 +1.301261739e+02 +2.7262e+00 -4.8136e-01 -2.7330e-01 +1.8337e+00 -6.9660e-01 +2.3892e+00 +1.4992e-02 +1.7055e+00 -2.8710e+00 +1.8524e+00 -8.9134e-01 +1.8692e+00 +3.6309e+00 +1.7582e+00 -1.1847e+00 +2.1053e+00 +1.2415e-01 +5.1696e-01 +8.5771e-01 +1.9714e+00
6772 +2.464529727e+00 +2.464529727e+00 +1.286545297e+02 +1.286545297e+02 +2.5717e+00 -5.8273e-02 -6.5034e-01 +1.6321e+00 -9.4392e-01 +2.7191e+00 +6.6312e-02 +1.9873e+00 -2.9782e+00 +1.9573e+00 -6.2472e-01 +1.4398e+00 +3.9903e+00 +1.9354e+00 -1.0233e+00 +2.4342e+00 +1.0789e-01 +6.8550e-01 +3.0742e-01 +1.8262e+00
8013 +1.552015473e+00 +1.552015473e+00 +1.277420155e+02 +1.277420155e+02 +2.4948e+00 +1.6943e-01 -9.5768e-01 +1.7352e+00 -1.3602e+00 +2.7216e+00 -1.4281e-01 +2.2058e+00 -3.1086e+00 +2.0645e+00 -3.1623e-01 +1.2442e+00 +3.7630e+00 +1.7989e+00 -9.8318e-01 +2.7459e+00 +1.1209e-01 +6.0226e-01 +2.2422e-01 +1.7685e+00
8792 +9.627348505e-01 +9.627348505e-01 +1.271527349e+02 +1.271527349e+02 +2.4130e+00 +2.4532e-01 -1.3860e+00 +1.5250e+00 -1.6829e+00 +2.7908e+00 -2.0393e-01 +2.0611e+00 -3.1125e+00 +2.5057e+00 +1.0685e-01 +1.0378e+00 +4.0800e+00 +1.9475e+00 -9.7719e-01 +2.8578e+00 +2.6667e-01 +3.4667e-01 +6.6354e-01 +1.8894e+00
9677 +6.267931463e-01 +6.267931463e-01 +1.268167931e+02 +1.268167931e+02 +2.3075e+00 +2.8465e-01 -1.5897e+00 +1.4726e+00 -1.6195e+00 +3.1560e+00 -3.5601e-01 +2.3829e+00 -3.3593e+00 +2.6039e+00 +7.3184e-02 +8.7840e-01 +4.1292e+00 +1.9333e+00 -8.7922e-01 +2.9956e+00 +3.8939e-01 +4.8090e-01 +7.1042e-01 +1.8490e+00
10054 +3.418072515e-01 +3.418072515e-01 +1.265318073e+02 +1.265318073e+02 +2.1885e+00 +1.1085e-01 -1.8106e+00 +1.5351e+00 -1.8411e+00 +3.3117e+00 -3.3595e-01 +2.2174e+00 -3.2520e+00 +2.7763e+00 +2.7912e-01 +7.4483e-01 +4.0388e+00 +1.9854e+00 -6.1810e-01 +3.1125e+00 +3.1867e-01 +3.7012e-01 +4.9486e-01 +1.9024e+00
10772 +2.461911831e-01 +2.461911831e-01 +1.264361912e+02 +1.264361912e+02 +2.2347e+00 -1.4966e-02 -1.8951e+00 +1.3856e+00 -1.9158e+00 +3.3237e+00 -5.0711e-01 +2.0246e+00 -3.3338e+00 +2.8216e+00 +3.9036e-01 +5.9857e-01 +4.0603e+00 +1.8459e+00 -3.8279e-01 +3.2814e+00 +1.4668e-01 +4.2249e-01 +5.2345e-01 +1.7325e+00
11428 +1.401115244e-01 +1.401115244e-01 +1.263301115e+02 +1.263301115e+02 +2.1123e+00 +2.0464e-01 -1.7303e+00 +1.2833e+00 -2.0497e+00 +3.4103e+00 -6.4881e-01 +2.1172e+00 -3.2842e+00 +2.9271e+00 +3.7995e-01 +6.7142e-01 +3.9614e+00 +1.6979e+00 -5.5207e-01 +3.4889e+00 +3.0654e-01 +4.0842e-01 +4.2553e-01 +1.7078e+00
12153 +9.197594341e-02 +9.197594341e-02 +1.262819759e+02 +1.262819759e+02 +2.3252e+00 +1.1053e-01 -1.8601e+00 +1.2844e+00 -2.2864e+00 +3.3795e+00 -6.3622e-01 +1.9221e+00 -3.4165e+00 +2.9577e+00 +3.5727e-01 +5.5533e-01 +3.8621e+00 +1.6776e+00 -4.7253e-01 +3.6454e+00 +3.8916e-01 +4.2736e-01 +5.0808e-01 +1.5363e+00
13340 +5.922586974e-02 +5.922586974e-02 +1.262492259e+02 +1.262492259e+02 +2.2171e+00 -4.1843e-02 -1.9642e+00 +1.6658e+00 -2.3914e+00 +3.4080e+00 -7.2497e-01 +1.6992e+00 -3.5035e+00 +2.6620e+00 +3.2462e-01 +4.9834e-01 +3.7746e+00 +1.6962e+00 -6.3776e-01 +3.7200e+00 +2.5974e-01 +5.2939e-01 +4.4502e-01 +1.6752e+00
27464 +3.897221160e-02 +3.897221160e-02 +1.262289722e+02 +1.262289722e+02 +2.2123e+00 +1.1010e-01 -1.8285e+00 +1.4554e+00 -2.4739e+00 +3.3292e+00 -8.7422e-01 +1.7799e+00 -3.3567e+00 +2.7299e+00 +1.8014e-01 +5.7457e-01 +3.7757e+00 +1.6536e+00 -8.0925e-01 +3.6450e+00 +2.1067e-01 +5.5171e-01 +3.2105e-01 +1.6313e+00
