% function evaluation | noise-free fitness - Fopt (-1.694000000000e+01) | best noise-free fitness - Fopt | measured fitness | best measured fitness | x1 | x2...
1 +1.017291241e+02 +1.017291241e+02 +8.478912415e+01 +8.478912415e+01 -3.1626e+00 -3.9917e+00 -3.1563e+00 +2.5071e+00 -3.4289e+00 -3.2110e+00 +2.3496e+00 +1.7830e+00 -3.9290e+00 -5.3968e-01
2 +3.409713645e+01 +3.409713645e+01 +1.715713645e+01 +1.715713645e+01 +2.5626e+00 -2.3462e-01 +1.3651e-01 +3.0109e+00 +3.8032e+00 -2.7497e+00 -3.9403e+00 +1.8580e+00 +1.7816e+00 -2.3955e+00
10 +1.293822118e+01 +1.293822118e+01 -4.001778823e+00 -4.001778823e+00 +3.0802e+00 +2.1723e+00 -9.9178e-01 -3.0360e+00 +6.5194e-01 -1.1695e+00 +3.1739e+00 -3.2195e+00 +2.6749e+00 -3.5681e+00
29 +9.510209265e+00 +9.510209265e+00 -7.429790735e+00 -7.429790735e+00 +3.1755e+00 +2.0751e+00 -1.0020e+00 -2.9758e+00 +6.5794e-01 -1.2130e+00 +3.1265e+00 -3.2041e+00 +2.6758e+00 -3.4827e+00
209 +5.525458736e+00 +5.525458736e+00 -1.141454126e+01 -1.141454126e+01 +3.3003e+00 +3.6418e+00 -7.2634e-01 +3.6253e+00 +3.6176e+00 -8.5728e-01 +2.9202e+00 -3.1709e+00 -2.4841e+00 -3.0161e+00
1584 +3.584345845e+00 +3.584345845e+00 -1.335565415e+01 -1.335565415e+01 +3.2003e+00 +3.5130e+00 -3.9744e-01 +3.5104e+00 +3.5943e+00 -9.4827e-01 +2.7652e+00 -3.1339e+00 -2.4063e+00 -2.9404e+00
% function evaluation | noise-free fitness - Fopt (1.881000000000e+01) | best noise-free fitness - Fopt | measured fitness | best measured fitness | x1 | x2...
1 +1.239895550e+01 +1.239895550e+01 +3.120895550e+01 +3.120895550e+01 +3.9014e+00 -2.3181e+00 +4.1117e-01 +3.1063e+00 -2.0850e+00 +2.6147e+00 +8.9261e-01 +2.2110e+00 -1.2700e-01 +2.6311e+00
2 +9.981147416e+00 +9.981147416e+00 +2.879114742e+01 +2.879114742e+01 +1.0435e+00 -5.6334e-01 -2.2347e+00 -3.9012e-01 +2.3457e-01 -3.6104e-02 -1.4213e+00 +6.1743e-01 -3.7143e+00 +9.0951e-02
124 +5.825753959e+00 +5.825753959e+00 +2.463575396e+01 +2.463575396e+01 -6.7990e-02 +1.2199e+00 +3.7229e+00 -8.0500e-01 -3.1571e-01 -1.3266e+00 +1.4597e+00 +5.8143e-01 -2.0606e+00 +3.5559e+00
334 +3.637835755e+00 +3.637835755e+00 +2.244783575e+01 +2.244783575e+01 -1.3347e+00 +1.7475e+00 -3.0459e+00 -2.0697e+00 +1.8998e+00 -2.4651e+00 -3.9545e-01 -2.1927e+00 -6.7103e-02 +3.6101e+00
1254 +2.344437218e+00 +2.344437218e+00 +2.115443722e+01 +2.115443722e+01 -1.3624e+00 +1.4659e+00 -3.0266e+00 -2.0927e+00 +1.7261e+00 -2.2966e+00 -2.8746e-01 -2.2359e+00 -3.9403e-02 +3.5877e+00
6241 +1.569498132e+00 +1.569498132e+00 +2.037949813e+01 +2.037949813e+01 -1.7188e+00 +1.4450e+00 -2.9192e+00 -1.5947e+00 +1.4148e+00 -1.8840e+00 -8.5930e-01 -2.2527e+00 +4.2049e-01 +3.2585e+00
% function evaluation | noise-free fitness - Fopt (2.731500000000e+02) | best noise-free fitness - Fopt | measured fitness | best measured fitness | x1 | x2...
1 +7.348020089e+01 +7.348020089e+01 +3.466302009e+02 +3.466302009e+02 -2.0877e+00 -3.0768e+00 +2.2715e+00 -1.6404e+00 -2.1428e+00 +2.0764e+00 -1.9788e-01 -5.7331e-01 +2.8735e+00 +3.1304e+00
2 +5.555755953e+01 +5.555755953e+01 +3.287075595e+02 +3.287075595e+02 -6.6341e-01 -2.2442e+00 -3.7972e+00 +1.2798e+00 -5.8790e-01 +1.6102e+00 -1.7461e+00 +2.9705e+00 -2.2934e+00 -1.5003e+00
4 +3.379453849e+01 +3.379453849e+01 +3.069445385e+02 +3.069445385e+02 +1.2504e+00 -2.8285e-01 +3.4227e+00 +7.2192e-01 +1.2220e+00 +2.5384e-01 +8.9310e-01 +2.3170e+00 -8.5493e-01 -8.1619e-01
6 +2.356712782e+01 +2.356712782e+01 +2.967171278e+02 +2.967171278e+02 -1.5174e+00 +4.5659e-01 -2.2022e+00 +1.4496e-01 -3.4878e+00 -2.2639e-01 +1.5901e+00 -2.9613e+00 -2.2015e+00 -2.6750e+00
10 +8.041250845e+00 +8.041250845e+00 +2.811912508e+02 +2.811912508e+02 -2.9489e+00 -5.4463e-01 +1.4561e+00 +3.9873e+00 -3.1604e+00 -3.0117e+00 +1.5589e+00 -3.5239e+00 -2.6148e+00 +1.1837e+00
161 +6.002332425e+00 +6.002332425e+00 +2.791523324e+02 +2.791523324e+02 -2.7251e+00 +6.7261e-01 +1.4993e+00 +3.9878e+00 -2.2902e+00 -3.1598e+00 +8.1263e-01 -2.9459e+00 -2.5409e+00 +1.7042e+00
1938 +3.896259452e+00 +3.896259452e+00 +2.770462595e+02 +2.770462595e+02 -2.9374e+00 +9.5800e-01 +1.5345e+00 +3.7745e+00 -2.9959e+00 -3.1354e+00 +1.4168e+00 -2.9082e+00 -1.9593e+00 +2.7428e+00
% function evaluation | noise-free fitness - Fopt (3.718000000000e+01) | best noise-free fitness - Fopt | measured fitness | best measured fitness | x1 | x2...
1 +2.702683811e+01 +2.702683811e+01 +6.420683811e+01 +6.420683811e+01 +2.9324e+00 -9.1952e-01 +1.1043e+00 -9.7403e-01 +4.9225e-02 +3.4981e+00 +1.1602e+00 -1.8151e+00 +3.4930e+00 +2.5462e+00
2 +2.420435014e+01 +2.420435014e+01 +6.138435014e+01 +6.138435014e+01 +1.3560e+00 -4.3262e-01 +2.5594e+00 +9.5857e-01 -2.7563e+00 -2.2606e+00 +2.7651e+00 -3.1213e+00 -1.3055e+00 +6.8213e-01
7 +1.520169057e+01 +1.520169057e+01 +5.238169057e+01 +5.238169057e+01 +3.9864e+00 +9.5272e-01 -1.1461e+00 +1.3935e+00 -2.7270e+00 +2.6309e+00 -3.7711e+00 -2.5698e+00 -1.5210e+00 +1.2600e+00
51 +9.370035646e+00 +9.370035646e+00 +4.655003565e+01 +4.655003565e+01 -2.6829e+00 -2.7627e+00 -3.7489e-01 +9.9047e-01 -1.1223e+00 +1.1254e+00 -1.6433e+00 -3.8818e+00 +5.0549e-01 +2.9105e+00
3237 +6.240343362e+00 +6.240343362e+00 +4.342034336e+01 +4.342034336e+01 -3.0038e+00 -2.4761e+00 -2.6220e-01 +9.3360e-01 -1.1272e+00 +1.4210e+00 -1.6410e+00 -3.7253e+00 +1.2093e-01 +2.9274e+00
% function evaluation | noise-free fitness - Fopt (-1.479000000000e+02) | best noise-free fitness - Fopt | measured fitness | best measured fitness | x1 | x2...
1 +1.891505762e+01 +1.891505762e+01 -1.289849424e+02 -1.289849424e+02 +2.4992e+00 +3.1570e+00 +2.0313e+00 +3.8796e+00 -1.7982e+00 +1.3551e+00 +7.0287e-01 -2.7744e+00 +1.8372e+00 +1.9989e+00
2 +1.113061373e+01 +1.113061373e+01 -1.367693863e+02 -1.367693863e+02 +3.7924e+00 -9.5124e-01 -1.6201e+00 -2.2914e+00 +3.3408e+00 -4.6277e-01 -6.9912e-01 +2.3147e+00 -1.1334e+00 -3.6797e-01
7 +8.640497929e+00 +8.640497929e+00 -1.392595021e+02 -1.392595021e+02 -5.1313e-01 +2.9992e+00 -2.9143e+00 -7.4493e-01 +1.9560e+00 +7.9328e-03 -1.6778e+00 -2.6741e+00 -2.1353e+00 -6.0454e-01
80 +5.691492149e+00 +5.691492149e+00 -1.422085079e+02 -1.422085079e+02 -3.6575e-01 +4.7087e-01 +4.9420e-01 -4.6313e-01 +3.0769e+00 +1.6937e+00 -1.9601e+00 -4.4485e-02 -1.3022e+00 +1.0793e-01
2244 +3.737330515e+00 +3.737330515e+00 -1.441626695e+02 -1.441626695e+02 -3.3926e-01 +2.7259e-01 +5.4341e-01 -8.0089e-01 +2.8281e+00 +1.5793e+00 -2.3579e+00 +5.5548e-02 -1.3969e+00 +5.5597e-02
% function evaluation | noise-free fitness - Fopt (1.162600000000e+02) | best noise-free fitness - Fopt | measured fitness | best measured fitness | x1 | x2...
1 +1.557370194e+01 +1.557370194e+01 +1.318337019e+02 +1.318337019e+02 +2.6774e+00 -3.6006e+00 -1.3139e+00 +2.8377e+00 -2.8295e+00 -6.6063e-01 +7.0258e-01 +3.5433e+00 -3.0485e+00 -2.1857e-01
29 +9.573843166e+00 +9.573843166e+00 +1.258338432e+02 +1.258338432e+02 +2.6471e+00 -3.4697e+00 -3.1490e+00 -2.4125e+00 -2.1067e+00 +1.7301e+00 -3.7622e+00 -2.1263e+00 -2.5355e+00 -2.4618e+00
512 +5.662244357e+00 +5.662244357e+00 +1.219222444e+02 +1.219222444e+02 -2.4649e+00 -1.2997e+00 -4.7083e-01 +1.4152e+00 -3.7644e+00 +1.1452e+00 -2.5062e+00 +2.1664e+00 -6.0366e-01 -2.5404e-01
% function evaluation | noise-free fitness - Fopt (-1.000000000000e+03) | best noise-free fitness - Fopt | measured fitness | best measured fitness | x1 | x2...
1 +1.621134153e+01 +1.621134153e+01 -9.837886585e+02 -9.837886585e+02 +3.9268e+00 +5.4301e-01 -2.5566e+00 -2.5995e-01 +9.6935e-01 +1.8465e+00 +3.3528e+00 +4.6716e-01 -6.6332e-01 +2.7870e+00
10 +9.218292443e+00 +9.218292443e+00 -9.907817076e+02 -9.907817076e+02 -3.1470e+00 -8.5837e-01 -3.3233e+00 +3.0770e+00 -2.0071e+00 -2.2130e+00 +3.3329e+00 -7.7212e-02 -2.1629e+00 +2.8222e+00
287 +6.071487618e+00 +6.071487618e+00 -9.939285124e+02 -9.939285124e+02 -3.7562e+00 -8.3728e-01 +6.7181e-01 -2.0296e+00 -1.9959e+00 -2.7087e+00 -3.1759e-01 +1.8486e+00 -3.2798e+00 +2.0525e+00
% function evaluation | noise-free fitness - Fopt (-9.193000000000e+01) | best noise-free fitness - Fopt | measured fitness | best measured fitness | x1 | x2...
1 +4.417112338e+01 +4.417112338e+01 -4.775887662e+01 -4.775887662e+01 -2.1121e+00 -3.2412e+00 -3.9692e+00 -7.9998e-01 -1.6931e+00 -3.5548e+00 +1.2216e+00 -3.9505e+00 -3.9269e+00 -2.9699e+00
4 +2.674683935e+01 +2.674683935e+01 -6.518316065e+01 -6.518316065e+01 +3.5309e+00 -2.2097e+00 -1.4069e+00 +6.4459e-01 +1.1864e+00 -1.2918e+00 +3.7125e+00 +2.2599e+00 -3.6935e+00 +3.5841e+00
7 +1.819820102e+01 +1.819820102e+01 -7.373179898e+01 -7.373179898e+01 +5.6489e-01 -3.4145e+00 +3.5475e-01 -2.4761e+00 +2.7660e+00 -7.4250e-01 +2.9036e+00 +2.0470e+00 +2.6466e+00 -2.6052e+00
14 +1.133857433e+01 +1.133857433e+01 -8.059142567e+01 -8.059142567e+01 +2.2267e+00 +5.7062e-01 +2.7641e+00 +1.2836e+00 -3.2821e+00 +2.8029e-01 -2.0990e+00 +3.8435e+00 -9.2910e-01 +4.3361e-01
79 +9.719491612e+00 +9.719491612e+00 -8.221050839e+01 -8.221050839e+01 +2.0378e-01 +2.4988e+00 -2.7923e+00 +3.0854e+00 +1.0304e+00 +6.9460e-01 -7.4992e-01 +1.7289e+00 +3.3058e+00 -3.6349e+00
126 +6.231662276e+00 +6.231662276e+00 -8.569833772e+01 -8.569833772e+01 +2.4077e+00 -3.0348e+00 -1.6581e+00 +3.9192e+00 -2.1346e+00 +1.9904e+00 -1.5231e+00 +2.6101e+00 -2.1196e+00 -3.3089e-01
% function evaluation | noise-free fitness - Fopt (1.487500000000e+02) | best noise-free fitness - Fopt | measured fitness | best measured fitness | x1 | x2...
1 +2.344844264e+01 +2.344844264e+01 +1.721984426e+02 +1.721984426e+02 -1.6966e+00 +9.7576e-01 +1.5540e-01 -1.6901e+00 -1.8858e-02 +2.9939e+00 +3.6119e+00 -1.0335e+00 -4.0284e-01 +1.3769e+00
11 +8.515312522e+00 +8.515312522e+00 +1.572653125e+02 +1.572653125e+02 +7.1132e-01 -1.2756e+00 -1.6652e+00 +1.9274e+00 -1.2284e+00 +2.4403e+00 -3.0104e+00 -2.4443e+00 +1.0596e+00 +3.2160e+00
151 +5.980547910e+00 +5.980547910e+00 +1.547305479e+02 +1.547305479e+02 +6.6144e-01 -1.2350e+00 -1.8041e+00 +1.9046e+00 -1.2410e+00 +2.4640e+00 -2.8719e+00 -2.3880e+00 +9.8134e-01 +3.1834e+00
10010 +3.912781535e+00 +3.912781535e+00 +1.526627815e+02 +1.526627815e+02 +5.1303e-01 -1.4365e+00 -1.6725e+00 +1.5417e+00 -9.6789e-01 +2.9361e+00 -3.4855e+00 -2.1264e+00 +7.6488e-01 +2.9052e+00
% function evaluation | noise-free fitness - Fopt (-1.483000000000e+02) | best noise-free fitness - Fopt | measured fitness | best measured fitness | x1 | x2...
1 +3.993551317e+01 +3.993551317e+01 -1.083644868e+02 -1.083644868e+02 +8.6162e-01 +1.3957e+00 -5.4966e-01 +1.5000e+00 -9.8176e-01 +5.1807e-02 +3.3947e+00 +3.4954e+00 +3.5789e+00 -1.0074e+00
2 +2.630111884e+01 +2.630111884e+01 -1.219988812e+02 -1.219988812e+02 +1.3264e+00 -1.8828e+00 -2.3841e+00 -3.6986e+00 -3.8819e+00 -3.7921e+00 -3.2091e+00 +3.6606e+00 -3.4975e-01 +1.5624e+00
4 +1.644861862e+01 +1.644861862e+01 -1.318513814e+02 -1.318513814e+02 +1.8497e-02 +2.0056e+00 -1.1633e+00 +1.1014e+00 -4.1553e-02 -1.1605e+00 -2.8459e+00 +1.6056e+00 -3.9795e+00 -1.4216e+00
15 +1.451909163e+01 +1.451909163e+01 -1.337809084e+02 -1.337809084e+02 -3.5649e-01 +1.1608e+00 -3.0699e+00 +3.9232e+00 +2.2075e-01 +9.0626e-01 -2.5490e+00 +2.4723e+00 +2.1691e+00 +2.7292e+00
201 +8.937334549e+00 +8.937334549e+00 -1.393626655e+02 -1.393626655e+02 +3.6851e+00 +2.5842e+00 -2.2904e+00 -2.3428e-01 -2.2041e+00 +5.4775e-02 -6.3976e-01 +1.7027e+00 +1.9990e+00 +2.0194e+00
331 +5.545829335e+00 +5.545829335e+00 -1.427541707e+02 -1.427541707e+02 +3.8525e+00 +1.5304e+00 -1.8581e+00 +4.4865e-01 -8.5933e-01 -6.5122e-01 -1.1206e+00 +2.0406e+00 -2.5366e-01 +2.8125e+00
3367 +3.832519146e+00 +3.832519146e+00 -1.444674809e+02 -1.444674809e+02 +3.7148e+00 +1.1832e+00 -1.8541e+00 +5.9072e-01 -9.8432e-01 -8.5396e-01 -1.4253e+00 +2.1331e+00 -6.0172e-01 +2.7394e+00
% function evaluation | noise-free fitness - Fopt (1.702000000000e+01) | best noise-free fitness - Fopt | measured fitness | best measured fitness | x1 | x2...
1 +2.113703388e+01 +2.113703388e+01 +3.815703388e+01 +3.815703388e+01 -1.3803e+00 -3.0630e+00 -3.1603e+00 +1.9857e+00 +1.1354e+00 -6.5900e-01 +3.7507e+00 +1.8864e+00 +1.8188e-01 -3.8044e-01
2 +1.237659400e+01 +1.237659400e+01 +2.939659400e+01 +2.939659400e+01 +3.7715e+00 +9.3500e-01 +3.8648e+00 +5.1883e-01 -6.1992e-01 -1.6449e+00 +3.3349e+00 +1.2511e-01 +3.8905e+00 +2.1489e+00
18 +8.003825971e+00 +8.003825971e+00 +2.502382597e+01 +2.502382597e+01 +2.0180e+00 -2.9871e+00 +4.7362e-01 -5.3702e-02 -9.2815e-01 -2.4118e+00 +2.0041e+00 +2.0318e+00 -1.2315e+00 +8.8619e-01
35 +5.954538251e+00 +5.954538251e+00 +2.297453825e+01 +2.297453825e+01 +1.9540e+00 -3.0293e+00 +4.4988e-01 -9.6173e-02 -9.9082e-01 -2.3232e+00 +2.0032e+00 +1.9592e+00 -1.2005e+00 +7.9232e-01
220 +3.751207165e+00 +3.751207165e+00 +2.077120716e+01 +2.077120716e+01 +3.2968e+00 +3.7602e-01 +1.9577e+00 -2.5426e+00 +1.0135e+00 -8.4888e-01 -6.4361e-02 -8.9162e-01 -2.7324e+00 +1.6958e+00
481 +2.472144912e+00 +2.472144912e+00 +1.949214491e+01 +1.949214491e+01 +3.2456e+00 +4.1143e-01 +2.4135e+00 -2.5413e+00 +1.1186e+00 -2.5416e+00 +7.3752e-02 -9.0359e-01 -2.7888e+00 +1.4030e+00
3763 +1.565967389e+00 +1.565967389e+00 +1.858596739e+01 +1.858596739e+01 +3.3410e+00 +1.2490e-01 +2.1013e+00 -2.6344e+00 +9.7539e-01 -2.3399e+00 -3.7587e-01 -9.8627e-01 -2.3490e+00 +1.6952e+00
7029 +9.922140654e-01 +9.922140654e-01 +1.801221407e+01 +1.801221407e+01 +2.8476e+00 -3.2219e-01 +2.3320e+00 -2.3832e+00 +1.2125e+00 -1.9494e+00 -8.5993e-01 -1.1235e+00 -2.4224e+00 +1.7081e+00
% function evaluation | noise-free fitness - Fopt (-2.202000000000e+02) | best noise-free fitness - Fopt | measured fitness | best measured fitness | x1 | x2...
1 +3.058820843e+01 +3.058820843e+01 -1.896117916e+02 -1.896117916e+02 +1.4380e+00 +1.2638e+00 +2.8057e+00 +2.8555e+00 +1.8005e+00 +2.4157e+00 +3.9027e+00 -2.4614e+00 +1.5561e+00 -2.9420e+00
2 +1.603087247e+01 +1.603087247e+01 -2.041691275e+02 -2.041691275e+02 -2.4658e+00 +3.5703e+00 +3.0931e+00 -1.3521e+00 -1.3379e+00 +1.2756e+00 +1.7207e+00 -1.5585e+00 -8.9829e-01 -1.7823e+00
5 +1.413861715e+01 +1.413861715e+01 -2.060613828e+02 -2.060613828e+02 +3.9517e+00 -1.7332e+00 -3.0263e-01 -3.6769e+00 -1.7186e+00 -1.9132e+00 -3.1140e+00 +3.9562e+00 +1.1472e+00 +1.1832e+00
7 +8.518531780e+00 +8.518531780e+00 -2.116814682e+02 -2.116814682e+02 -2.8611e+00 +2.7867e+00 -2.1258e+00 -2.1461e+00 -1.9839e+00 -3.3889e+00 -2.9173e+00 -1.8632e+00 -3.9636e+00 -2.7785e+00
33 +5.731450573e+00 +5.731450573e+00 -2.144685494e+02 -2.144685494e+02 -2.0860e+00 +2.7994e+00 -2.0771e+00 +2.1758e+00 +3.8581e-01 -3.1966e+00 -2.7816e+00 -2.7375e+00 -3.3123e+00 -2.6332e+00
557 +3.846931782e+00 +3.846931782e+00 -2.163530682e+02 -2.163530682e+02 -2.0907e+00 +2.7233e+00 -2.1386e+00 +2.2605e+00 +5.2901e-01 -3.1067e+00 -2.6568e+00 -2.7995e+00 -3.2071e+00 -2.7020e+00
% function evaluation | noise-free fitness - Fopt (-2.041000000000e+01) | best noise-free fitness - Fopt | measured fitness | best measured fitness | x1 | x2...
1 +4.016649794e+01 +4.016649794e+01 +1.975649794e+01 +1.975649794e+01 +3.4659e+00 -2.3704e+00 +1.4051e-02 +2.2294e+00 -2.9522e+00 +2.1296e+00 -3.5583e+00 +2.1747e+00 -2.3724e+00 +1.2167e+00
2 +1.227287585e+01 +1.227287585e+01 -8.137124149e+00 -8.137124149e+00 -3.1815e+00 -2.5587e+00 +2.7767e+00 +1.1792e+00 +3.6980e+00 -1.0664e-02 -2.6913e+00 -8.7196e-01 +9.8556e-01 -2.0910e+00
25 +8.936697561e+00 +8.936697561e+00 -1.147330244e+01 -1.147330244e+01 -1.3188e+00 +1.0060e+00 +1.4247e+00 +3.1938e+00 +3.5690e+00 -7.7228e-01 +2.2067e+00 -5.1229e-01 -2.1419e+00 +1.7207e-01
388 +5.530244379e+00 +5.530244379e+00 -1.487975562e+01 -1.487975562e+01 +5.0493e-01 -2.5483e+00 -1.8405e+00 -1.5229e+00 +3.3224e+00 -2.6470e+00 -1.0522e+00 -1.4711e+00 +1.6500e+00 +2.7130e-01
2548 +3.965137837e+00 +3.965137837e+00 -1.644486216e+01 -1.644486216e+01 +6.2863e-01 -2.9443e+00 -2.0337e+00 -1.1434e+00 +3.2153e+00 -2.7911e+00 -1.0694e+00 -1.4680e+00 +1.5504e+00 +5.3058e-01
% function evaluation | noise-free fitness - Fopt (6.081000000000e+01) | best noise-free fitness - Fopt | measured fitness | best measured fitness | x1 | x2...
1 +5.434594745e+01 +5.434594745e+01 +1.151559475e+02 +1.151559475e+02 -3.3548e+00 +3.2907e+00 -1.4641e+00 +2.6523e+00 -2.2188e+00 -2.0160e+00 -1.8398e+00 +3.6734e+00 -3.7672e+00 -3.2747e+00
3 +2.576718765e+01 +2.576718765e+01 +8.657718765e+01 +8.657718765e+01 +6.7393e-01 +4.8955e-01 -1.8168e+00 -2.4646e+00 -2.9442e+00 -1.3759e+00 +2.5039e+00 -1.8420e+00 -1.3700e+00 -2.6261e+00
5 +8.752880353e+00 +8.752880353e+00 +6.956288035e+01 +6.956288035e+01 +2.5181e+00 -3.1659e+00 +2.3193e+00 +1.1431e-01 -2.6657e+00 -2.5083e+00 +1.3476e+00 -3.0670e+00 -4.6296e-01 +2.6631e+00
290 +5.609321153e+00 +5.609321153e+00 +6.641932115e+01 +6.641932115e+01 +2.3716e+00 -1.5979e+00 +2.1593e+00 +3.9276e-01 -2.5333e+00 -2.5313e+00 +7.2970e-01 -1.3555e+00 -2.7471e-01 +2.8762e+00
1068 +3.842346481e+00 +3.842346481e+00 +6.465234648e+01 +6.465234648e+01 +2.3497e+00 -1.5882e+00 +2.2587e+00 +3.0730e-01 -2.4855e+00 -2.4974e+00 +9.0109e-01 -1.1937e+00 -8.1914e-01 +3.0749e+00
% function evaluation | noise-free fitness - Fopt (-6.176300000000e+02) | best noise-free fitness - Fopt | measured fitness | best measured fitness | x1 | x2...
1 +3.863129262e+01 +3.863129262e+01 -5.789987074e+02 -5.789987074e+02 -1.7941e+00 +3.3758e+00 -3.7761e+00 -3.7519e+00 +7.6612e-01 +2.5351e-01 +3.4154e+00 +3.9292e+00 -6.3236e-01 -1.5585e-01
2 +6.735944910e+00 +6.735944910e+00 -6.108940551e+02 -6.108940551e+02 -2.6792e+00 -1.7824e+00 -6.5375e-01 -3.3565e+00 -8.6221e-01 -2.7318e-01 +1.7632e+00 -1.7625e+00 +3.1705e+00 +3.3073e+00
39 +6.097255936e+00 +6.097255936e+00 -6.115327441e+02 -6.115327441e+02 -2.7339e+00 -1.7666e+00 -6.6834e-01 -3.3805e+00 -9.4162e-01 -2.4791e-01 +1.7688e+00 -1.8042e+00 +3.2180e+00 +3.2243e+00
3882 +3.844173127e+00 +3.844173127e+00 -6.137858269e+02 -6.137858269e+02 +2.8587e+00 -1.4754e+00 -3.2963e+00 -2.7320e+00 -6.9815e-01 +2.7552e+00 +3.1896e-01 -1.4071e+00 +1.7432e+00 +3.2505e+00
