% function evaluation | noise-free fitness - Fopt (7.135000000000e+01) | best noise-free fitness - Fopt | measured fitness | best measured fitness | x1 | x2...
1 +8.209716904e+01 +8.209716904e+01 +1.534471690e+02 +1.534471690e+02 +1.6414e+00 -2.0157e+00 -8.0676e-01 +1.2459e+00 -2.8218e+00 +3.1767e-01 +1.1833e+00 -2.5913e+00 -2.1747e+00 -6.3440e-01 -1.4320e+00 -3.0652e+00 -3.6349e+00 -2.9905e+00 +2.5650e+00 -2.1245e+00 +3.5932e+00 -3.1944e+00 +2.0780e+00 +3.9255e+00
11 +5.307506587e+01 +5.307506587e+01 +1.244250659e+02 +1.244250659e+02 -3.5113e+00 -2.7956e+00 -7.7895e-01 +2.0846e+00 -5.7650e-01 +1.9280e+00 -3.7910e+00 +3.9171e+00 -1.8105e-01 +3.1846e+00 -7.8315e-01 -2.6308e-01 -1.0768e+00 -1.0878e+00 +3.1608e+00 -1.6797e+00 +3.2775e+00 +2.7300e+00 -3.7386e+00 -2.3959e+00
96 +3.648845420e+01 +3.648845420e+01 +1.078384542e+02 +1.078384542e+02 -1.3265e+00 -2.7602e+00 +3.3209e+00 -1.6131e+00 +6.5936e-01 -3.4036e+00 +1.3281e+00 +2.9366e+00 +2.7116e+00 -3.3589e+00 -3.6184e+00 -2.3833e-01 -3.0977e+00 -5.7320e-01 -6.1628e-01 -2.7166e+00 +3.7721e+00 -7.6462e-01 +2.4695e+00 +6.5681e-01
1062 +2.440165043e+01 +2.440165043e+01 +9.575165043e+01 +9.575165043e+01 -3.5154e+00 -2.7935e+00 -5.8738e-01 +2.1352e+00 -2.7057e-01 +1.9922e+00 -3.6777e+00 +3.6307e+00 -1.8127e-01 +3.3264e+00 -1.1167e+00 -4.1198e-01 -1.0556e+00 -1.4380e+00 +2.9336e+00 -1.5089e+00 +3.4269e+00 +2.7998e+00 -3.5481e+00 -2.5600e+00
3306 +1.492652552e+01 +1.492652552e+01 +8.627652552e+01 +8.627652552e+01 -3.3770e+00 -2.5902e+00 -5.4825e-01 +2.4160e+00 -1.5862e-01 +2.0099e+00 -4.2079e+00 +3.7840e+00 -4.5975e-01 +3.4193e+00 -7.0752e-01 -7.4501e-01 -1.0581e+00 -1.5508e+00 +2.8454e+00 -1.7652e+00 +3.2592e+00 +2.8556e+00 -3.9882e+00 -2.7162e+00
4097 +8.782565846e+00 +8.782565846e+00 +8.013256585e+01 +8.013256585e+01 -3.5221e+00 -2.4952e+00 -5.5402e-01 +2.5978e+00 -1.0979e-01 +2.0911e+00 -4.1740e+00 +3.9103e+00 -5.1981e-01 +3.5110e+00 -6.3541e-01 -6.9354e-01 -9.6239e-01 -1.6404e+00 +2.9665e+00 -2.0025e+00 +3.1316e+00 +2.8642e+00 -3.9700e+00 -2.9385e+00
7716 +5.720923656e+00 +5.720923656e+00 +7.707092366e+01 +7.707092366e+01 -3.3987e+00 -2.5725e+00 -2.1508e-01 +3.1264e+00 -6.6177e-02 +2.3760e+00 -4.3587e+00 +4.0081e+00 -1.6231e-01 +3.2797e+00 -9.0920e-01 -7.3437e-01 -1.0494e+00 -1.8070e+00 +2.6262e+00 -2.0809e+00 +3.0940e+00 +3.2202e+00 -4.0511e+00 -2.8041e+00
11778 +3.798486070e+00 +3.798486070e+00 +7.514848607e+01 +7.514848607e+01 -3.5541e+00 -2.6977e+00 +2.5692e-02 +3.2178e+00 +5.4881e-01 +2.2710e+00 -4.4649e+00 +4.2192e+00 -2.9819e-01 +3.2444e+00 -3.8198e-01 -8.5438e-01 -1.3421e+00 -2.0444e+00 +2.9554e+00 -1.9274e+00 +2.7999e+00 +3.5613e+00 -3.8607e+00 -3.0286e+00
16043 +2.406920541e+00 +2.406920541e+00 +7.375692054e+01 +7.375692054e+01 -3.8602e+00 -2.6318e+00 +1.3800e-01 +3.1669e+00 +4.3116e-01 +2.4889e+00 -4.4478e+00 +4.3685e+00 -2.6264e-01 +3.5001e+00 -2.9234e-01 -5.8689e-01 -1.8122e+00 -1.8808e+00 +2.6952e+00 -1.6245e+00 +3.5281e+00 +3.2627e+00 -3.8326e+00 -2.9517e+00
24460 +1.030892762e+00 +1.030892762e+00 +7.238089276e+01 +7.238089276e+01 -3.5357e+00 -2.9377e+00 -1.6927e-02 +2.9687e+00 +7.6148e-01 +2.5806e+00 -4.2468e+00 +4.1714e+00 -3.0514e-01 +3.9177e+00 -1.5994e-01 -4.2351e-01 -1.7353e+00 -1.8855e+00 +2.6627e+00 -1.5675e+00 +3.4860e+00 +3.2133e+00 -3.8962e+00 -2.7683e+00
% function evaluation | noise-free fitness - Fopt (-3.552200000000e+02) | best noise-free fitness - Fopt | measured fitness | best measured fitness | x1 | x2...
1 +8.252080691e+01 +8.252080691e+01 -2.726991931e+02 -2.726991931e+02 +1.2629e+00 -7.9162e-01 -2.9596e+00 +3.6043e-01 -3.4096e+00 +3.6502e+00 +1.4190e+00 -3.1393e+00 -8.3040e-01 -2.2030e+00 +3.1224e-01 -7.1844e-01 -3.9398e-01 -1.4474e+00 -3.4196e+00 +8.2354e-01 -1.7938e+00 +3.3798e+00 -3.2548e+00 +3.4681e+00
5 +6.116986014e+01 +6.116986014e+01 -2.940501399e+02 -2.940501399e+02 +2.8523e+00 -9.6123e-01 -2.6536e+00 +3.8760e-02 -3.5651e+00 +3.9037e+00 -1.0506e+00 +1.4820e+00 +4.8647e-01 -3.1748e+00 -2.9885e+00 +1.9903e+00 +2.6591e+00 +2.2767e+00 -1.1472e+00 -3.2898e+00 +3.7587e+00 -2.3743e+00 -2.1337e+00 +6.6070e-01
50 +3.975522851e+01 +3.975522851e+01 -3.154647715e+02 -3.154647715e+02 +1.6636e+00 +2.8774e+00 -1.2746e+00 +1.3284e+00 -1.0838e+00 -1.5396e+00 -9.1432e-01 +1.4479e-01 +1.8489e+00 -2.0221e+00 -3.5919e+00 -1.3468e+00 -3.5191e+00 -4.3613e-01 -9.2129e-01 +1.5993e-01 +2.1938e+00 +2.0933e+00 -2.3731e+00 +1.8412e-01
817 +2.486507343e+01 +2.486507343e+01 -3.303549266e+02 -3.303549266e+02 +2.6341e+00 +1.1586e+00 +7.7276e-01 +7.1071e-01 +5.5388e-01 +2.0728e+00 +2.2692e+00 +3.7545e-01 +1.0555e+00 +1.1968e-01 -1.4653e+00 +3.8493e-01 +3.5174e+00 -2.5825e+00 +1.3640e+00 -3.9951e+00 -1.9314e+00 +1.6935e+00 +4.0404e+00 -1.1988e+00
1923 +1.284785875e+01 +1.284785875e+01 -3.423721413e+02 -3.423721413e+02 +2.8993e+00 +1.1480e+00 +7.7464e-01 +9.1523e-01 +5.8733e-01 +2.1780e+00 +2.3578e+00 +2.5899e-01 +9.8005e-01 +1.0826e-01 -1.4962e+00 +3.5346e-01 +3.5214e+00 -2.4677e+00 +1.2125e+00 -4.2258e+00 -1.6937e+00 +1.6611e+00 +4.1898e+00 -9.7481e-01
3839 +9.786822007e+00 +9.786822007e+00 -3.454331780e+02 -3.454331780e+02 +2.7184e+00 +1.1574e+00 +7.5867e-01 +8.9451e-01 +5.2949e-01 +2.2425e+00 +2.5877e+00 -1.4584e-01 +8.2512e-01 +3.6006e-01 -1.5222e+00 +2.6988e-01 +3.3863e+00 -2.3354e+00 +1.2778e+00 -4.1362e+00 -1.2786e+00 +1.6906e+00 +4.2848e+00 -9.2978e-01
11422 +6.091781692e+00 +6.091781692e+00 -3.491282183e+02 -3.491282183e+02 -8.7478e-01 +2.0136e+00 +2.6109e-02 +1.5192e+00 -2.7434e+00 +2.2488e+00 -2.7457e+00 -1.3131e+00 +1.0427e+00 +2.2169e+00 -7.4644e-01 +1.9314e+00 -1.0128e-01 +1.5539e+00 +3.4564e+00 +1.4582e+00 +3.9727e-01 +1.2389e+00 +3.3337e+00 +2.9427e+00
17486 +3.881750201e+00 +3.881750201e+00 -3.513382498e+02 -3.513382498e+02 -7.5983e-01 +2.0142e+00 +4.2753e-01 +1.4561e+00 -2.7201e+00 +2.1010e+00 -3.0131e+00 -1.5979e+00 +1.2714e+00 +2.4498e+00 -4.2100e-01 +1.7019e+00 +4.5166e-02 +1.3354e+00 +3.5809e+00 +1.5953e+00 +2.0228e-01 +1.2392e+00 +3.4516e+00 +2.8745e+00
25824 +2.154935983e+00 +2.154935983e+00 -3.530650640e+02 -3.530650640e+02 +2.8594e+00 +1.1543e+00 +8.0950e-01 +1.2072e+00 +2.7305e-01 +2.1329e+00 +2.7381e+00 -3.7964e-02 +2.0203e-01 +6.4644e-02 -1.8171e+00 -6.7149e-01 +3.6283e+00 -3.0086e+00 +1.0961e+00 -4.3095e+00 -6.9288e-01 +7.0539e-01 +4.4118e+00 -8.7481e-01
% function evaluation | noise-free fitness - Fopt (9.917000000000e+01) | best noise-free fitness - Fopt | measured fitness | best measured fitness | x1 | x2...
1 +9.253984245e+01 +9.253984245e+01 +1.917098424e+02 +1.917098424e+02 +3.0287e+00 -2.9078e-01 +3.3839e+00 +3.4394e+00 -2.4723e+00 +8.1998e-02 +3.0396e+00 -1.8535e+00 +3.9390e+00 -1.5333e+00 -1.9184e+00 -8.4290e-01 -3.3733e-01 -3.5634e-01 +1.1966e+00 -1.6362e+00 +2.9740e+00 -2.6825e+00 -9.9152e-02 -2.2483e+00
6 +6.214304435e+01 +6.214304435e+01 +1.613130444e+02 +1.613130444e+02 +4.0469e-01 -5.0974e-01 -3.9541e+00 -3.1221e+00 +3.2043e+00 +2.4405e+00 -3.1456e+00 -1.7391e+00 -1.1441e+00 +2.7415e+00 +3.2917e+00 -9.7960e-01 -1.5723e+00 -2.7514e+00 -3.1540e+00 +2.5647e+00 -2.7126e-01 -2.9207e-01 +3.2185e+00 -5.6895e-01
70 +3.887257247e+01 +3.887257247e+01 +1.380425725e+02 +1.380425725e+02 +3.7808e+00 -1.0027e+00 +5.9050e-01 -1.3658e+00 -1.8670e+00 -3.0936e-01 +2.4243e+00 +3.2787e+00 +4.4180e-01 -2.4097e+00 -3.8074e+00 -1.5179e+00 -7.9024e-01 -3.7994e+00 -2.9624e+00 -2.0003e+00 -1.8572e+00 +1.8119e+00 -8.3794e-01 +2.6636e+00
206 +2.356676879e+01 +2.356676879e+01 +1.227367688e+02 +1.227367688e+02 +3.6859e+00 -9.9444e-01 +5.0899e-01 -1.3907e+00 -1.8476e+00 -3.5387e-01 +2.3487e+00 +3.2372e+00 +4.7427e-01 -2.3972e+00 -3.6435e+00 -1.3734e+00 -7.4168e-01 -3.8356e+00 -3.1368e+00 -1.9921e+00 -1.6937e+00 +1.9061e+00 -7.7972e-01 +2.6376e+00
1006 +1.561174502e+01 +1.561174502e+01 +1.147817450e+02 +1.147817450e+02 +3.7654e+00 -1.0849e+00 +4.5417e-01 -1.3685e+00 -1.7635e+00 -4.9518e-01 +2.5000e+00 +3.2078e+00 +3.1555e-01 -2.5985e+00 -3.6270e+00 -1.3681e+00 -7.0489e-01 -3.6978e+00 -3.1971e+00 -2.0971e+00 -1.8005e+00 +1.7157e+00 -7.4674e-01 +2.7097e+00
7172 +9.521913663e+00 +9.521913663e+00 +1.086919137e+02 +1.086919137e+02 +3.3470e+00 -9.4583e-01 +7.0686e-02 -1.2472e+00 -1.3982e+00 -4.9687e-01 +2.2759e+00 +2.9503e+00 +6.5913e-01 -2.2039e+00 -2.8807e+00 -1.6062e+00 -8.6337e-01 -3.2714e+00 -3.0711e+00 -2.5717e+00 -1.3959e+00 +1.4569e+00 -7.3571e-01 +3.2191e+00
12152 +4.768229130e+00 +4.768229130e+00 +1.039382291e+02 +1.039382291e+02 +3.4331e+00 -5.9635e-01 +1.6092e-01 -9.0066e-01 -1.4967e+00 -2.2884e-01 +2.2199e+00 +2.8728e+00 +5.4886e-01 -2.2751e+00 -2.2833e+00 -1.4957e+00 -1.0226e+00 -3.1480e+00 -2.9558e+00 -2.7808e+00 -1.2043e+00 +1.5209e+00 -9.6654e-01 +3.4367e+00
19058 +3.655490393e+00 +3.655490393e+00 +1.028254904e+02 +1.028254904e+02 +1.8259e+00 -1.8962e+00 -2.9836e+00 -3.5384e+00 +3.0438e+00 -3.0348e+00 +3.4369e+00 -6.6605e-01 +2.2706e+00 +1.6311e+00 +1.6971e+00 -3.1950e+00 -2.0415e+00 -3.6029e+00 +3.4622e+00 -2.0008e+00 +1.8389e+00 -1.6625e+00 -3.0993e+00 +5.9991e-01
% function evaluation | noise-free fitness - Fopt (-5.179100000000e+02) | best noise-free fitness - Fopt | measured fitness | best measured fitness | x1 | x2...
1 +7.992357538e+01 +7.992357538e+01 -4.379864246e+02 -4.379864246e+02 +3.0744e+00 -8.3461e-01 -1.1716e+00 -1.5505e+00 -1.8779e+00 -2.2826e+00 -1.9710e+00 -3.1089e-01 -2.7471e+00 +3.0785e+00 -2.8113e+00 -3.7423e+00 +2.4067e+00 +3.8867e-01 +3.8197e+00 -3.1430e+00 -3.0770e+00 -1.7997e+00 -2.9178e+00 +3.1603e+00
8 +5.749149644e+01 +5.749149644e+01 -4.604185036e+02 -4.604185036e+02 -1.0607e+00 -3.0272e+00 -5.9688e-01 -2.6041e+00 +3.8216e+00 +1.5269e+00 -3.2604e+00 -3.8310e+00 -2.6332e+00 +3.8442e+00 +2.9427e+00 +3.6372e+00 -2.5545e+00 -2.8917e+00 -3.9431e+00 +2.3572e+00 +4.1359e-01 +2.0064e+00 +3.0661e+00 +1.8068e+00
46 +3.757551815e+01 +3.757551815e+01 -4.803344819e+02 -4.803344819e+02 +2.9502e+00 -1.7579e-01 -1.5336e+00 -1.5269e+00 -3.0079e+00 -2.0700e+00 -3.5484e+00 -3.3178e+00 -1.3515e+00 +2.6342e+00 -2.4429e+00 -1.4106e+00 +1.7837e+00 +3.4545e-01 +5.0657e-01 -8.5494e-02 -3.2668e+00 -3.2555e+00 +6.4901e-01 -1.6209e+00
478 +2.361635775e+01 +2.361635775e+01 -4.942936423e+02 -4.942936423e+02 +2.8287e+00 -2.4573e-01 -1.4763e+00 -1.5222e+00 -2.9144e+00 -1.9464e+00 -3.5828e+00 -3.4894e+00 -1.2451e+00 +2.5696e+00 -2.7327e+00 -1.2381e+00 +1.9506e+00 +1.9774e-01 +4.7111e-01 +1.5277e-01 -3.2192e+00 -3.2711e+00 +7.1244e-01 -1.7513e+00
3407 +1.583396900e+01 +1.583396900e+01 -5.020760310e+02 -5.020760310e+02 -2.8279e+00 -2.6434e+00 +1.5481e+00 -6.5442e-02 -9.1656e-02 -1.2618e+00 -3.2494e+00 +9.6321e-02 +1.9734e+00 +3.5502e+00 +1.1602e+00 -6.5644e-01 +1.0595e+00 +2.2732e+00 -1.0423e+00 -2.4184e+00 -1.5152e+00 +2.4541e+00 +1.3176e+00 -2.0277e+00
5568 +9.694033546e+00 +9.694033546e+00 -5.082159665e+02 -5.082159665e+02 -2.4253e+00 -2.6526e+00 +1.5289e+00 -6.6037e-02 -3.3063e-01 -1.2084e+00 -3.1668e+00 +6.8064e-01 +2.0786e+00 +3.7868e+00 +1.2471e+00 -8.9156e-01 +8.2223e-01 +2.3028e+00 -6.9847e-01 -2.5673e+00 -1.4018e+00 +2.4804e+00 +1.3167e+00 -2.0368e+00
10221 +6.102179494e+00 +6.102179494e+00 -5.118078205e+02 -5.118078205e+02 -2.3889e+00 -2.6834e+00 +1.5318e+00 -9.1732e-02 -2.3545e-01 -1.4926e+00 -3.3328e+00 +8.7324e-01 +2.3422e+00 +3.6844e+00 +1.1711e+00 -4.6968e-01 +6.1307e-01 +2.4527e+00 -9.0269e-01 -2.3783e+00 -1.4402e+00 +2.7984e+00 +1.5619e+00 -2.0942e+00
% function evaluation | noise-free fitness - Fopt (-5.721000000000e+01) | best noise-free fitness - Fopt | measured fitness | best measured fitness | x1 | x2...
1 +5.479827210e+01 +5.479827210e+01 -2.411727897e+00 -2.411727897e+00 -2.8332e+00 +2.6300e+00 -2.0823e+00 -3.5113e+00 +3.4990e+00 +5.3846e-02 -2.7894e+00 -9.8991e-01 -1.6697e+00 +1.1899e+00 +3.1903e+00 -3.2621e+00 -1.4846e+00 -1.0668e+00 +2.4798e+00 +7.9905e-01 -3.1204e+00 -3.4948e+00 -3.8776e+00 +3.8406e+00
13 +3.680847808e+01 +3.680847808e+01 -2.040152192e+01 -2.040152192e+01 +1.0118e+00 +2.5884e-01 -3.3406e+00 +3.5898e+00 -3.8101e+00 +3.2666e+00 -1.8624e+00 +3.2638e+00 -1.4026e+00 +1.0814e+00 +4.8361e-01 +8.7868e-01 +1.8258e+00 +2.9923e+00 +5.6399e-01 -3.2756e+00 +2.9059e+00 +1.3331e+00 -1.6703e+00 -9.7112e-01
804 +2.431164685e+01 +2.431164685e+01 -3.289835315e+01 -3.289835315e+01 +1.0534e+00 +3.6989e-01 -3.3491e+00 +3.7387e+00 -3.4542e+00 +3.5485e+00 -1.8595e+00 +3.0411e+00 -1.5149e+00 +1.2031e+00 +1.9630e-01 +9.3812e-01 +1.8322e+00 +2.8803e+00 +4.7646e-01 -3.2210e+00 +3.0450e+00 +1.1888e+00 -1.6513e+00 -1.0289e+00
3664 +1.563327150e+01 +1.563327150e+01 -4.157672850e+01 -4.157672850e+01 +2.4673e+00 -2.4898e+00 +1.1712e+00 +3.1728e+00 -1.6370e+00 +3.2454e+00 -4.0971e-01 +2.5830e+00 -1.1908e+00 -8.6231e-01 -1.8535e+00 -2.0873e+00 +3.2442e+00 +2.0596e+00 -1.8853e+00 +4.6568e+00 +3.5527e+00 -1.3066e+00 +3.6389e+00 -1.8053e+00
7025 +9.583043064e+00 +9.583043064e+00 -4.762695694e+01 -4.762695694e+01 -3.5771e+00 +1.9905e+00 +2.8078e+00 -2.2675e+00 -3.1039e+00 -2.2041e+00 +3.4970e+00 -3.8417e+00 -2.1662e-01 -3.2847e-01 -3.7863e+00 +3.6404e-01 +2.9925e+00 -1.8328e+00 -8.9602e-01 +1.6691e+00 +1.9162e+00 -1.3713e+00 -1.3652e+00 -3.5162e+00
14594 +5.979800501e+00 +5.979800501e+00 -5.123019950e+01 -5.123019950e+01 -3.2199e+00 +1.4111e+00 +2.8636e+00 -1.8032e+00 -3.1434e+00 -2.0362e+00 +3.5682e+00 -3.5786e+00 -6.9835e-02 -4.1599e-01 -3.4576e+00 +4.0783e-01 +3.1950e+00 -1.7881e+00 -6.2787e-01 +1.2685e+00 +1.9339e+00 -1.6261e+00 -1.4416e+00 -3.6309e+00
29723 +3.818444541e+00 +3.818444541e+00 -5.339155546e+01 -5.339155546e+01 +2.0246e+00 -2.1209e+00 +8.4283e-01 +2.5364e+00 -9.7324e-01 +2.8693e+00 +1.0271e+00 +1.7162e+00 +2.0848e-01 -1.7536e-01 -1.3334e+00 -1.5755e+00 +2.2299e+00 +1.4870e+00 -1.6770e+00 +5.3571e+00 +3.7161e+00 -1.6511e+00 +3.9142e+00 -1.8046e+00
% function evaluation | noise-free fitness - Fopt (6.770000000000e+00) | best noise-free fitness - Fopt | measured fitness | best measured fitness | x1 | x2...
1 +6.392230156e+01 +6.392230156e+01 +7.069230156e+01 +7.069230156e+01 +1.1915e+00 +3.8659e+00 -3.2254e+00 -3.8205e+00 -2.0498e+00 +5.7706e-01 +2.9667e+00 +3.1136e+00 -3.7499e+00 +6.6666e-01 -6.8178e-01 -2.9607e+00 +1.6313e+00 -3.9619e+00 -1.7553e+00 -3.7006e-01 -2.1164e+00 +1.5366e+00 -1.6464e+00 -3.3433e+00
8 +5.574491035e+01 +5.574491035e+01 +6.251491035e+01 +6.251491035e+01 -2.5471e+00 -2.8732e+00 -8.7727e-01 -1.6003e+00 -2.8162e+00 -2.9723e+00 -2.9290e+00 -1.0540e+00 -1.1493e+00 -3.7216e+00 -2.6792e+00 -2.6877e+00 +2.4204e+00 +2.8154e+00 +8.7017e-01 -2.2327e-01 -3.7564e+00 +1.6668e+00 -4.8532e-01 +2.0002e+00
57 +3.566600384e+01 +3.566600384e+01 +4.243600384e+01 +4.243600384e+01 -1.0770e+00 +7.6262e-01 -1.2147e+00 +2.0391e-01 +1.7015e+00 +2.1818e+00 +1.8541e+00 -2.2816e+00 +2.2034e-02 -2.5645e+00 +3.7899e-01 -2.7809e+00 +1.5285e-01 +3.3020e+00 +2.3414e+00 -2.4835e+00 +2.5020e+00 -3.9248e+00 +9.8506e-01 +2.4914e-01
478 +2.416772535e+01 +2.416772535e+01 +3.093772535e+01 +3.093772535e+01 -9.0406e-01 +5.3990e-01 -1.2984e+00 +2.4658e-01 +1.6232e+00 +2.0956e+00 +1.9937e+00 -2.1923e+00 -1.3341e-01 -2.4802e+00 +3.8544e-01 -2.9668e+00 +1.1674e-01 +3.4479e+00 +2.4255e+00 -2.4081e+00 +2.7131e+00 -3.8971e+00 +9.8636e-01 +3.1779e-01
859 +1.370090550e+01 +1.370090550e+01 +2.047090550e+01 +2.047090550e+01 -1.2708e+00 +6.1803e-01 -1.1805e+00 +3.3316e-01 +1.8504e+00 +2.3279e+00 +1.8547e+00 -2.3231e+00 +4.8403e-03 -2.3287e+00 +3.9966e-01 -2.9860e+00 +4.5788e-02 +3.3666e+00 +2.5911e+00 -2.3102e+00 +2.4145e+00 -3.9578e+00 +1.2384e+00 +5.9619e-01
1140 +9.713795342e+00 +9.713795342e+00 +1.648379534e+01 +1.648379534e+01 -1.2424e+00 +5.5377e-01 -1.1496e+00 +4.2249e-01 +1.8724e+00 +2.4026e+00 +1.8468e+00 -2.2721e+00 +6.0102e-02 -2.2256e+00 +2.9084e-01 -3.0256e+00 -8.6163e-03 +3.4467e+00 +2.6595e+00 -2.3977e+00 +2.4797e+00 -3.9553e+00 +1.2914e+00 +5.1836e-01
16230 +5.996079937e+00 +5.996079937e+00 +1.276607994e+01 +1.276607994e+01 -1.4094e+00 -5.6176e-01 -7.0845e-01 -6.7467e-02 +2.0792e+00 +2.1310e+00 +2.5738e+00 -1.8186e+00 +1.7962e-01 -3.0055e+00 +6.5035e-01 -2.5189e+00 -3.9404e-01 +2.9725e+00 +3.4093e+00 -1.8622e+00 +2.6049e+00 -3.5708e+00 +1.3119e+00 +8.4784e-01
% function evaluation | noise-free fitness - Fopt (-1.078000000000e+01) | best noise-free fitness - Fopt | measured fitness | best measured fitness | x1 | x2...
1 +4.959716787e+01 +4.959716787e+01 +3.881716787e+01 +3.881716787e+01 +2.5351e+00 +2.2320e+00 -2.5469e+00 -6.0579e-01 +6.4259e-02 -1.2770e+00 -1.0773e+00 -2.0994e+00 -2.6026e+00 -8.6995e-01 -3.0022e+00 -2.7040e+00 -1.2630e+00 -1.6159e-01 -2.6433e+00 +1.7091e+00 -2.3617e+00 -3.4204e+00 -2.9902e+00 -3.7942e+00
84 +3.538739105e+01 +3.538739105e+01 +2.460739105e+01 +2.460739105e+01 +3.6908e+00 -1.1094e+00 +3.0380e+00 +6.4800e-01 -2.4015e+00 +1.9661e-01 +1.4142e+00 +1.7037e+00 +1.7380e+00 +4.5888e-01 +3.2881e-01 +2.8340e+00 -1.7271e+00 +1.9204e+00 -2.5563e+00 +3.3976e+00 +7.1456e-01 -1.2156e-01 +3.4367e+00 +2.0467e+00
347 +2.444559139e+01 +2.444559139e+01 +1.366559139e+01 +1.366559139e+01 +3.7527e+00 -1.0771e+00 +2.9616e+00 +7.7114e-01 -2.4845e+00 -3.6341e-02 +1.1548e+00 +1.6557e+00 +1.9097e+00 +4.5404e-01 +3.3818e-01 +2.6909e+00 -1.6954e+00 +1.8060e+00 -2.4666e+00 +3.4837e+00 +6.8950e-01 -2.2928e-01 +3.5118e+00 +2.0456e+00
1992 +1.579193195e+01 +1.579193195e+01 +5.011931949e+00 +5.011931949e+00 +3.9874e+00 -9.7587e-01 +3.1114e+00 +9.7579e-01 -2.2089e+00 +8.4234e-02 +1.0948e+00 +1.6297e+00 +1.8682e+00 +5.4429e-01 +4.8300e-01 +2.8567e+00 -1.7058e+00 +1.7695e+00 -2.5859e+00 +3.4088e+00 +8.5039e-01 -3.7892e-01 +3.3169e+00 +2.3671e+00
4873 +9.828639385e+00 +9.828639385e+00 -9.513606148e-01 -9.513606148e-01 +4.3488e+00 -8.5559e-01 +3.5510e+00 +8.8023e-01 -2.1616e+00 -9.1992e-03 +1.0318e+00 +1.4685e+00 +2.2136e+00 +8.6078e-01 +4.3522e-01 +2.7954e+00 -1.7343e+00 +1.8458e+00 -2.4682e+00 +3.6060e+00 +1.3157e+00 -6.7474e-01 +3.2302e+00 +2.4920e+00
11250 +5.993089374e+00 +5.993089374e+00 -4.786910626e+00 -4.786910626e+00 -3.3816e+00 +1.8542e+00 +2.0376e+00 +2.8157e+00 -6.5118e-01 -2.0165e+00 -3.7095e+00 -4.1679e+00 +3.0875e+00 +6.5031e-01 +2.5241e+00 -3.6504e+00 +1.9971e+00 +2.2052e+00 +1.0235e+00 +1.6482e+00 +2.5981e+00 +4.2100e+00 +2.7009e+00 +1.5829e-01
18271 +3.781065748e+00 +3.781065748e+00 -6.998934252e+00 -6.998934252e+00 -3.3517e+00 +2.0930e+00 +2.3712e+00 +2.9779e+00 -9.4406e-01 -2.2211e+00 -3.9741e+00 -4.4228e+00 +3.8411e+00 +4.6053e-01 +2.6828e+00 -3.7505e+00 +1.8757e+00 +2.5509e+00 +6.5440e-01 +1.7338e+00 +2.6851e+00 +3.9993e+00 +2.4888e+00 +5.5941e-01
% function evaluation | noise-free fitness - Fopt (-1.645900000000e+02) | best noise-free fitness - Fopt | measured fitness | best measured fitness | x1 | x2...
1 +6.995370140e+01 +6.995370140e+01 -9.463629860e+01 -9.463629860e+01 +1.7358e+00 -3.9147e+00 +7.3774e-01 -2.8558e+00 -2.4462e+00 -2.1546e+00 +2.4413e+00 +5.9643e-01 +7.0823e-01 +3.6400e+00 -2.3897e+00 -1.2530e+00 +3.9264e+00 +2.7081e+00 +9.3147e-01 -2.4112e+00 -1.0080e+00 +2.5260e+00 -1.7429e-01 +7.5286e-01
7 +6.024277363e+01 +6.024277363e+01 -1.043472264e+02 -1.043472264e+02 +2.2420e+00 -3.3285e-01 -2.6487e+00 -1.1583e+00 -1.6189e+00 +3.2753e+00 +1.6034e+00 +1.1218e+00 -2.0091e+00 +3.9860e+00 +5.4254e-01 +1.1290e+00 +3.9893e+00 -6.7770e-01 -8.5107e-01 +3.8164e+00 +1.9419e+00 +2.2725e+00 +2.0886e+00 +3.4036e+00
14 +3.420575984e+01 +3.420575984e+01 -1.303842402e+02 -1.303842402e+02 +3.5596e+00 +1.6406e+00 +2.0227e+00 -2.7620e+00 -3.0472e-01 +3.4328e-01 +2.2015e+00 -2.9950e+00 +8.9121e-01 +2.6666e+00 -6.6647e-01 -2.7677e+00 +2.7172e+00 -3.2807e+00 +2.4312e+00 +7.5551e-01 -1.4244e-01 -3.8941e+00 +3.7896e+00 +3.3146e+00
295 +2.422863807e+01 +2.422863807e+01 -1.403613619e+02 -1.403613619e+02 +3.4612e+00 +1.6793e+00 +2.1004e+00 -2.7307e+00 -1.8515e-01 +3.1317e-01 +2.2672e+00 -3.0309e+00 +8.6091e-01 +2.6764e+00 -6.0182e-01 -2.7371e+00 +2.7360e+00 -3.3329e+00 +2.5584e+00 +5.4615e-01 -9.3847e-02 -3.9562e+00 +3.8806e+00 +3.3121e+00
944 +1.324241136e+01 +1.324241136e+01 -1.513475886e+02 -1.513475886e+02 +3.1512e+00 +1.9082e+00 +2.2596e+00 -2.8179e+00 -2.5835e-01 +2.8641e-01 +2.1782e+00 -2.9614e+00 +8.7203e-01 +2.8107e+00 -7.0674e-01 -2.8221e+00 +2.7890e+00 -3.3656e+00 +2.6360e+00 +3.1309e-01 -4.0091e-02 -3.8696e+00 +3.9456e+00 +3.3366e+00
5473 +9.779987833e+00 +9.779987833e+00 -1.548100122e+02 -1.548100122e+02 +3.4170e+00 +2.5064e+00 +2.4305e+00 -2.5844e+00 -4.7855e-01 +7.4656e-01 +1.9827e+00 -2.6620e+00 +4.3664e-01 +3.1488e+00 -3.3058e-01 -2.7341e+00 +3.0779e+00 -3.5334e+00 +2.5973e+00 +1.6352e-03 +8.3965e-02 -3.6618e+00 +3.9821e+00 +2.8936e+00
14147 +6.061301144e+00 +6.061301144e+00 -1.585286989e+02 -1.585286989e+02 +3.8896e+00 +2.7001e+00 +2.0329e+00 -2.4251e+00 -4.8089e-01 +6.5352e-01 +1.8697e+00 -2.1538e+00 +5.8321e-01 +3.2609e+00 -1.8239e-01 -2.6769e+00 +2.8930e+00 -3.5115e+00 +2.1993e+00 -2.1644e-01 +7.1195e-01 -3.4890e+00 +3.8245e+00 +2.9066e+00
17806 +3.865137068e+00 +3.865137068e+00 -1.607248629e+02 -1.607248629e+02 +3.9301e+00 +2.6496e+00 +1.4938e+00 -2.4338e+00 -7.9587e-01 +1.1770e+00 +2.2650e+00 -1.9216e+00 +5.0492e-01 +3.1442e+00 +2.6397e-02 -3.1076e+00 +2.7771e+00 -3.6805e+00 +2.3572e+00 -5.9860e-01 +6.2283e-01 -3.7294e+00 +4.0737e+00 +2.7405e+00
21828 +2.283258075e+00 +2.283258075e+00 -1.623067419e+02 -1.623067419e+02 +3.6791e+00 +2.6662e+00 +1.7706e+00 -2.6432e+00 -9.6761e-01 +1.0099e+00 +2.0764e+00 -2.0688e+00 +6.5737e-01 +3.0433e+00 +1.9276e-01 -3.1874e+00 +2.7265e+00 -3.6645e+00 +2.1251e+00 -7.7082e-01 +7.8547e-01 -3.7691e+00 +3.7578e+00 +2.7814e+00
% function evaluation | noise-free fitness - Fopt (-1.429800000000e+02) | best noise-free fitness - Fopt | measured fitness | best measured fitness | x1 | x2...
1 +8.683638852e+01 +8.683638852e+01 -5.614361148e+01 -5.614361148e+01 -9.0895e-01 +2.7959e+00 +2.1891e-01 -3.2456e+00 -2.8684e+00 -1.2180e+00 +2.4319e+00 +1.4663e+00 -2.2880e+00 -2.1582e+00 +3.2503e+00 -6.7857e-01 +6.9641e-01 +5.6184e-01 -3.1442e+00 +2.6272e+00 +3.9866e+00 +3.9493e+00 +1.7627e+00 -2.9982e+00
2 +6.011838713e+01 +6.011838713e+01 -8.286161287e+01 -8.286161287e+01 -5.4615e-01 -5.3551e-01 +1.2923e+00 +2.4233e+00 -1.7146e+00 +2.8161e+00 +3.3312e+00 -3.1011e+00 +1.8967e+00 +2.7266e+00 -1.5249e+00 -3.4381e+00 -2.7746e+00 -3.0072e-01 -1.1756e+00 -1.2891e+00 -6.2099e-01 -3.8030e+00 -7.7878e-01 -9.3135e-01
23 +3.737863138e+01 +3.737863138e+01 -1.056013686e+02 -1.056013686e+02 -1.6780e+00 +7.8545e-02 -4.8457e-01 +3.4733e+00 +1.9024e+00 -3.2652e+00 +3.3365e+00 -2.3496e+00 -1.2178e+00 +3.4365e-01 +3.8975e+00 -1.4823e+00 +3.2546e+00 +2.7572e+00 +3.9641e+00 -2.0556e+00 -8.2608e-01 -3.7054e+00 -2.9644e+00 +3.6389e+00
331 +2.117806018e+01 +2.117806018e+01 -1.218019398e+02 -1.218019398e+02 +1.0480e+00 +3.3458e+00 -1.0555e+00 +7.5681e-02 +2.2794e+00 +3.6815e+00 -2.8471e+00 +1.8164e+00 -7.2939e-01 -1.0732e+00 +2.2199e+00 -2.4858e+00 -3.3713e+00 -1.0431e+00 +3.9355e+00 -2.9053e+00 +1.7622e+00 +5.0334e-01 +6.6015e-01 -1.9981e+00
1737 +1.524114661e+01 +1.524114661e+01 -1.277388534e+02 -1.277388534e+02 +9.4683e-01 +3.2838e+00 -1.1130e+00 -7.4676e-02 +2.1469e+00 +3.6778e+00 -2.8401e+00 +2.0170e+00 -6.3335e-01 -1.0017e+00 +2.2001e+00 -2.6278e+00 -3.3123e+00 -1.2022e+00 +4.0786e+00 -2.9594e+00 +2.0269e+00 +6.2001e-01 +6.8591e-01 -2.2547e+00
4008 +9.785033974e+00 +9.785033974e+00 -1.331949660e+02 -1.331949660e+02 +8.9430e-01 +3.1740e+00 -9.0230e-01 +4.5225e-01 +2.0607e+00 +3.7789e+00 -2.5190e+00 +2.1439e+00 -7.5282e-01 -7.8616e-01 +2.2681e+00 -2.6745e+00 -3.1192e+00 -1.5309e+00 +4.2197e+00 -3.0975e+00 +2.0990e+00 +7.1659e-01 +8.4191e-01 -2.1760e+00
8626 +5.826831547e+00 +5.826831547e+00 -1.371531685e+02 -1.371531685e+02 -8.6325e-01 -5.5527e-01 -7.5179e-01 +3.4830e+00 +1.6803e+00 -3.9531e+00 +3.6337e+00 -2.5858e+00 -1.3005e+00 +5.7843e-01 +4.4333e+00 -1.4687e+00 +2.8847e+00 +2.8850e+00 +3.5020e+00 -2.2482e+00 -1.4186e+00 -3.7007e+00 -2.1327e+00 +3.5715e+00
% function evaluation | noise-free fitness - Fopt (2.468600000000e+02) | best noise-free fitness - Fopt | measured fitness | best measured fitness | x1 | x2...
1 +9.835326499e+01 +9.835326499e+01 +3.452132650e+02 +3.452132650e+02 -3.3038e+00 +3.3724e+00 +1.2495e+00 -2.7019e+00 +2.7180e+00 +3.7487e+00 +3.8313e+00 -1.7652e+00 +1.6484e-01 -3.9353e+00 -1.7468e-01 +3.1128e+00 -1.0534e+00 -2.8653e+00 -5.0208e-01 +1.8101e+00 +3.9804e+00 +2.4663e+00 +2.2177e-01 -3.8015e+00
4 +5.785171646e+01 +5.785171646e+01 +3.047117165e+02 +3.047117165e+02 -2.2879e+00 +3.1735e+00 -2.5250e+00 +2.2729e-01 -3.3709e+00 +2.1504e+00 +3.0458e+00 +1.6282e+00 -4.1576e-01 +2.6036e+00 -3.0991e+00 -2.4287e+00 -9.9474e-01 -1.7272e+00 +1.9434e+00 +3.6469e+00 -2.8268e+00 +2.4726e+00 -2.2236e+00 +2.7335e+00
83 +3.923170473e+01 +3.923170473e+01 +2.860917047e+02 +2.860917047e+02 +2.9883e-01 -3.5955e+00 -1.9387e+00 +2.6520e-01 +4.0034e+00 -1.8282e+00 +2.0041e+00 +6.8782e-01 -2.3451e-02 +2.5718e+00 +2.4181e+00 +1.7453e+00 -9.3095e-02 -4.2447e-01 +3.1566e+00 -3.8716e+00 +5.0231e-01 -2.2191e+00 +1.7648e+00 -9.2310e-01
731 +2.331613285e+01 +2.331613285e+01 +2.701761328e+02 +2.701761328e+02 +1.1791e-01 -3.6872e+00 -2.0523e+00 +1.9954e-01 +3.9947e+00 -1.8377e+00 +1.8787e+00 +7.5936e-01 -2.0333e-01 +2.4717e+00 +2.1185e+00 +1.9406e+00 +1.6741e-01 -2.0577e-01 +3.1204e+00 -3.7702e+00 +4.6962e-01 -2.1282e+00 +1.8603e+00 -9.1209e-01
2370 +1.514896586e+01 +1.514896586e+01 +2.620089659e+02 +2.620089659e+02 +9.6819e-03 -3.5756e+00 -1.9086e+00 +3.5922e-02 +4.1052e+00 -1.7859e+00 +1.9817e+00 +5.7865e-01 -1.9676e-01 +2.3506e+00 +2.2958e+00 +2.0550e+00 +3.4900e-01 -4.7053e-01 +3.1912e+00 -3.8751e+00 +7.4040e-01 -2.0680e+00 +2.0051e+00 -6.4310e-01
14064 +9.253213242e+00 +9.253213242e+00 +2.561132132e+02 +2.561132132e+02 -3.3509e-01 -3.1039e+00 -1.8054e+00 -3.8945e-01 +4.1484e+00 -2.0721e+00 +2.2579e+00 +1.9970e-01 -2.7775e-01 +2.3310e+00 +1.7305e+00 +1.9238e+00 +5.0489e-01 -5.1119e-01 +2.6531e+00 -3.4373e+00 +8.0811e-01 -2.5992e+00 +1.3634e+00 -5.0021e-01
29421 +5.868985540e+00 +5.868985540e+00 +2.527289855e+02 +2.527289855e+02 -2.5017e-01 -3.4955e+00 -1.6059e+00 -5.9755e-01 +4.3484e+00 -1.9373e+00 +2.5003e+00 +1.9598e-01 +2.5605e-01 +2.6492e+00 +1.6082e+00 +1.4176e+00 +1.0747e+00 -1.0209e+00 +3.1272e+00 -3.2594e+00 +1.7490e+00 -1.9529e+00 +1.0100e+00 -9.8722e-01
% function evaluation | noise-free fitness - Fopt (1.392300000000e+02) | best noise-free fitness - Fopt | measured fitness | best measured fitness | x1 | x2...
1 +7.382697663e+01 +7.382697663e+01 +2.130569766e+02 +2.130569766e+02 +1.0937e+00 -2.7496e+00 -2.7216e+00 +2.2278e+00 +2.2040e+00 +2.7032e+00 -1.3797e+00 +1.5207e+00 -1.6121e+00 +2.9705e+00 +1.3276e+00 +1.9878e-01 -2.1986e-01 +1.2019e+00 -2.7191e+00 +2.0936e+00 +3.2648e-01 -2.5521e-01 +3.0684e+00 +1.9045e+00
4 +5.537696766e+01 +5.537696766e+01 +1.946069677e+02 +1.946069677e+02 -3.2561e+00 +3.4703e+00 -6.9306e-01 +1.7981e+00 +1.1982e+00 +2.6753e+00 -3.5464e+00 +2.1083e+00 -1.9494e+00 +3.4173e+00 -3.2743e+00 +1.0599e+00 +1.4839e+00 +8.2676e-01 +3.2078e+00 +6.2601e-01 +3.1651e+00 +2.2429e+00 +3.0116e+00 +1.6716e+00
35 +3.972588205e+01 +3.972588205e+01 +1.789558820e+02 +1.789558820e+02 +2.0586e+00 -1.2035e+00 +3.6310e+00 -3.1140e+00 +2.2503e+00 +1.8924e+00 -4.9867e-01 -4.2673e-01 -1.3687e+00 +2.5907e+00 +1.0589e+00 +2.7892e+00 -1.9094e+00 +1.3856e+00 -1.1546e+00 -4.4874e-01 +3.5463e+00 +1.4608e+00 +1.9090e+00 -2.4318e+00
981 +2.293267173e+01 +2.293267173e+01 +1.621626717e+02 +1.621626717e+02 +1.9486e+00 -2.7506e+00 +1.9975e+00 -9.9238e-01 +3.1948e+00 -2.2961e+00 +2.2317e+00 +1.2402e+00 +3.3223e+00 +2.7121e+00 -1.8938e+00 +2.6605e+00 -3.9666e+00 +1.0724e+00 -5.6703e-01 -2.5552e-01 +3.9031e+00 -3.4579e+00 -2.2918e+00 -1.5452e+00
2234 +1.581873027e+01 +1.581873027e+01 +1.550487303e+02 +1.550487303e+02 +1.9742e+00 -2.6527e+00 +1.9706e+00 -1.1245e+00 +3.3681e+00 -2.1605e+00 +2.2799e+00 +1.2005e+00 +3.4582e+00 +2.7386e+00 -1.6574e+00 +2.8053e+00 -4.0531e+00 +1.2867e+00 -6.7153e-01 -3.6341e-01 +3.8899e+00 -3.2107e+00 -2.4204e+00 -1.4171e+00
7023 +9.820314861e+00 +9.820314861e+00 +1.490503149e+02 +1.490503149e+02 +1.8903e+00 -2.6181e+00 +2.1028e+00 -9.1902e-01 +3.4264e+00 -2.5560e+00 +2.0043e+00 +9.5690e-01 +3.2302e+00 +3.0778e+00 -2.2557e+00 +3.1190e+00 -3.8778e+00 +1.1226e+00 -2.4174e-01 -4.7430e-01 +4.0084e+00 -3.3945e+00 -2.9170e+00 -1.6050e+00
10647 +5.835149898e+00 +5.835149898e+00 +1.450651499e+02 +1.450651499e+02 +1.7704e+00 -2.5847e+00 +2.3069e+00 -1.2344e+00 +3.9826e+00 -2.6785e+00 +1.8830e+00 +8.5116e-01 +3.4078e+00 +3.1496e+00 -2.5825e+00 +3.0771e+00 -4.1554e+00 +1.5601e+00 -6.3508e-01 -3.7623e-01 +3.8704e+00 -3.3705e+00 -2.9312e+00 -1.8193e+00
12560 +3.156957288e+00 +3.156957288e+00 +1.423869573e+02 +1.423869573e+02 +1.8177e+00 -2.6503e+00 +2.0722e+00 -1.4058e+00 +3.9464e+00 -2.8044e+00 +1.9091e+00 +7.9259e-01 +3.4271e+00 +3.1753e+00 -2.7263e+00 +3.1537e+00 -4.0902e+00 +1.8648e+00 -5.9887e-01 -3.0004e-01 +3.6760e+00 -3.3903e+00 -2.9219e+00 -1.7483e+00
22725 +1.802171667e+00 +1.802171667e+00 +1.410321717e+02 +1.410321717e+02 +1.8723e+00 -2.6156e+00 +1.7983e+00 -1.2711e+00 +4.3021e+00 -3.1584e+00 +2.1453e+00 +7.4142e-01 +3.3617e+00 +2.9596e+00 -2.4904e+00 +3.3449e+00 -4.2591e+00 +1.6522e+00 -6.4319e-01 -3.2267e-01 +3.7948e+00 -3.2749e+00 -3.2706e+00 -1.9366e+00
% function evaluation | noise-free fitness - Fopt (-1.838000000000e+01) | best noise-free fitness - Fopt | measured fitness | best measured fitness | x1 | x2...
1 +9.453699189e+01 +9.453699189e+01 +7.615699189e+01 +7.615699189e+01 +2.9826e+00 -1.7071e+00 -2.6820e+00 -2.3865e+00 -4.2417e-02 +1.6151e+00 -2.9680e+00 +1.0929e+00 +2.5654e+00 +1.3039e+00 +2.8562e+00 -3.0027e+00 +3.5643e+00 +1.0587e+00 +2.4763e+00 +1.7860e+00 +3.2714e+00 -2.9244e+00 -1.6568e+00 +5.6249e-01
5 +5.948098563e+01 +5.948098563e+01 +4.110098563e+01 +4.110098563e+01 +1.4323e+00 -3.4841e+00 -8.1624e-01 +1.7156e+00 +3.9423e-01 -3.5605e+00 +2.4624e+00 +6.3132e-01 +2.0895e+00 -2.7857e+00 -2.7502e+00 +3.4791e+00 -4.7372e-02 -2.3664e-02 -2.2427e+00 -1.3465e+00 +3.9143e+00 -8.9629e-01 -3.1843e+00 +2.0778e+00
22 +3.501198102e+01 +3.501198102e+01 +1.663198102e+01 +1.663198102e+01 +1.0474e-01 -2.3441e+00 -1.0556e+00 -8.2033e-01 -7.2922e-01 -1.7369e+00 -3.4494e+00 -1.0107e+00 -3.7928e+00 +5.0342e-01 -9.1563e-04 +3.0705e+00 +2.6323e+00 -2.3880e+00 -3.1027e+00 -9.5542e-01 +2.1450e+00 +2.2421e+00 -1.0831e+00 +1.1428e+00
290 +2.487764901e+01 +2.487764901e+01 +6.497649012e+00 +6.497649012e+00 +2.7467e-01 -2.3436e+00 -9.5836e-01 -5.8848e-01 -8.3573e-01 -1.6540e+00 -3.3478e+00 -9.4545e-01 -3.6320e+00 +4.4664e-01 -9.1198e-02 +3.0445e+00 +2.4851e+00 -2.1642e+00 -3.2845e+00 -9.1817e-01 +2.1223e+00 +2.0946e+00 -1.1791e+00 +1.0102e+00
1067 +1.545437992e+01 +1.545437992e+01 -2.925620080e+00 -2.925620080e+00 +2.9729e-01 -2.3112e+00 -1.1265e+00 -5.5839e-01 -1.0443e+00 -1.6452e+00 -3.2132e+00 -1.0617e+00 -3.7691e+00 +4.9044e-01 -1.6139e-01 +2.9861e+00 +2.4310e+00 -2.0661e+00 -3.3884e+00 -9.9374e-01 +1.8884e+00 +1.9396e+00 -9.3037e-01 +9.3510e-01
1806 +9.044115182e+00 +9.044115182e+00 -9.335884818e+00 -9.335884818e+00 +3.5954e-01 -2.1713e+00 -1.2068e+00 -6.8683e-01 -8.5859e-01 -1.5916e+00 -3.1838e+00 -1.2595e+00 -3.8846e+00 +4.3581e-01 -1.1086e-01 +3.0989e+00 +2.2856e+00 -2.0005e+00 -3.4588e+00 -8.4809e-01 +1.7039e+00 +1.9108e+00 -8.3646e-01 +1.0543e+00
12814 +5.574017401e+00 +5.574017401e+00 -1.280598260e+01 -1.280598260e+01 +2.7007e+00 -1.1445e+00 -1.6466e+00 -4.0587e+00 +1.1392e+00 +1.4082e+00 +2.8445e+00 +1.2382e+00 -2.7770e+00 +2.5740e-03 -8.3314e-01 +1.3206e+00 -6.0736e-01 -5.7363e-01 +1.2975e-01 +2.2125e+00 +3.9833e+00 +1.9612e+00 +3.5902e+00 +4.0174e+00
15440 +3.777940076e+00 +3.777940076e+00 -1.460205992e+01 -1.460205992e+01 +2.5613e+00 -1.0592e+00 -1.7668e+00 -4.4099e+00 +9.5914e-01 +1.3118e+00 +2.7475e+00 +1.3123e+00 -2.6034e+00 +1.0999e-01 -8.5134e-01 +1.3446e+00 -8.1279e-01 -4.8944e-01 +2.7997e-01 +2.2756e+00 +3.9446e+00 +2.2617e+00 +3.3685e+00 +4.1636e+00
% function evaluation | noise-free fitness - Fopt (-3.928400000000e+02) | best noise-free fitness - Fopt | measured fitness | best measured fitness | x1 | x2...
1 +1.056440078e+02 +1.056440078e+02 -2.871959922e+02 -2.871959922e+02 +3.4775e+00 -3.6129e-01 +3.7140e+00 -2.9829e-01 -2.0193e+00 -2.8735e-01 -3.4666e+00 +1.0695e+00 -2.0359e+00 +2.5445e+00 -3.8246e+00 +2.8283e+00 +1.0255e+00 +2.5725e+00 +2.8074e+00 -7.7233e-01 -3.3508e+00 +2.1493e-01 +9.0226e-01 +9.1230e-02
2 +6.425014913e+01 +6.425014913e+01 -3.285898509e+02 -3.285898509e+02 -2.6595e+00 +2.4128e+00 -2.9681e-01 -4.3350e-01 +2.0331e+00 +3.8310e+00 -3.1783e+00 +9.4575e-01 -3.4973e+00 -1.5457e+00 -9.8491e-01 -3.2543e+00 +2.0427e+00 -2.1736e+00 +6.0362e-02 -1.2631e-01 +1.4140e+00 +2.8775e+00 +3.9595e+00 -3.5916e+00
4 +4.810614514e+01 +4.810614514e+01 -3.447338549e+02 -3.447338549e+02 +1.9631e+00 -1.4086e+00 +2.6834e+00 +3.1441e+00 -3.9440e+00 -2.1172e+00 +1.5151e+00 -3.9949e+00 +2.9452e+00 -2.6885e+00 -9.0034e-01 -3.4549e+00 +2.0455e+00 -1.6387e-01 -3.3642e+00 -7.4306e-01 +2.3388e+00 +3.6773e+00 +1.4555e+00 -8.2234e-01
20 +3.811251548e+01 +3.811251548e+01 -3.547274845e+02 -3.547274845e+02 +1.9809e+00 -1.7499e+00 -1.8496e+00 -1.1144e+00 +2.2680e+00 +9.4177e-01 +6.7248e-01 +2.7414e+00 -2.7868e+00 +2.6518e+00 -3.9740e+00 +4.5623e-02 +2.9827e+00 +3.3728e+00 -3.4797e+00 -4.9606e-01 +2.1491e+00 -3.7908e+00 +2.8512e-01 +3.0687e+00
419 +2.392772592e+01 +2.392772592e+01 -3.689122741e+02 -3.689122741e+02 +1.8613e+00 -1.8879e+00 -1.8275e+00 -1.1315e+00 +2.2916e+00 +9.8171e-01 +5.7341e-01 +2.7863e+00 -2.7562e+00 +2.5985e+00 -4.0346e+00 +1.6243e-01 +2.9106e+00 +3.5662e+00 -3.5408e+00 -4.6863e-01 +2.1687e+00 -3.7416e+00 +1.7655e-01 +2.9824e+00
1063 +1.507618934e+01 +1.507618934e+01 -3.777638107e+02 -3.777638107e+02 +2.2195e+00 -2.1399e+00 -1.9042e+00 -1.0098e+00 +2.5335e+00 +7.4786e-01 +4.8879e-01 +2.8899e+00 -2.8906e+00 +2.5218e+00 -3.6967e+00 +3.6968e-01 +2.9634e+00 +3.6133e+00 -3.6708e+00 -3.6596e-01 +2.2443e+00 -3.7278e+00 +5.7958e-01 +2.9841e+00
6159 +9.294942943e+00 +9.294942943e+00 -3.835450571e+02 -3.835450571e+02 +2.2279e+00 -1.3534e+00 +7.2553e-02 -2.0401e+00 -3.5093e+00 -3.8409e+00 -3.5944e+00 -3.1237e+00 -1.7276e+00 -2.7523e+00 -2.4074e+00 -2.9919e+00 -2.2947e+00 -3.1158e+00 -2.6261e+00 -8.1610e-01 -2.4179e-01 +1.7673e+00 -2.4461e+00 -1.3160e+00
20274 +5.247440481e+00 +5.247440481e+00 -3.875925595e+02 -3.875925595e+02 +2.8735e+00 -1.3092e+00 -4.5880e-02 -1.8718e+00 -3.3902e+00 -3.9890e+00 -3.1727e+00 -2.6838e+00 -1.8761e+00 -3.0401e+00 -1.8175e+00 -3.0631e+00 -2.0362e+00 -3.1391e+00 -2.7816e+00 -8.8910e-01 -6.1592e-01 +1.5536e+00 -2.4267e+00 -8.2079e-01
28214 +3.934609868e+00 +3.934609868e+00 -3.889053901e+02 -3.889053901e+02 +3.0484e+00 -1.4095e+00 +2.3388e-01 -1.4484e+00 -3.0633e+00 -4.6073e+00 -3.2911e+00 -2.8193e+00 -1.5060e+00 -3.4824e+00 -1.1667e+00 -2.9518e+00 -2.3200e+00 -3.4009e+00 -2.7293e+00 -3.7673e-01 -1.1927e+00 +1.1041e+00 -2.4231e+00 -5.4084e-01
% function evaluation | noise-free fitness - Fopt (2.292200000000e+02) | best noise-free fitness - Fopt | measured fitness | best measured fitness | x1 | x2...
1 +6.721029558e+01 +6.721029558e+01 +2.964302956e+02 +2.964302956e+02 -3.2447e-01 +3.9212e+00 +3.2074e+00 -3.3274e+00 -3.7213e+00 -9.0502e-01 +3.4206e+00 -2.7058e-01 -1.1510e+00 +2.0019e+00 -2.8069e+00 +4.8780e-01 -5.3408e-01 +1.5856e-01 +2.8632e+00 +2.3758e+00 -1.4359e+00 -3.0627e+00 +3.1007e+00 +9.2358e-04
2 +5.964916338e+01 +5.964916338e+01 +2.888691634e+02 +2.888691634e+02 -1.5090e+00 -6.4683e-01 +3.9002e+00 +1.7111e-01 -3.7892e+00 -2.6264e+00 +3.6783e+00 +2.6950e+00 +3.9228e+00 +3.6391e+00 -3.9108e+00 +1.0330e+00 +1.9705e+00 -8.0202e-01 -1.2213e+00 -9.4673e-01 -2.4547e+00 +1.0621e-02 +2.4249e+00 +2.8881e+00
25 +3.978103606e+01 +3.978103606e+01 +2.690010361e+02 +2.690010361e+02 +1.9184e+00 +3.7569e+00 +1.5596e+00 -1.9298e+00 +3.4670e+00 -3.1274e+00 +2.8795e+00 +1.3111e+00 -2.2460e+00 +2.6814e+00 -8.5632e-01 -1.4810e-01 +5.4157e-01 -3.8836e+00 -2.0126e+00 -4.2365e-01 -5.0910e-01 +2.3870e+00 -3.2460e-01 +3.9677e+00
471 +2.365894939e+01 +2.365894939e+01 +2.528789494e+02 +2.528789494e+02 -2.4815e+00 +2.7343e+00 +3.0949e-01 +3.4963e+00 +9.5214e-01 -8.2790e-01 -3.3704e+00 -1.8514e+00 -1.9969e+00 +3.6798e+00 -3.8233e+00 -3.1922e+00 +3.5762e+00 +3.1789e+00 +3.8720e+00 +4.6146e-01 +3.0018e+00 -2.2297e+00 -1.2455e+00 -1.9712e+00
1845 +1.570689052e+01 +1.570689052e+01 +2.449268905e+02 +2.449268905e+02 -2.3275e+00 +2.3894e+00 +1.2569e-01 +3.5703e+00 +7.7579e-01 -6.6274e-01 -3.4899e+00 -1.8538e+00 -2.0047e+00 +3.6591e+00 -3.7456e+00 -3.1428e+00 +3.6246e+00 +3.4240e+00 +3.9389e+00 +3.5882e-01 +3.2427e+00 -2.0792e+00 -1.3985e+00 -1.8307e+00
2716 +8.978234347e+00 +8.978234347e+00 +2.381982343e+02 +2.381982343e+02 +1.8615e+00 +3.9862e+00 +1.7139e+00 -1.9559e+00 +3.8797e+00 -3.3050e+00 +2.4985e+00 +1.1517e+00 -2.3328e+00 +2.6740e+00 -4.9130e-01 -3.2437e-01 +4.2010e-01 -3.5534e+00 -2.4512e+00 -1.7764e-01 -6.2712e-01 +2.5178e+00 -6.5048e-01 +3.9122e+00
7116 +5.604271635e+00 +5.604271635e+00 +2.348242716e+02 +2.348242716e+02 +1.8828e+00 +3.8841e+00 +1.5972e+00 -2.1306e+00 +3.8920e+00 -3.6464e+00 +2.6363e+00 +1.0549e+00 -2.3780e+00 +2.3838e+00 -7.5804e-02 -2.5634e-01 +4.2056e-01 -3.0134e+00 -2.3747e+00 -2.4294e-01 -1.0748e+00 +2.7543e+00 -9.8035e-01 +4.1521e+00
18460 +3.801554716e+00 +3.801554716e+00 +2.330215547e+02 +2.330215547e+02 -2.2567e+00 +2.2766e+00 -2.9323e-01 +3.7727e+00 +2.4010e-01 -4.4927e-01 -3.5021e+00 -1.8125e+00 -1.7596e+00 +2.0781e+00 -3.7523e+00 -2.6818e+00 +3.6870e+00 +3.5955e+00 +3.9589e+00 +2.3972e-01 +3.3922e+00 -2.9202e+00 -2.2355e+00 -2.2158e+00
28724 +2.485742650e+00 +2.485742650e+00 +2.317057426e+02 +2.317057426e+02 +1.3571e+00 +3.8661e+00 +1.1300e+00 -1.9456e+00 +3.6790e+00 -4.1160e+00 +2.4326e+00 +9.3175e-01 -2.7814e+00 +2.0810e+00 +5.3433e-01 +6.5958e-02 +3.6060e-01 -2.2873e+00 -1.8548e+00 -2.5393e-01 -1.3368e+00 +2.8918e+00 -7.4798e-01 +3.8788e+00
% function evaluation | noise-free fitness - Fopt (-2.444600000000e+02) | best noise-free fitness - Fopt | measured fitness | best measured fitness | x1 | x2...
1 +7.643623503e+01 +7.643623503e+01 -1.680237650e+02 -1.680237650e+02 +2.1556e+00 -1.0146e+00 +2.0681e+00 +2.8637e+00 -8.2317e-01 +3.3382e+00 +1.5829e+00 +1.3523e+00 +2.2461e+00 -2.5295e+00 -1.0720e+00 +3.9004e+00 -1.3887e+00 +7.2697e-01 +1.1166e+00 -2.9926e+00 -9.3053e-01 +3.4498e+00 +3.8530e+00 -9.0063e-01
7 +6.105952041e+01 +6.105952041e+01 -1.834004796e+02 -1.834004796e+02 -5.0236e-01 +1.6482e+00 -2.4053e+00 +1.5979e+00 +1.0916e+00 -4.0908e-01 +2.6576e+00 -1.7235e+00 -1.8996e+00 -9.3307e-01 +3.1913e+00 -2.8634e+00 +1.2619e+00 -1.9404e+00 -1.1098e+00 +5.4978e-01 -2.7847e+00 -4.5239e-01 -1.2816e+00 -2.4878e-01
31 +3.858918025e+01 +3.858918025e+01 -2.058708198e+02 -2.058708198e+02 -6.3650e-01 -1.4217e+00 +1.6796e+00 +3.2468e+00 -1.3596e+00 -2.9310e+00 -2.0932e+00 +6.0276e-01 -6.1450e-01 +1.0682e+00 -3.7056e+00 +1.0378e+00 -3.9073e+00 -1.9133e+00 +1.9486e+00 +1.1668e+00 +2.4312e+00 -3.1848e+00 +2.0509e-01 +3.5071e+00
353 +2.202938737e+01 +2.202938737e+01 -2.224306126e+02 -2.224306126e+02 -8.8724e-01 -2.1984e+00 -1.1270e+00 -1.2177e+00 +2.6424e+00 -2.6631e+00 +9.2594e-01 -7.0316e-01 -2.4859e+00 +3.1668e+00 -2.2186e+00 +3.9409e+00 -1.9547e+00 +4.0828e-01 +3.1844e+00 +1.6413e+00 -1.0135e+00 -2.5971e+00 +1.1066e+00 +2.9533e+00
727 +1.292464302e+01 +1.292464302e+01 -2.315353570e+02 -2.315353570e+02 -9.9728e-01 -2.2738e+00 -1.1913e+00 -1.1774e+00 +2.7714e+00 -2.6015e+00 +9.9685e-01 -5.5875e-01 -2.4956e+00 +3.3376e+00 -2.1144e+00 +4.0362e+00 -1.9551e+00 +4.7494e-01 +3.0930e+00 +1.5777e+00 -1.0937e+00 -2.5982e+00 +1.1557e+00 +2.8448e+00
1861 +9.113421875e+00 +9.113421875e+00 -2.353465781e+02 -2.353465781e+02 -8.6070e-01 -2.3763e+00 -1.5236e+00 -1.1591e+00 +2.8481e+00 -2.5140e+00 +7.9576e-01 -4.5857e-01 -2.5099e+00 +3.3852e+00 -2.2039e+00 +4.1256e+00 -1.8265e+00 +3.9148e-01 +3.1232e+00 +1.7372e+00 -1.2439e+00 -2.6596e+00 +1.1414e+00 +2.8583e+00
6394 +6.267882471e+00 +6.267882471e+00 -2.381921175e+02 -2.381921175e+02 -3.9808e-01 -2.5349e+00 -1.7368e+00 -1.0270e+00 +2.5566e+00 -2.2972e+00 +1.0229e+00 -1.9250e-01 -2.6139e+00 +3.8729e+00 -1.9909e+00 +4.4259e+00 -1.6437e+00 +4.8552e-01 +3.3099e+00 +1.6866e+00 -1.5991e+00 -2.7684e+00 +1.0152e+00 +2.8976e+00
14333 +3.482595417e+00 +3.482595417e+00 -2.409774046e+02 -2.409774046e+02 -1.2703e-01 -2.7263e+00 -1.9355e+00 -4.9617e-01 +2.7707e+00 -2.8451e+00 +5.4189e-01 +2.4275e-02 -2.6117e+00 +3.4497e+00 -2.0514e+00 +4.2030e+00 -1.0834e+00 +2.9823e-01 +3.4819e+00 +1.8864e+00 -1.5034e+00 -2.8656e+00 +1.1393e+00 +2.8641e+00
