% function evaluation | noise-free fitness - Fopt (-6.211100000000e+02) | best noise-free fitness - Fopt | measured fitness | best measured fitness | x1 | x2...
1 +5.500873927e+08 +5.500873927e+08 +5.500867716e+08 +5.500867716e+08 -3.0758e+00 +8.2265e-01 -2.8116e+00 +2.4049e+00 +3.8630e+00 -3.8148e+00 -3.6200e+00 +3.8226e+00 -2.7060e+00 +3.0833e+00
2 +2.814426852e+08 +2.814426852e+08 +2.814420641e+08 +2.814420641e+08 +1.7385e+00 +9.3040e-01 -2.0829e+00 -3.3269e+00 -2.2283e+00 -1.2977e+00 +3.7404e+00 -2.1134e+00 -1.8050e+00 -3.3065e+00
3 +1.145657762e+08 +1.145657762e+08 +1.145651550e+08 +1.145651550e+08 +1.4664e+00 -7.8950e-01 +2.4776e+00 +2.8702e+00 -3.2587e-02 -2.2793e+00 -1.0791e+00 -1.4009e+00 +3.5354e+00 -3.3487e+00
14 +6.724303739e+07 +6.724303739e+07 +6.724241628e+07 +6.724241628e+07 +9.3315e-01 +3.2040e+00 -1.8476e+00 +1.3652e+00 -3.0702e+00 +9.1914e-02 +1.0547e+00 -1.4780e+00 +6.8363e-01 +8.4957e-01
30 +6.308364368e+07 +6.308364368e+07 +6.308302257e+07 +6.308302257e+07 +8.4581e-01 +3.2987e+00 -1.9147e+00 +1.2892e+00 -3.0178e+00 +9.3408e-02 +1.0098e+00 -1.5625e+00 +7.1336e-01 +8.3830e-01
70 +3.586746864e+07 +3.586746864e+07 +3.586684753e+07 +3.586684753e+07 +7.9251e-01 +2.0718e+00 +4.4648e-01 -1.5119e+00 +3.8891e-01 +2.0472e+00 +4.4066e-01 +4.2795e-01 +3.8924e+00 +1.5600e+00
128 +1.720024877e+07 +1.720024877e+07 +1.719962766e+07 +1.719962766e+07 +1.0187e+00 +2.6835e+00 +1.1272e+00 -2.6471e+00 +1.7783e+00 -9.3779e-01 +7.0350e-01 +8.9173e-01 +2.9608e+00 -5.4741e-01
509 +1.576945451e+07 +1.576945451e+07 +1.576883340e+07 +1.576883340e+07 +8.9914e-01 +2.6327e+00 +1.0710e+00 -2.6110e+00 +1.7748e+00 -9.4492e-01 +6.4480e-01 +7.3355e-01 +2.8913e+00 -5.3544e-01
1636 +9.852325615e+06 +9.852325615e+06 +9.851704505e+06 +9.851704505e+06 +5.3781e-01 +2.9253e+00 +6.6992e-01 -2.9040e+00 +1.5233e+00 -9.6454e-01 +5.4889e-01 +4.9829e-01 +2.5038e+00 -4.4955e-01
2536 +6.058136447e+06 +6.058136447e+06 +6.057515337e+06 +6.057515337e+06 +5.6709e-02 +3.2244e+00 +4.5808e-01 -3.0363e+00 +1.3251e+00 -1.1224e+00 +5.9899e-01 +2.4477e-01 +2.5231e+00 -6.6247e-01
3528 +3.800712812e+06 +3.800712812e+06 +3.800091702e+06 +3.800091702e+06 -1.9304e-01 +3.3637e+00 +2.4355e-01 -3.2207e+00 +1.2165e+00 -1.2768e+00 +1.0146e+00 +2.0232e-01 +2.2332e+00 -2.8771e-01
4050 +2.318544755e+06 +2.318544755e+06 +2.317923645e+06 +2.317923645e+06 -3.5571e-01 +3.5968e+00 +4.6336e-02 -3.3484e+00 +1.2274e+00 -1.2563e+00 +1.1801e+00 -1.3871e-01 +2.1410e+00 -1.8555e-01
4783 +1.559154899e+06 +1.559154899e+06 +1.558533789e+06 +1.558533789e+06 -5.7381e-01 +3.6480e+00 -1.8880e-01 -3.4221e+00 +1.2091e+00 -1.1463e+00 +1.3106e+00 -3.0428e-01 +2.1417e+00 -2.9473e-01
5170 +9.761964073e+05 +9.761964073e+05 +9.755752973e+05 +9.755752973e+05 -8.2773e-01 +3.9138e+00 -3.0609e-01 -3.5623e+00 +1.2465e+00 -1.2831e+00 +1.1965e+00 -3.0955e-01 +2.0483e+00 -4.4942e-01
5431 +5.985572973e+05 +5.985572973e+05 +5.979361873e+05 +5.979361873e+05 -9.5594e-01 +3.8500e+00 -5.1202e-01 -3.3833e+00 +1.4144e+00 -1.3248e+00 +1.0464e+00 -4.3503e-01 +1.9422e+00 -2.8399e-01
5822 +3.789036917e+05 +3.789036917e+05 +3.782825817e+05 +3.782825817e+05 -1.0874e+00 +3.7631e+00 -5.9874e-01 -3.2525e+00 +1.5013e+00 -1.3663e+00 +1.1900e+00 -5.9014e-01 +1.9562e+00 -4.4661e-01
6161 +2.145498177e+05 +2.145498177e+05 +2.139287077e+05 +2.139287077e+05 -1.1854e+00 +3.8445e+00 -6.7691e-01 -3.2992e+00 +1.4135e+00 -1.4206e+00 +1.2089e+00 -6.7590e-01 +2.0292e+00 -3.9493e-01
6426 +1.474078030e+05 +1.474078030e+05 +1.467866930e+05 +1.467866930e+05 -1.2883e+00 +3.8955e+00 -8.1157e-01 -3.3082e+00 +1.4835e+00 -1.5827e+00 +1.1995e+00 -7.1550e-01 +2.1297e+00 -4.8249e-01
6680 +7.621602327e+04 +7.621602327e+04 +7.559491327e+04 +7.559491327e+04 -1.1756e+00 +3.8599e+00 -8.8688e-01 -3.1315e+00 +1.3623e+00 -1.4534e+00 +1.1284e+00 -7.2512e-01 +1.9884e+00 -4.5709e-01
6807 +3.755714764e+04 +3.755714764e+04 +3.693603764e+04 +3.693603764e+04 -1.3596e+00 +3.8523e+00 -8.7476e-01 -3.1308e+00 +1.3235e+00 -1.4640e+00 +1.0492e+00 -8.1103e-01 +1.9627e+00 -4.3030e-01
7202 +2.040315647e+04 +2.040315647e+04 +1.978204647e+04 +1.978204647e+04 -1.3682e+00 +3.9073e+00 -9.7881e-01 -3.1780e+00 +1.3191e+00 -1.4526e+00 +1.1221e+00 -8.1467e-01 +1.9070e+00 -4.3346e-01
7339 +1.286147335e+04 +1.286147335e+04 +1.224036335e+04 +1.224036335e+04 -1.3367e+00 +3.9602e+00 -8.9760e-01 -3.1535e+00 +1.3554e+00 -1.4277e+00 +1.0642e+00 -7.6820e-01 +1.9409e+00 -4.5308e-01
9663 +9.592221447e+03 +9.592221447e+03 +8.971111447e+03 +8.971111447e+03 -1.4441e+00 +3.9663e+00 -1.3858e+00 -2.8769e+00 +2.1877e+00 -1.0913e+00 +8.7434e-01 -7.4817e-01 +2.4259e+00 -5.8667e-01
13328 +4.295288910e+03 +4.295288910e+03 +3.674178910e+03 +3.674178910e+03 -1.3913e+00 +4.0116e+00 -1.2418e+00 -2.9740e+00 +1.9326e+00 -1.1695e+00 +8.8312e-01 -8.2360e-01 +2.3319e+00 -5.7265e-01
% function evaluation | noise-free fitness - Fopt (-2.548200000000e+02) | best noise-free fitness - Fopt | measured fitness | best measured fitness | x1 | x2...
1 +6.493118500e+08 +6.493118500e+08 +6.493115952e+08 +6.493115952e+08 +3.6682e+00 -3.8878e+00 +3.8207e+00 -3.1335e+00 +1.5524e+00 -3.5548e+00 +1.4376e+00 -3.3716e+00 +3.4608e+00 -3.9611e+00
3 +1.904059099e+08 +1.904059099e+08 +1.904056551e+08 +1.904056551e+08 +2.1224e+00 +3.2624e+00 -1.4070e+00 +2.3759e+00 -3.1119e+00 -3.3522e+00 -2.6949e+00 -1.4964e+00 +3.0149e+00 +7.1864e-01
4 +1.306971411e+08 +1.306971411e+08 +1.306968863e+08 +1.306968863e+08 +5.5672e-02 +3.0521e+00 +1.5987e+00 -5.6010e-01 -2.8076e-01 -1.0186e+00 -2.8013e+00 -1.3503e+00 -1.4566e-01 +1.1226e+00
11 +9.520533367e+07 +9.520533367e+07 +9.520507885e+07 +9.520507885e+07 +9.2627e-01 +2.1460e+00 +2.7727e+00 -1.8782e+00 -3.8037e+00 +3.9845e+00 -1.8515e+00 +1.2185e+00 +3.4387e+00 -1.5735e+00
44 +6.076017195e+07 +6.076017195e+07 +6.075991713e+07 +6.075991713e+07 +3.8028e+00 +2.1383e+00 -3.8240e+00 -6.1385e-01 -9.6542e-01 -7.0800e-01 +3.0497e+00 -5.8368e-01 +2.2689e+00 -2.2835e-01
167 +3.013953970e+07 +3.013953970e+07 +3.013928488e+07 +3.013928488e+07 +2.3600e+00 +2.0559e+00 -9.1329e-01 -2.1787e+00 -2.4751e+00 -3.8634e-01 -5.6001e-01 -1.2956e+00 +6.5633e-01 +2.4859e+00
674 +2.467608882e+07 +2.467608882e+07 +2.467583400e+07 +2.467583400e+07 +2.5253e+00 +2.1958e+00 -8.5528e-01 -2.2902e+00 -2.3502e+00 -2.2958e-01 -6.5063e-01 -1.1648e+00 +5.9081e-01 +2.6037e+00
1927 +1.570426856e+07 +1.570426856e+07 +1.570401374e+07 +1.570401374e+07 +2.8298e+00 +2.2800e+00 -7.0725e-01 -2.3633e+00 -2.1744e+00 -4.9816e-01 -7.2582e-01 -5.9636e-01 +7.9095e-01 +2.7564e+00
3041 +9.987626165e+06 +9.987626165e+06 +9.987371345e+06 +9.987371345e+06 +3.4093e+00 +2.8378e+00 -9.0351e-01 -2.2203e+00 -2.4149e+00 -4.1493e-01 -7.6693e-01 -3.6198e-01 +7.1787e-01 +2.9389e+00
3829 +6.267399277e+06 +6.267399277e+06 +6.267144457e+06 +6.267144457e+06 +3.8699e+00 +2.7331e+00 -7.2248e-01 -2.5167e+00 -2.8035e+00 -1.5202e-01 -9.2043e-01 +2.0542e-01 +8.9068e-01 +2.6498e+00
4819 +3.874342534e+06 +3.874342534e+06 +3.874087714e+06 +3.874087714e+06 +4.0914e+00 +2.7859e+00 -7.1119e-01 -2.3513e+00 -2.6666e+00 -4.9289e-01 -8.0716e-01 +6.7766e-01 +1.0713e+00 +2.7498e+00
5464 +2.387400169e+06 +2.387400169e+06 +2.387145349e+06 +2.387145349e+06 +4.0249e+00 +3.0060e+00 -8.0864e-01 -2.0489e+00 -2.9362e+00 -5.6218e-01 -9.4716e-01 +1.0607e+00 +1.2221e+00 +3.0600e+00
6068 +1.579228878e+06 +1.579228878e+06 +1.578974058e+06 +1.578974058e+06 +4.3096e+00 +2.8997e+00 -6.7868e-01 -1.9899e+00 -2.9950e+00 -4.9270e-01 -1.2177e+00 +1.1888e+00 +1.0938e+00 +2.9653e+00
6584 +8.233127508e+05 +8.233127508e+05 +8.230579308e+05 +8.230579308e+05 +4.4845e+00 +2.8979e+00 -6.2565e-01 -1.9615e+00 -2.8490e+00 -5.9453e-01 -1.3119e+00 +1.5068e+00 +1.1211e+00 +3.0603e+00
6845 +5.500203595e+05 +5.500203595e+05 +5.497655395e+05 +5.497655395e+05 +4.4569e+00 +3.0656e+00 -5.8184e-01 -2.0273e+00 -2.9282e+00 -4.8286e-01 -1.3214e+00 +1.6800e+00 +1.0166e+00 +3.1281e+00
7108 +3.858863979e+05 +3.858863979e+05 +3.856315779e+05 +3.856315779e+05 +4.6200e+00 +2.9543e+00 -6.6257e-01 -2.0063e+00 -2.9369e+00 -4.7816e-01 -1.2248e+00 +1.7943e+00 +8.9923e-01 +3.1237e+00
7573 +2.435786125e+05 +2.435786125e+05 +2.433237925e+05 +2.433237925e+05 +4.6328e+00 +2.9457e+00 -6.4570e-01 -1.8781e+00 -3.0140e+00 -4.9807e-01 -1.2828e+00 +1.8888e+00 +9.8496e-01 +3.2523e+00
7831 +1.350831546e+05 +1.350831546e+05 +1.348283346e+05 +1.348283346e+05 +4.6764e+00 +2.8701e+00 -5.4546e-01 -1.7898e+00 -2.9582e+00 -5.6257e-01 -1.2804e+00 +2.0444e+00 +8.8237e-01 +3.3877e+00
7963 +7.401904169e+04 +7.401904169e+04 +7.376422169e+04 +7.376422169e+04 +4.7117e+00 +3.0030e+00 -5.4995e-01 -1.8828e+00 -2.9052e+00 -4.9626e-01 -1.3365e+00 +2.1667e+00 +7.9186e-01 +3.4657e+00
8103 +5.389511319e+04 +5.389511319e+04 +5.364029319e+04 +5.364029319e+04 +4.7948e+00 +3.0400e+00 -4.9078e-01 -1.8940e+00 -2.8558e+00 -4.3663e-01 -1.3670e+00 +2.1214e+00 +8.6171e-01 +3.2855e+00
8222 +3.453888750e+04 +3.453888750e+04 +3.428406750e+04 +3.428406750e+04 +4.8928e+00 +3.0151e+00 -4.2340e-01 -1.9051e+00 -2.8764e+00 -5.1379e-01 -1.3567e+00 +2.1946e+00 +9.2645e-01 +3.3652e+00
8360 +2.000293600e+04 +2.000293600e+04 +1.974811600e+04 +1.974811600e+04 +4.7902e+00 +2.9871e+00 -5.1759e-01 -1.9140e+00 -2.9598e+00 -5.5968e-01 -1.3866e+00 +2.1878e+00 +8.8945e-01 +3.2953e+00
8494 +1.213839412e+04 +1.213839412e+04 +1.188357412e+04 +1.188357412e+04 +4.8336e+00 +2.9901e+00 -4.8010e-01 -1.8977e+00 -2.8780e+00 -5.9583e-01 -1.3850e+00 +2.2779e+00 +9.5171e-01 +3.3791e+00
11689 +9.156282083e+03 +9.156282083e+03 +8.901462083e+03 +8.901462083e+03 +2.7203e+00 +4.4337e+00 +3.6244e-01 -7.5951e-02 -2.1950e+00 -1.5218e+00 -1.1551e+00 +2.8383e+00 +1.0406e+00 +2.9193e+00
13848 +5.387974749e+03 +5.387974749e+03 +5.133154749e+03 +5.133154749e+03 +4.0515e+00 +3.4850e+00 -2.4072e-01 -1.2816e+00 -2.5957e+00 -8.5851e-01 -1.3379e+00 +2.4690e+00 +1.0190e+00 +3.1829e+00
% function evaluation | noise-free fitness - Fopt (5.661000000000e+01) | best noise-free fitness - Fopt | measured fitness | best measured fitness | x1 | x2...
1 +5.209511706e+09 +5.209511706e+09 +5.209511762e+09 +5.209511762e+09 +3.2845e+00 +1.1904e+00 +8.7098e-02 -3.4784e+00 -1.6979e+00 +7.1697e-01 +3.0775e+00 +6.2790e-01 -2.1354e+00 +2.1550e-01
2 +2.082943665e+08 +2.082943665e+08 +2.082944232e+08 +2.082944232e+08 -1.0845e+00 -3.9912e+00 +1.5478e+00 +1.8797e-01 +2.3972e+00 -8.1520e-01 +1.4954e+00 +2.3530e+00 +6.9366e-01 +2.4334e-01
5 +9.813303679e+07 +9.813303679e+07 +9.813309340e+07 +9.813309340e+07 -3.6268e+00 +1.0126e-01 -4.7588e-01 +3.2671e+00 +3.9187e-01 +2.8999e+00 +1.9227e+00 -1.1550e+00 -3.2032e+00 -1.8714e+00
27 +4.285269337e+07 +4.285269337e+07 +4.285274998e+07 +4.285274998e+07 -3.0408e+00 -1.9753e-01 -2.0463e+00 +3.9256e-01 -2.8316e+00 -7.5923e-01 +2.9325e-01 -2.7480e-01 -2.4950e+00 +1.9062e+00
96 +3.317095813e+07 +3.317095813e+07 +3.317101474e+07 +3.317101474e+07 -2.1058e+00 -3.1564e+00 -3.2986e+00 +3.0031e+00 -7.2338e-01 +4.9872e-01 +3.0074e+00 -2.3024e+00 -2.2592e-01 -2.9587e-01
721 +2.507149146e+07 +2.507149146e+07 +2.507154807e+07 +2.507154807e+07 -2.4453e+00 -2.1315e+00 -3.1913e+00 +2.9125e+00 -1.0382e+00 +3.5703e-01 +2.6266e+00 -2.3090e+00 -3.0205e-01 +3.6445e-01
1973 +1.504149119e+07 +1.504149119e+07 +1.504154780e+07 +1.504154780e+07 -2.9199e+00 -2.2069e+00 -3.1982e+00 +2.6616e+00 -1.4679e+00 -2.8157e-01 +2.9247e+00 -2.5964e+00 -5.8004e-01 +7.3357e-01
3101 +9.954534184e+06 +9.954534184e+06 +9.954590794e+06 +9.954590794e+06 -3.2569e+00 -2.2489e+00 -3.4056e+00 +2.3934e+00 -1.8208e+00 -6.4266e-01 +2.7712e+00 -2.6840e+00 -6.3590e-01 +9.7720e-01
3892 +6.266644827e+06 +6.266644827e+06 +6.266701437e+06 +6.266701437e+06 -3.3807e+00 -2.2740e+00 -3.6597e+00 +2.0965e+00 -1.9866e+00 -9.8958e-01 +2.8312e+00 -2.6895e+00 -9.5433e-01 +1.1928e+00
4753 +3.872072338e+06 +3.872072338e+06 +3.872128948e+06 +3.872128948e+06 -3.4350e+00 -2.1496e+00 -3.7357e+00 +1.7085e+00 -2.1032e+00 -1.3745e+00 +2.8613e+00 -2.8983e+00 -1.1169e+00 +1.0271e+00
5259 +2.091696060e+06 +2.091696060e+06 +2.091752670e+06 +2.091752670e+06 -3.3208e+00 -2.2182e+00 -3.7024e+00 +1.4145e+00 -2.3479e+00 -1.6601e+00 +2.8059e+00 -3.0708e+00 -1.2222e+00 +1.3819e+00
5646 +1.528834234e+06 +1.528834234e+06 +1.528890844e+06 +1.528890844e+06 -3.5562e+00 -2.3707e+00 -3.8241e+00 +1.3631e+00 -2.3922e+00 -1.7698e+00 +2.7374e+00 -3.1966e+00 -1.2501e+00 +1.5011e+00
6243 +9.980715517e+05 +9.980715517e+05 +9.981281617e+05 +9.981281617e+05 -3.6723e+00 -2.3999e+00 -3.6895e+00 +1.2502e+00 -2.4932e+00 -2.0230e+00 +2.8299e+00 -3.0771e+00 -1.3605e+00 +1.3466e+00
6509 +6.125876987e+05 +6.125876987e+05 +6.126443087e+05 +6.126443087e+05 -3.5908e+00 -2.4282e+00 -3.7242e+00 +1.1498e+00 -2.6864e+00 -2.1597e+00 +2.7404e+00 -3.0147e+00 -1.3975e+00 +1.6517e+00
6764 +3.524670006e+05 +3.524670006e+05 +3.525236106e+05 +3.525236106e+05 -3.6594e+00 -2.4591e+00 -3.6327e+00 +1.0748e+00 -2.7599e+00 -2.3078e+00 +2.9149e+00 -3.1262e+00 -1.3505e+00 +1.6818e+00
7027 +1.961545197e+05 +1.961545197e+05 +1.962111297e+05 +1.962111297e+05 -3.6604e+00 -2.4381e+00 -3.8835e+00 +9.4333e-01 -2.8864e+00 -2.4061e+00 +2.8088e+00 -3.0334e+00 -1.5408e+00 +1.7407e+00
7169 +1.518534293e+05 +1.518534293e+05 +1.519100393e+05 +1.519100393e+05 -3.5663e+00 -2.3508e+00 -3.9270e+00 +9.3264e-01 -2.9018e+00 -2.3422e+00 +3.0358e+00 -2.9755e+00 -1.6331e+00 +1.6249e+00
7628 +9.791343527e+04 +9.791343527e+04 +9.797004527e+04 +9.797004527e+04 -3.5874e+00 -2.2894e+00 -3.8224e+00 +8.0502e-01 -3.0145e+00 -2.3639e+00 +3.0480e+00 -3.0662e+00 -1.6710e+00 +1.7291e+00
7888 +3.211421272e+04 +3.211421272e+04 +3.217082272e+04 +3.217082272e+04 -3.7762e+00 -2.3001e+00 -3.8389e+00 +7.0635e-01 -2.8251e+00 -2.4547e+00 +2.9568e+00 -3.2282e+00 -1.5003e+00 +1.7593e+00
8156 +2.270098471e+04 +2.270098471e+04 +2.275759471e+04 +2.275759471e+04 -3.8383e+00 -2.3559e+00 -3.8104e+00 +6.6784e-01 -2.9024e+00 -2.4450e+00 +3.0266e+00 -3.1680e+00 -1.3732e+00 +1.7803e+00
8671 +1.536189187e+04 +1.536189187e+04 +1.541850187e+04 +1.541850187e+04 -3.8027e+00 -2.2770e+00 -3.8333e+00 +6.3103e-01 -2.9486e+00 -2.4907e+00 +3.0581e+00 -3.2154e+00 -1.5720e+00 +1.7173e+00
8683 +8.090788583e+03 +8.090788583e+03 +8.147398583e+03 +8.147398583e+03 -3.8007e+00 -2.3032e+00 -3.8781e+00 +7.5059e-01 -2.8667e+00 -2.4264e+00 +3.0672e+00 -3.1799e+00 -1.5544e+00 +1.7730e+00
14575 +5.904424608e+03 +5.904424608e+03 +5.961034608e+03 +5.961034608e+03 -3.8163e+00 -2.1757e+00 -3.7990e+00 +6.2268e-01 -2.9739e+00 -2.4774e+00 +3.0464e+00 -3.3036e+00 -1.3237e+00 +1.8377e+00
% function evaluation | noise-free fitness - Fopt (-1.810000000000e+01) | best noise-free fitness - Fopt | measured fitness | best measured fitness | x1 | x2...
1 +3.638761925e+07 +3.638761925e+07 +3.638760115e+07 +3.638760115e+07 +4.9534e-01 +2.1318e+00 +2.5556e+00 +3.6043e-01 +1.8421e+00 +3.4786e+00 +3.4336e-01 -3.3491e+00 +2.6887e+00 +1.0945e+00
331 +2.500583899e+07 +2.500583899e+07 +2.500582089e+07 +2.500582089e+07 -1.6753e+00 +2.4400e+00 +8.2338e-01 +3.6489e-01 +3.4644e+00 +1.8551e+00 +1.1715e+00 -2.4005e+00 +2.4839e+00 +1.6669e+00
1847 +1.570766950e+07 +1.570766950e+07 +1.570765140e+07 +1.570765140e+07 -1.5447e+00 +2.0350e+00 +1.3133e+00 +9.1445e-01 +3.0622e+00 +1.7829e+00 +1.5926e+00 -2.4307e+00 +1.9536e+00 +1.7762e+00
3092 +9.509755454e+06 +9.509755454e+06 +9.509737354e+06 +9.509737354e+06 -1.5110e+00 +1.5809e+00 +1.4447e+00 +1.2716e+00 +2.6611e+00 +1.4621e+00 +1.8647e+00 -2.2858e+00 +2.2346e+00 +2.4262e+00
4002 +6.227826245e+06 +6.227826245e+06 +6.227808145e+06 +6.227808145e+06 -1.0463e+00 +1.5443e+00 +1.8252e+00 +1.6129e+00 +2.2513e+00 +1.5546e+00 +1.8081e+00 -2.3198e+00 +1.9621e+00 +2.5324e+00
4861 +3.751915573e+06 +3.751915573e+06 +3.751897473e+06 +3.751897473e+06 -1.2120e+00 +1.4261e+00 +1.7822e+00 +1.9310e+00 +1.9795e+00 +1.3779e+00 +2.0582e+00 -2.5473e+00 +1.8985e+00 +2.8894e+00
5403 +2.448573124e+06 +2.448573124e+06 +2.448555024e+06 +2.448555024e+06 -1.3157e+00 +1.1525e+00 +1.8248e+00 +2.1286e+00 +1.9073e+00 +1.3468e+00 +2.1229e+00 -2.5026e+00 +1.7041e+00 +3.1476e+00
6123 +1.557789362e+06 +1.557789362e+06 +1.557771262e+06 +1.557771262e+06 -1.3242e+00 +1.1411e+00 +1.9088e+00 +2.4220e+00 +1.8077e+00 +1.1651e+00 +2.3441e+00 -2.4475e+00 +1.9270e+00 +3.2517e+00
6515 +9.365746717e+05 +9.365746717e+05 +9.365565717e+05 +9.365565717e+05 -1.1884e+00 +1.0097e+00 +2.0273e+00 +2.5775e+00 +1.6159e+00 +1.1779e+00 +2.3880e+00 -2.5611e+00 +1.8490e+00 +3.2387e+00
6773 +6.075188371e+05 +6.075188371e+05 +6.075007371e+05 +6.075007371e+05 -1.0590e+00 +9.0467e-01 +1.9608e+00 +2.6383e+00 +1.5392e+00 +8.7650e-01 +2.4634e+00 -2.3995e+00 +1.7813e+00 +3.3734e+00
7031 +3.930250044e+05 +3.930250044e+05 +3.930069044e+05 +3.930069044e+05 -9.2589e-01 +9.6396e-01 +2.1119e+00 +2.8121e+00 +1.4751e+00 +9.7427e-01 +2.3932e+00 -2.6523e+00 +1.5559e+00 +3.3562e+00
7625 +2.451269566e+05 +2.451269566e+05 +2.451088566e+05 +2.451088566e+05 -9.7779e-01 +1.0480e+00 +2.1657e+00 +2.9940e+00 +1.4262e+00 +9.4149e-01 +2.4862e+00 -2.6517e+00 +1.5934e+00 +3.4867e+00
7764 +1.228536388e+05 +1.228536388e+05 +1.228355388e+05 +1.228355388e+05 -1.0412e+00 +8.7568e-01 +2.2118e+00 +3.0331e+00 +1.4605e+00 +9.8473e-01 +2.4929e+00 -2.4025e+00 +1.5715e+00 +3.4193e+00
7891 +9.063509215e+04 +9.063509215e+04 +9.061699215e+04 +9.061699215e+04 -9.5205e-01 +8.5623e-01 +2.2438e+00 +3.0658e+00 +1.4019e+00 +9.8711e-01 +2.5755e+00 -2.4237e+00 +1.6337e+00 +3.3833e+00
8146 +5.974491543e+04 +5.974491543e+04 +5.972681543e+04 +5.972681543e+04 -8.5501e-01 +7.2879e-01 +2.3446e+00 +3.1456e+00 +1.4774e+00 +9.7412e-01 +2.5558e+00 -2.3306e+00 +1.5715e+00 +3.4715e+00
8273 +3.253495494e+04 +3.253495494e+04 +3.251685494e+04 +3.251685494e+04 -1.0078e+00 +7.6999e-01 +2.4202e+00 +3.0610e+00 +1.2896e+00 +9.3865e-01 +2.6159e+00 -2.3613e+00 +1.5837e+00 +3.4511e+00
8413 +1.893392335e+04 +1.893392335e+04 +1.891582335e+04 +1.891582335e+04 -9.9843e-01 +7.0267e-01 +2.4126e+00 +3.2012e+00 +1.4628e+00 +9.1612e-01 +2.6616e+00 -2.3608e+00 +1.4553e+00 +3.3761e+00
9263 +1.555254640e+04 +1.555254640e+04 +1.553444640e+04 +1.553444640e+04 -1.1099e+00 +7.3025e-01 +2.3962e+00 +3.1518e+00 +1.2598e+00 +9.4973e-01 +2.7027e+00 -2.4604e+00 +1.5171e+00 +3.4735e+00
12162 +9.655437878e+03 +9.655437878e+03 +9.637337878e+03 +9.637337878e+03 -9.8530e-01 +6.8582e-01 +2.5138e+00 +3.2614e+00 +1.4087e+00 +8.9183e-01 +2.6080e+00 -2.4225e+00 +1.4494e+00 +3.4698e+00
% function evaluation | noise-free fitness - Fopt (3.777000000000e+01) | best noise-free fitness - Fopt | measured fitness | best measured fitness | x1 | x2...
1 +5.685916377e+08 +5.685916377e+08 +5.685916755e+08 +5.685916755e+08 +3.8275e+00 -3.2449e+00 -3.3780e+00 -3.4080e+00 -1.9786e+00 +4.7734e-01 -1.8276e+00 +1.9773e+00 +9.6861e-01 +2.2697e+00
2 +2.829741270e+07 +2.829741270e+07 +2.829745047e+07 +2.829745047e+07 -1.6710e+00 +1.8502e+00 +2.5515e-01 +2.9625e+00 +2.0497e+00 -6.5136e-01 -2.6473e+00 +2.3227e+00 +1.4809e+00 +3.2127e-01
38 +2.423656524e+07 +2.423656524e+07 +2.423660301e+07 +2.423660301e+07 -2.4583e+00 -2.9080e-01 -3.9812e-01 +1.1993e+00 +1.5470e+00 -2.0991e+00 -1.7093e+00 +2.6380e+00 -9.0680e-01 +8.2232e-01
213 +1.558475811e+07 +1.558475811e+07 +1.558479588e+07 +1.558479588e+07 -2.2470e+00 +2.2547e+00 -3.6258e-01 -1.1819e+00 +1.6100e+00 -3.1668e+00 -1.7354e+00 +1.4084e+00 +2.0465e+00 -2.4202e+00
1247 +9.853440754e+06 +9.853440754e+06 +9.853478524e+06 +9.853478524e+06 -2.2830e+00 +1.9542e+00 -2.7967e-01 -1.0657e+00 +1.6827e+00 -3.0097e+00 -2.1203e+00 +1.7935e+00 +1.4474e+00 -2.3936e+00
2623 +6.188408388e+06 +6.188408388e+06 +6.188446158e+06 +6.188446158e+06 -1.9988e+00 +2.1994e+00 +1.9102e-02 -7.1769e-01 +1.5024e+00 -3.0303e+00 -2.2149e+00 +1.7670e+00 +9.1833e-01 -2.1968e+00
3241 +3.976850263e+06 +3.976850263e+06 +3.976888033e+06 +3.976888033e+06 -1.9624e+00 +2.2676e+00 +1.7628e-01 -5.7077e-01 +1.4608e+00 -3.1551e+00 -2.4294e+00 +2.1701e+00 +6.3678e-01 -2.1421e+00
3874 +2.351214747e+06 +2.351214747e+06 +2.351252517e+06 +2.351252517e+06 -1.8773e+00 +2.2343e+00 +2.5337e-01 -3.7339e-01 +1.5181e+00 -3.2564e+00 -2.3480e+00 +2.3284e+00 +2.8063e-01 -2.4573e+00
4601 +1.497969514e+06 +1.497969514e+06 +1.498007284e+06 +1.498007284e+06 -1.7367e+00 +1.9925e+00 +4.4205e-01 -1.6697e-01 +1.7901e+00 -3.0852e+00 -2.6912e+00 +2.3399e+00 -3.5797e-02 -2.2016e+00
4992 +9.092384275e+05 +9.092384275e+05 +9.092761975e+05 +9.092761975e+05 -1.5814e+00 +2.1883e+00 +3.7353e-01 -1.2939e-01 +1.8095e+00 -3.2305e+00 -2.6731e+00 +2.4385e+00 -1.7884e-01 -2.3132e+00
5264 +6.227216917e+05 +6.227216917e+05 +6.227594617e+05 +6.227594617e+05 -1.5698e+00 +2.1491e+00 +5.6497e-01 -2.7880e-02 +1.9554e+00 -3.2911e+00 -2.7999e+00 +2.6633e+00 -3.2939e-01 -2.3501e+00
5512 +3.666975422e+05 +3.666975422e+05 +3.667353122e+05 +3.667353122e+05 -1.4651e+00 +2.1191e+00 +4.1793e-01 +4.8559e-02 +1.7823e+00 -3.2315e+00 -2.8481e+00 +2.6167e+00 -4.4524e-01 -2.3765e+00
5645 +2.363662813e+05 +2.363662813e+05 +2.364040513e+05 +2.364040513e+05 -1.3724e+00 +2.1714e+00 +4.3086e-01 -6.0751e-02 +1.8275e+00 -3.2707e+00 -2.9455e+00 +2.6709e+00 -5.2415e-01 -2.4825e+00
6114 +1.182932454e+05 +1.182932454e+05 +1.183310154e+05 +1.183310154e+05 -1.3547e+00 +2.1511e+00 +3.2259e-01 -1.2529e-01 +1.8819e+00 -3.3910e+00 -2.9631e+00 +2.6289e+00 -7.0257e-01 -2.6416e+00
6251 +8.623643613e+04 +8.623643613e+04 +8.627420613e+04 +8.627420613e+04 -1.3253e+00 +2.1857e+00 +3.3861e-01 -1.4044e-01 +1.6653e+00 -3.3583e+00 -2.9336e+00 +2.7158e+00 -7.6031e-01 -2.5345e+00
6378 +5.841891043e+04 +5.841891043e+04 +5.845668043e+04 +5.845668043e+04 -1.3133e+00 +2.2296e+00 +4.6383e-01 -8.0863e-02 +1.8227e+00 -3.4282e+00 -2.8827e+00 +2.6672e+00 -7.1299e-01 -2.7332e+00
6522 +3.391450082e+04 +3.391450082e+04 +3.395227082e+04 +3.395227082e+04 -1.2522e+00 +2.1907e+00 +3.1578e-01 -5.4332e-02 +1.6289e+00 -3.4886e+00 -2.9144e+00 +2.6882e+00 -7.8091e-01 -2.5938e+00
6762 +8.253518874e+03 +8.253518874e+03 +8.291288874e+03 +8.291288874e+03 -1.2408e+00 +2.1428e+00 +4.4385e-01 +4.7825e-02 +1.6890e+00 -3.4974e+00 -2.9325e+00 +2.7678e+00 -8.0359e-01 -2.6595e+00
% function evaluation | noise-free fitness - Fopt (-6.720000000000e+01) | best noise-free fitness - Fopt | measured fitness | best measured fitness | x1 | x2...
1 +5.570286228e+08 +5.570286228e+08 +5.570285556e+08 +5.570285556e+08 -3.3707e+00 +3.7450e+00 +1.7239e+00 -1.4936e+00 +3.7182e-01 +2.9865e+00 +1.2450e+00 -1.0176e+00 +2.6491e+00 -2.9663e+00
2 +7.375219264e+07 +7.375219264e+07 +7.375212544e+07 +7.375212544e+07 -3.8633e+00 -3.1689e-01 -3.7737e+00 -1.9274e+00 -1.9379e+00 -1.0096e+00 -2.5851e+00 +3.9283e+00 +2.5533e+00 +3.2059e+00
6 +4.545772946e+07 +4.545772946e+07 +4.545766226e+07 +4.545766226e+07 +2.3481e+00 -1.2129e+00 -2.7778e+00 +3.5612e+00 +1.4902e+00 +8.4907e-01 -3.1663e+00 -2.9602e-01 +7.2174e-01 +1.8734e+00
75 +3.933557756e+07 +3.933557756e+07 +3.933551036e+07 +3.933551036e+07 -1.6001e+00 +4.0478e-01 -1.1347e+00 +1.8810e+00 +2.2655e+00 +2.6748e+00 -3.3118e+00 +2.7806e+00 -3.6760e-01 +2.1006e+00
676 +2.469534568e+07 +2.469534568e+07 +2.469527848e+07 +2.469527848e+07 +1.1017e+00 -1.5988e+00 -2.2670e+00 +1.5673e+00 +3.3025e+00 +8.8978e-02 -3.4681e+00 +6.3165e-02 +9.4186e-01 +6.6096e-01
2061 +1.572389765e+07 +1.572389765e+07 +1.572383045e+07 +1.572383045e+07 +1.1707e+00 -1.8629e+00 -2.1837e+00 +1.4123e+00 +3.0488e+00 +1.4839e-01 -3.5698e+00 +5.7921e-01 +1.4464e+00 +7.8273e-01
3171 +9.577636257e+06 +9.577636257e+06 +9.577569057e+06 +9.577569057e+06 +7.2785e-01 -2.0717e+00 -2.1245e+00 +1.0674e+00 +2.7270e+00 +1.2989e-01 -3.7021e+00 +1.0935e+00 +1.3402e+00 +8.7790e-01
3966 +5.934567264e+06 +5.934567264e+06 +5.934500064e+06 +5.934500064e+06 +7.3054e-01 -2.3593e+00 -2.2975e+00 +8.3505e-01 +2.4190e+00 -1.7207e-02 -3.9093e+00 +1.4460e+00 +1.5587e+00 +8.2976e-01
4941 +3.909258690e+06 +3.909258690e+06 +3.909191490e+06 +3.909191490e+06 +5.1090e-01 -2.5060e+00 -2.2717e+00 +6.3523e-01 +2.4207e+00 -6.3280e-02 -3.8216e+00 +1.7426e+00 +1.7646e+00 +5.9659e-01
5463 +2.452667110e+06 +2.452667110e+06 +2.452599910e+06 +2.452599910e+06 +5.1496e-01 -2.6623e+00 -2.3971e+00 +6.5213e-01 +2.2603e+00 +2.2286e-01 -3.8328e+00 +2.0718e+00 +1.7504e+00 +3.3207e-01
6194 +1.426259174e+06 +1.426259174e+06 +1.426191974e+06 +1.426191974e+06 +4.6297e-01 -2.6679e+00 -2.4661e+00 +5.8305e-01 +2.0558e+00 +4.6871e-01 -3.7998e+00 +2.3981e+00 +1.8718e+00 +1.2262e-01
6459 +9.804806019e+05 +9.804806019e+05 +9.804134019e+05 +9.804134019e+05 +4.0603e-01 -2.7343e+00 -2.4744e+00 +5.4672e-01 +1.8924e+00 +3.0267e-01 -3.7622e+00 +2.4797e+00 +1.9414e+00 +1.3931e-01
6845 +6.093020230e+05 +6.093020230e+05 +6.092348230e+05 +6.092348230e+05 +4.4849e-01 -2.8610e+00 -2.4140e+00 +4.2180e-01 +1.8819e+00 +2.0056e-01 -3.6916e+00 +2.7328e+00 +1.9797e+00 +1.4402e-01
7107 +3.739847766e+05 +3.739847766e+05 +3.739175766e+05 +3.739175766e+05 +3.3259e-01 -2.7980e+00 -2.3753e+00 +5.1111e-01 +1.7898e+00 +3.0132e-01 -3.6808e+00 +2.8958e+00 +2.0628e+00 +1.8033e-01
7573 +2.431266694e+05 +2.431266694e+05 +2.430594694e+05 +2.430594694e+05 +1.3574e-01 -2.7843e+00 -2.3488e+00 +3.9607e-01 +1.6356e+00 +3.6884e-01 -3.7264e+00 +2.8677e+00 +2.1706e+00 +2.1947e-01
7838 +1.468454535e+05 +1.468454535e+05 +1.467782535e+05 +1.467782535e+05 +1.5509e-01 -2.7756e+00 -2.3957e+00 +4.4195e-01 +1.6404e+00 +3.4987e-01 -3.8147e+00 +2.9751e+00 +2.2324e+00 +2.3241e-01
7963 +9.985316180e+04 +9.985316180e+04 +9.978596180e+04 +9.978596180e+04 +4.6009e-02 -2.8021e+00 -2.4433e+00 +4.5920e-01 +1.6778e+00 +1.5389e-01 -3.8850e+00 +3.1296e+00 +2.1642e+00 +3.3723e-01
8102 +4.830410890e+04 +4.830410890e+04 +4.823690890e+04 +4.823690890e+04 +5.5942e-02 -2.8587e+00 -2.5017e+00 +3.9566e-01 +1.6730e+00 +1.7207e-01 -3.9175e+00 +3.1409e+00 +2.2472e+00 +3.3766e-01
8232 +3.332232575e+04 +3.332232575e+04 +3.325512575e+04 +3.325512575e+04 -1.7193e-02 -2.9093e+00 -2.4943e+00 +3.3128e-01 +1.6046e+00 +1.2013e-01 -3.8277e+00 +3.0970e+00 +2.2869e+00 +2.5969e-01
8489 +2.324693106e+04 +2.324693106e+04 +2.317973106e+04 +2.317973106e+04 +2.8965e-02 -2.8321e+00 -2.3939e+00 +3.2407e-01 +1.5533e+00 +1.5162e-01 -3.9503e+00 +3.1627e+00 +2.3596e+00 +3.2367e-01
8665 +9.184760739e+03 +9.184760739e+03 +9.117560739e+03 +9.117560739e+03 +1.8232e-01 -2.9194e+00 -2.4532e+00 +3.2113e-01 +1.5297e+00 +2.3342e-01 -3.9402e+00 +3.2462e+00 +2.3470e+00 +2.4540e-01
13160 +2.690219203e+03 +2.690219203e+03 +2.623019203e+03 +2.623019203e+03 +1.3563e-01 -2.9668e+00 -2.4492e+00 +3.2953e-01 +1.5145e+00 +2.1935e-01 -3.9139e+00 +3.2131e+00 +2.3473e+00 +3.2780e-01
% function evaluation | noise-free fitness - Fopt (-7.010000000000e+00) | best noise-free fitness - Fopt | measured fitness | best measured fitness | x1 | x2...
1 +1.184916393e+08 +1.184916393e+08 +1.184916323e+08 +1.184916323e+08 -3.8418e+00 -2.0988e+00 -7.6328e-01 +1.6078e+00 +9.2330e-01 -4.8538e-01 -2.7301e+00 +3.6325e+00 +9.8019e-02 +4.4309e-02
10 +7.022427691e+07 +7.022427691e+07 +7.022426990e+07 +7.022426990e+07 -3.4230e+00 +3.0255e+00 -2.0724e+00 +3.9357e+00 +4.0059e-01 -2.1116e+00 +2.2673e+00 -2.7105e+00 -3.9416e+00 +1.7184e+00
11 +4.548729827e+07 +4.548729827e+07 +4.548729126e+07 +4.548729126e+07 -3.0242e+00 +8.9076e-01 -2.0767e+00 +2.5081e+00 -1.0612e-01 +1.7034e+00 -1.5145e+00 -2.0071e+00 -1.8355e+00 +2.1209e+00
31 +3.615062546e+07 +3.615062546e+07 +3.615061845e+07 +3.615061845e+07 -1.1569e+00 +1.7198e+00 -2.0947e+00 +1.7441e+00 -5.4653e-01 +6.4511e-01 -1.3994e-01 -1.3735e+00 -5.1892e-01 +2.5594e+00
91 +2.155982018e+07 +2.155982018e+07 +2.155981317e+07 +2.155981317e+07 -2.6295e+00 +2.3390e+00 -2.6865e+00 +1.4778e+00 -9.8821e-01 -1.5425e+00 -1.4747e+00 -4.0068e-02 -2.7574e+00 +3.1872e+00
1007 +1.541101383e+07 +1.541101383e+07 +1.541100682e+07 +1.541100682e+07 -2.2547e+00 +2.5901e+00 -2.8258e+00 +1.9725e+00 -8.6865e-01 -1.5148e+00 -1.8067e+00 -1.3232e-01 -2.8418e+00 +3.1833e+00
2365 +9.788449831e+06 +9.788449831e+06 +9.788442821e+06 +9.788442821e+06 -1.9222e+00 +2.9837e+00 -2.9508e+00 +2.4524e+00 -6.4028e-01 -1.8273e+00 -2.0090e+00 -3.2470e-01 -2.8207e+00 +3.3023e+00
3238 +6.283475653e+06 +6.283475653e+06 +6.283468643e+06 +6.283468643e+06 -1.6070e+00 +3.1433e+00 -3.2058e+00 +2.7519e+00 -5.2314e-01 -2.2347e+00 -2.1992e+00 -4.5457e-01 -2.8493e+00 +3.2752e+00
4010 +3.873525365e+06 +3.873525365e+06 +3.873518355e+06 +3.873518355e+06 -1.2945e+00 +3.1799e+00 -3.3220e+00 +3.0587e+00 -6.1367e-01 -2.3022e+00 -2.5874e+00 -6.6998e-01 -3.0082e+00 +3.1854e+00
4733 +2.445888628e+06 +2.445888628e+06 +2.445881618e+06 +2.445881618e+06 -1.1090e+00 +3.3364e+00 -3.4001e+00 +3.1985e+00 -5.9828e-01 -2.3706e+00 -2.8086e+00 -8.1465e-01 -3.1365e+00 +3.3466e+00
5129 +1.460010233e+06 +1.460010233e+06 +1.460003223e+06 +1.460003223e+06 -9.0100e-01 +3.5670e+00 -3.5963e+00 +3.3262e+00 -4.6718e-01 -2.4503e+00 -2.8865e+00 -9.6076e-01 -3.0846e+00 +3.3675e+00
5519 +9.887656145e+05 +9.887656145e+05 +9.887586045e+05 +9.887586045e+05 -7.4944e-01 +3.5116e+00 -3.6074e+00 +3.3964e+00 -5.4632e-01 -2.5204e+00 -3.0225e+00 -1.1259e+00 -3.2677e+00 +3.4420e+00
6111 +5.254215058e+05 +5.254215058e+05 +5.254144958e+05 +5.254144958e+05 -4.7116e-01 +3.4920e+00 -3.4951e+00 +3.6584e+00 -2.8137e-01 -2.6486e+00 -2.9299e+00 -1.1694e+00 -3.2794e+00 +3.5669e+00
6376 +3.679753508e+05 +3.679753508e+05 +3.679683408e+05 +3.679683408e+05 -3.3547e-01 +3.5803e+00 -3.4054e+00 +3.6898e+00 -4.2150e-01 -2.6659e+00 -3.0605e+00 -1.2328e+00 -3.2733e+00 +3.5330e+00
6634 +2.297589930e+05 +2.297589930e+05 +2.297519830e+05 +2.297519830e+05 -2.3094e-01 +3.7918e+00 -3.4231e+00 +3.6637e+00 -4.1239e-01 -2.5512e+00 -2.8995e+00 -1.1509e+00 -3.2061e+00 +3.6734e+00
6785 +1.487187485e+05 +1.487187485e+05 +1.487117385e+05 +1.487117385e+05 -1.4769e-01 +3.6898e+00 -3.4460e+00 +3.7915e+00 -4.1797e-01 -2.5034e+00 -2.9692e+00 -1.0435e+00 -3.3819e+00 +3.6256e+00
6902 +7.821702017e+04 +7.821702017e+04 +7.821001017e+04 +7.821001017e+04 -1.5659e-01 +3.8301e+00 -3.4774e+00 +3.7870e+00 -3.7897e-01 -2.4141e+00 -3.1579e+00 -1.2096e+00 -3.4016e+00 +3.7414e+00
6908 +6.172521298e+04 +6.172521298e+04 +6.171820298e+04 +6.171820298e+04 -1.2307e-01 +3.7842e+00 -3.5009e+00 +3.8636e+00 -4.2834e-01 -2.5546e+00 -3.0423e+00 -1.1261e+00 -3.4252e+00 +3.6773e+00
7044 +3.137359698e+04 +3.137359698e+04 +3.136658698e+04 +3.136658698e+04 -4.3523e-02 +3.8113e+00 -3.5685e+00 +3.8708e+00 -3.6760e-01 -2.4690e+00 -3.0650e+00 -1.1003e+00 -3.3236e+00 +3.7389e+00
7173 +2.040984053e+04 +2.040984053e+04 +2.040283053e+04 +2.040283053e+04 -2.1393e-02 +3.8740e+00 -3.5814e+00 +3.8650e+00 -3.4106e-01 -2.5044e+00 -3.1184e+00 -1.1237e+00 -3.3258e+00 +3.7468e+00
7285 +1.096561279e+04 +1.096561279e+04 +1.095860279e+04 +1.095860279e+04 -6.1846e-02 +3.8929e+00 -3.6155e+00 +3.8871e+00 -4.3127e-01 -2.5821e+00 -3.0864e+00 -1.0912e+00 -3.4122e+00 +3.7190e+00
9654 +6.820710923e+03 +6.820710923e+03 +6.813700923e+03 +6.813700923e+03 -4.2484e-02 +3.9469e+00 -3.7292e+00 +3.8179e+00 -3.8140e-01 -2.5735e+00 -2.9813e+00 -9.9211e-01 -3.4942e+00 +3.7661e+00
% function evaluation | noise-free fitness - Fopt (-1.297300000000e+02) | best noise-free fitness - Fopt | measured fitness | best measured fitness | x1 | x2...
1 +4.504790628e+08 +4.504790628e+08 +4.504789331e+08 +4.504789331e+08 -2.5703e+00 +1.1517e+00 +3.9711e+00 -8.4165e-01 -1.3964e+00 -3.5300e+00 +3.2057e-01 -4.4924e-01 -6.8727e-01 -2.8159e+00
2 +1.076693626e+08 +1.076693626e+08 +1.076692329e+08 +1.076692329e+08 +3.8067e+00 -2.0675e+00 +1.7254e+00 +3.4610e+00 -3.9874e+00 -3.6984e+00 -3.3692e-01 +3.3180e+00 -7.7840e-01 -2.7886e+00
3 +9.514479845e+07 +9.514479845e+07 +9.514466872e+07 +9.514466872e+07 +1.1026e-01 +1.4048e+00 -5.1173e-01 +3.2884e+00 -2.9110e+00 +1.3922e+00 -3.1494e-01 +1.2026e+00 -1.3040e+00 -3.6067e+00
7 +4.548512357e+07 +4.548512357e+07 +4.548499384e+07 +4.548499384e+07 -3.1376e-01 -8.0195e-01 +2.6785e+00 +4.2507e-01 -2.5975e+00 +3.9299e+00 +3.2698e+00 -1.3700e+00 +2.7101e+00 -3.5554e+00
22 +3.326539802e+07 +3.326539802e+07 +3.326526829e+07 +3.326526829e+07 +1.7056e+00 -2.7360e-01 +1.2566e+00 -5.1071e-01 -3.6304e-01 +1.0811e+00 +1.3047e+00 -1.1445e+00 +2.5892e+00 -3.2148e+00
935 +2.477170503e+07 +2.477170503e+07 +2.477157530e+07 +2.477157530e+07 +2.0090e+00 -4.8711e-01 +1.2353e+00 -1.9675e-01 -5.6776e-01 +1.4611e+00 +1.1014e+00 -9.8816e-01 +2.6007e+00 -3.3718e+00
2573 +1.534711128e+07 +1.534711128e+07 +1.534698155e+07 +1.534698155e+07 +2.5819e+00 -1.0681e+00 +1.5909e+00 -1.1093e-01 -6.8453e-01 +1.9098e+00 +8.4986e-01 -1.1373e+00 +2.9486e+00 -3.5252e+00
3709 +9.923754762e+06 +9.923754762e+06 +9.923625032e+06 +9.923625032e+06 +2.7360e+00 -1.5611e+00 +1.5640e+00 +1.4396e-01 -1.1211e+00 +2.3061e+00 +9.5652e-01 -9.2746e-01 +2.9297e+00 -3.4491e+00
4954 +5.945309869e+06 +5.945309869e+06 +5.945180139e+06 +5.945180139e+06 +2.9405e+00 -2.0413e+00 +1.4680e+00 +2.0166e-01 -1.4106e+00 +2.5744e+00 +8.5570e-01 -6.9668e-01 +3.2958e+00 -3.7145e+00
5728 +3.831126852e+06 +3.831126852e+06 +3.830997122e+06 +3.830997122e+06 +3.1698e+00 -2.4538e+00 +1.3481e+00 +2.2791e-01 -1.4980e+00 +2.7129e+00 +9.8444e-01 -8.2355e-01 +3.3585e+00 -3.7424e+00
6469 +2.454826142e+06 +2.454826142e+06 +2.454696412e+06 +2.454696412e+06 +3.2770e+00 -2.7449e+00 +1.4012e+00 +3.3943e-01 -1.7215e+00 +2.8618e+00 +8.9889e-01 -7.6602e-01 +3.3349e+00 -3.8594e+00
6982 +1.534663225e+06 +1.534663225e+06 +1.534533495e+06 +1.534533495e+06 +3.4301e+00 -2.9788e+00 +1.4163e+00 +2.6430e-01 -1.8549e+00 +2.9545e+00 +7.9989e-01 -9.1870e-01 +3.5366e+00 -3.9559e+00
7581 +9.472363430e+05 +9.472363430e+05 +9.471066130e+05 +9.471066130e+05 +3.5598e+00 -3.2178e+00 +1.2607e+00 +4.9033e-01 -1.7794e+00 +3.0981e+00 +7.2258e-01 -8.2000e-01 +3.6235e+00 -3.8079e+00
7840 +6.087012086e+05 +6.087012086e+05 +6.085714786e+05 +6.085714786e+05 +3.6473e+00 -3.3337e+00 +1.2203e+00 +6.0630e-01 -1.9580e+00 +3.0415e+00 +6.0772e-01 -9.5712e-01 +3.7245e+00 -3.7628e+00
8108 +3.683720606e+05 +3.683720606e+05 +3.682423306e+05 +3.682423306e+05 +3.6600e+00 -3.4248e+00 +1.3315e+00 +4.7534e-01 -2.0722e+00 +3.2141e+00 +5.6193e-01 -9.9635e-01 +3.7933e+00 -3.7868e+00
8351 +2.260979106e+05 +2.260979106e+05 +2.259681806e+05 +2.259681806e+05 +3.6668e+00 -3.5251e+00 +1.2378e+00 +5.1545e-01 -2.1855e+00 +3.3181e+00 +6.3883e-01 -1.0322e+00 +3.8004e+00 -3.6641e+00
8621 +1.187291698e+05 +1.187291698e+05 +1.185994398e+05 +1.185994398e+05 +3.7594e+00 -3.6191e+00 +1.4048e+00 +6.0814e-01 -2.1915e+00 +3.4126e+00 +5.0565e-01 -9.7711e-01 +3.7160e+00 -3.7176e+00
8749 +8.727524177e+04 +8.727524177e+04 +8.714551177e+04 +8.714551177e+04 +3.8476e+00 -3.6782e+00 +1.3382e+00 +6.8111e-01 -2.2729e+00 +3.4036e+00 +5.5522e-01 -9.9377e-01 +3.7637e+00 -3.6973e+00
9357 +5.376336486e+04 +5.376336486e+04 +5.363363486e+04 +5.363363486e+04 +3.7918e+00 -3.8107e+00 +1.3916e+00 +4.9861e-01 -2.2130e+00 +3.4993e+00 +5.6426e-01 -1.0048e+00 +3.6916e+00 -3.7395e+00
9472 +3.511242616e+04 +3.511242616e+04 +3.498269616e+04 +3.498269616e+04 +3.7679e+00 -3.7880e+00 +1.4261e+00 +5.3816e-01 -2.2086e+00 +3.4150e+00 +5.6342e-01 -9.6416e-01 +3.7289e+00 -3.6928e+00
9601 +1.839106028e+04 +1.839106028e+04 +1.826133028e+04 +1.826133028e+04 +3.8071e+00 -3.8902e+00 +1.5413e+00 +6.5876e-01 -2.3017e+00 +3.4115e+00 +6.3030e-01 -9.7395e-01 +3.6993e+00 -3.5032e+00
9740 +1.534162884e+04 +1.534162884e+04 +1.521189884e+04 +1.521189884e+04 +3.7768e+00 -3.8995e+00 +1.4583e+00 +6.4440e-01 -2.2430e+00 +3.4652e+00 +6.5127e-01 -9.0968e-01 +3.7439e+00 -3.5809e+00
9750 +9.603019373e+03 +9.603019373e+03 +9.473289373e+03 +9.473289373e+03 +3.7872e+00 -3.8173e+00 +1.4687e+00 +5.8101e-01 -2.3338e+00 +3.3883e+00 +6.0230e-01 -9.3587e-01 +3.7414e+00 -3.6565e+00
11315 +5.873876735e+03 +5.873876735e+03 +5.744146735e+03 +5.744146735e+03 +5.3379e+00 -3.5398e+00 +1.4237e+00 -6.9375e-01 -2.1937e-01 +5.2469e+00 -8.9534e-02 -1.2562e+00 +3.2503e+00 -1.5419e+00
% function evaluation | noise-free fitness - Fopt (1.000000000000e+03) | best noise-free fitness - Fopt | measured fitness | best measured fitness | x1 | x2...
1 +1.798977822e+08 +1.798977822e+08 +1.798987822e+08 +1.798987822e+08 -2.0415e+00 -1.7229e+00 +3.0170e+00 -1.1763e+00 -3.3898e+00 -2.6326e+00 +1.4272e+00 +3.9757e+00 +3.7032e+00 -2.6563e+00
2 +7.711154404e+07 +7.711154404e+07 +7.711254404e+07 +7.711254404e+07 -1.8395e+00 -3.1462e+00 -2.1309e+00 +2.9348e+00 -2.5552e+00 +1.8233e+00 +5.1394e-01 -3.6479e+00 +7.0571e-01 +1.4674e+00
9 +3.687941120e+07 +3.687941120e+07 +3.688041120e+07 +3.688041120e+07 -2.1792e+00 -5.6377e-01 -2.4158e+00 -2.8642e+00 -3.0659e+00 -2.4112e+00 -1.0902e+00 -1.6418e+00 +5.8829e-01 +6.8463e-01
158 +2.459336124e+07 +2.459336124e+07 +2.459436124e+07 +2.459436124e+07 -1.8465e+00 +1.8094e+00 -1.8382e+00 -2.6113e+00 -3.1137e+00 +6.3956e-01 -2.1676e+00 -1.2457e+00 +1.5268e+00 +1.4078e+00
591 +1.573161738e+07 +1.573161738e+07 +1.573261738e+07 +1.573261738e+07 -1.4590e+00 -7.2703e-01 -2.2904e+00 -2.5863e+00 -2.9909e+00 +4.1012e-02 +1.0068e+00 -1.0719e+00 +3.0546e+00 +2.5259e+00
1841 +9.905497638e+06 +9.905497638e+06 +9.906497638e+06 +9.906497638e+06 -1.7126e+00 -3.8363e-01 -2.3798e+00 -2.8244e+00 -2.6200e+00 -6.3576e-03 +1.2358e+00 -5.7906e-01 +2.8375e+00 +2.8041e+00
2752 +5.826404474e+06 +5.826404474e+06 +5.827404474e+06 +5.827404474e+06 -1.6567e+00 +4.2629e-02 -2.2349e+00 -2.9902e+00 -2.3221e+00 +9.2656e-02 +1.4906e+00 -8.0605e-01 +2.5969e+00 +3.4316e+00
3613 +3.757405970e+06 +3.757405970e+06 +3.758405970e+06 +3.758405970e+06 -1.6341e+00 +3.0936e-01 -2.3652e+00 -3.1559e+00 -2.0806e+00 +2.4991e-03 +1.5395e+00 -7.6327e-01 +2.2963e+00 +3.6131e+00
4261 +2.322741122e+06 +2.322741122e+06 +2.323741122e+06 +2.323741122e+06 -1.7382e+00 +4.0129e-01 -2.0698e+00 -3.3373e+00 -1.7786e+00 -8.1624e-02 +1.8374e+00 -5.3690e-01 +1.9539e+00 +3.6041e+00
4867 +1.546383448e+06 +1.546383448e+06 +1.547383448e+06 +1.547383448e+06 -1.7337e+00 +7.8730e-01 -2.1931e+00 -3.3145e+00 -1.6219e+00 +2.5538e-02 +1.7783e+00 -4.9412e-01 +1.7874e+00 +3.6540e+00
5252 +9.441681386e+05 +9.441681386e+05 +9.451681386e+05 +9.451681386e+05 -1.7829e+00 +6.5950e-01 -2.3128e+00 -3.2246e+00 -1.4617e+00 +1.5743e-01 +1.7155e+00 -3.5140e-01 +1.6968e+00 +3.9437e+00
5526 +5.109408735e+05 +5.109408735e+05 +5.119408735e+05 +5.119408735e+05 -1.8980e+00 +7.8541e-01 -2.3969e+00 -3.5451e+00 -1.4653e+00 +1.5048e-01 +1.8666e+00 -3.6792e-01 +1.6539e+00 +4.0903e+00
5799 +3.935163062e+05 +3.935163062e+05 +3.945163062e+05 +3.945163062e+05 -1.9947e+00 +7.9216e-01 -2.3713e+00 -3.7127e+00 -1.4289e+00 +8.6535e-02 +1.9224e+00 -4.0317e-01 +1.6078e+00 +4.1825e+00
6249 +2.465548523e+05 +2.465548523e+05 +2.475548523e+05 +2.475548523e+05 -2.0698e+00 +8.2684e-01 -2.4806e+00 -3.7047e+00 -1.3227e+00 +1.4754e-02 +1.9058e+00 -3.2065e-01 +1.5713e+00 +4.2566e+00
6387 +1.347005251e+05 +1.347005251e+05 +1.357005251e+05 +1.357005251e+05 -1.8276e+00 +6.9234e-01 -2.4804e+00 -3.7558e+00 -1.2484e+00 -3.7005e-02 +1.9239e+00 -3.6796e-01 +1.5201e+00 +4.3173e+00
6501 +8.762388977e+04 +8.762388977e+04 +8.862388977e+04 +8.862388977e+04 -1.9860e+00 +8.3404e-01 -2.5645e+00 -3.6074e+00 -1.1311e+00 +8.6757e-02 +1.8339e+00 -2.8309e-01 +1.5125e+00 +4.1863e+00
6635 +5.581524067e+04 +5.581524067e+04 +5.681524067e+04 +5.681524067e+04 -1.8895e+00 +7.9910e-01 -2.5173e+00 -3.5794e+00 -1.0960e+00 +7.2876e-02 +1.8780e+00 -3.1290e-01 +1.5766e+00 +4.4033e+00
6893 +3.540690561e+04 +3.540690561e+04 +3.640690561e+04 +3.640690561e+04 -1.8677e+00 +7.6345e-01 -2.6934e+00 -3.6572e+00 -1.0414e+00 +2.1498e-01 +1.9262e+00 -2.8490e-01 +1.5789e+00 +4.3890e+00
7028 +1.948615843e+04 +1.948615843e+04 +2.048615843e+04 +2.048615843e+04 -1.8495e+00 +6.8343e-01 -2.6677e+00 -3.5912e+00 -1.1171e+00 +1.4358e-01 +1.8713e+00 -2.4507e-01 +1.5794e+00 +4.4106e+00
7634 +1.060350819e+04 +1.060350819e+04 +1.160350819e+04 +1.160350819e+04 -1.8337e+00 +8.0629e-01 -2.6231e+00 -3.5280e+00 -1.0344e+00 +1.5178e-01 +1.8579e+00 -2.5174e-01 +1.4225e+00 +4.3420e+00
7897 +6.362211816e+03 +6.362211816e+03 +7.362211816e+03 +7.362211816e+03 -1.8781e+00 +6.5667e-01 -2.6627e+00 -3.5562e+00 -1.0374e+00 +1.5030e-01 +1.7957e+00 -2.6641e-01 +1.4258e+00 +4.3645e+00
14001 +5.972066566e+03 +5.972066566e+03 +6.972066566e+03 +6.972066566e+03 -2.7994e+00 +2.3682e+00 -2.6572e+00 -1.9896e+00 +2.4602e-02 -3.6026e-01 -8.7599e-02 -5.9767e-01 +1.3974e-02 +2.6330e+00
14054 +3.403355757e+03 +3.403355757e+03 +4.403355757e+03 +4.403355757e+03 -1.9272e+00 +7.6834e-01 -2.6320e+00 -3.4830e+00 -9.6040e-01 +9.6630e-02 +1.7850e+00 -2.8884e-01 +1.3819e+00 +4.2677e+00
% function evaluation | noise-free fitness - Fopt (-1.152000000000e+02) | best noise-free fitness - Fopt | measured fitness | best measured fitness | x1 | x2...
1 +3.763030044e+07 +3.763030044e+07 +3.763018524e+07 +3.763018524e+07 -1.9196e+00 -1.9321e+00 +3.5806e+00 -1.1518e+00 -2.3558e-01 -3.9510e+00 +3.5256e+00 +3.9154e+00 -9.4709e-01 -1.5388e+00
15 +2.413115448e+07 +2.413115448e+07 +2.413103928e+07 +2.413103928e+07 -1.3544e+00 -3.4702e+00 -3.3204e+00 -2.8160e+00 -3.1049e+00 -4.1001e-01 +1.7856e-02 -1.2706e-01 -3.9244e+00 +1.6159e+00
356 +1.337482851e+07 +1.337482851e+07 +1.337471331e+07 +1.337471331e+07 -3.3341e+00 -3.5865e+00 -2.3393e+00 -1.7416e+00 -2.1146e+00 -2.4142e+00 +9.4007e-03 +5.7306e-01 -1.6492e+00 -3.1436e+00
1114 +9.966096965e+06 +9.966096965e+06 +9.965981765e+06 +9.965981765e+06 -2.9338e+00 -3.4684e+00 -1.5106e+00 -1.6640e+00 -2.0005e+00 -1.4908e+00 +2.1455e-01 +5.3418e-01 -1.4717e+00 -2.5334e+00
1974 +6.237667417e+06 +6.237667417e+06 +6.237552217e+06 +6.237552217e+06 -3.0994e+00 -3.6468e+00 -1.0177e+00 -1.8527e+00 -1.9668e+00 -1.5862e+00 +1.8465e-01 +7.9934e-01 -1.7667e+00 -2.1440e+00
2768 +3.916956350e+06 +3.916956350e+06 +3.916841150e+06 +3.916841150e+06 -2.9855e+00 -3.6087e+00 -7.2020e-01 -2.2026e+00 -2.0562e+00 -1.7391e+00 +2.1461e-01 +9.4113e-01 -1.9630e+00 -1.8553e+00
3620 +2.417986751e+06 +2.417986751e+06 +2.417871551e+06 +2.417871551e+06 -3.2468e+00 -3.8198e+00 -5.5083e-01 -2.4140e+00 -1.9894e+00 -1.9316e+00 +4.3545e-02 +1.0066e+00 -2.0952e+00 -1.5909e+00
4132 +1.382685039e+06 +1.382685039e+06 +1.382569839e+06 +1.382569839e+06 -3.3318e+00 -3.9535e+00 -4.1869e-01 -2.6157e+00 -2.2488e+00 -1.9536e+00 +1.2556e-02 +1.0564e+00 -1.9665e+00 -1.3555e+00
4602 +8.942721147e+05 +8.942721147e+05 +8.941569147e+05 +8.941569147e+05 -3.3808e+00 -3.9969e+00 -4.2941e-01 -2.7858e+00 -2.2965e+00 -2.0102e+00 +1.1173e-01 +1.0410e+00 -1.8933e+00 -1.2346e+00
4874 +6.177039849e+05 +6.177039849e+05 +6.175887849e+05 +6.175887849e+05 -3.4195e+00 -3.8342e+00 -4.5042e-01 -2.8050e+00 -2.3410e+00 -2.1065e+00 +1.6632e-01 +1.0994e+00 -1.8923e+00 -1.0569e+00
5124 +3.847573964e+05 +3.847573964e+05 +3.846421964e+05 +3.846421964e+05 -3.4895e+00 -3.8744e+00 -3.7404e-01 -2.9670e+00 -2.4290e+00 -2.0967e+00 +1.6816e-01 +1.2136e+00 -1.8302e+00 -9.9194e-01
5255 +2.124876223e+05 +2.124876223e+05 +2.123724223e+05 +2.123724223e+05 -3.5241e+00 -3.8574e+00 -3.7412e-01 -3.0239e+00 -2.3868e+00 -2.1491e+00 +2.3788e-01 +1.2222e+00 -2.0288e+00 -8.5950e-01
5519 +1.488581727e+05 +1.488581727e+05 +1.487429727e+05 +1.487429727e+05 -3.5584e+00 -3.8948e+00 -2.1924e-01 -3.0229e+00 -2.5231e+00 -2.1976e+00 +3.0652e-01 +1.1611e+00 -2.0762e+00 -7.9644e-01
5774 +9.486303652e+04 +9.486303652e+04 +9.474783652e+04 +9.474783652e+04 -3.5602e+00 -4.0114e+00 -1.8984e-01 -3.1688e+00 -2.5497e+00 -2.2773e+00 +1.6822e-01 +1.1944e+00 -2.0869e+00 -8.6042e-01
6118 +5.844498874e+04 +5.844498874e+04 +5.832978874e+04 +5.832978874e+04 -3.5466e+00 -3.9107e+00 -2.6974e-01 -3.1663e+00 -2.4852e+00 -2.2587e+00 +3.4284e-01 +1.1326e+00 -2.0089e+00 -7.6522e-01
6241 +3.540774567e+04 +3.540774567e+04 +3.529254567e+04 +3.529254567e+04 -3.5761e+00 -3.9619e+00 -3.5100e-01 -3.1936e+00 -2.5740e+00 -2.3223e+00 +3.4148e-01 +1.1774e+00 -1.9175e+00 -7.1748e-01
6244 +2.446698082e+04 +2.446698082e+04 +2.435178082e+04 +2.435178082e+04 -3.6049e+00 -3.9551e+00 -2.1431e-01 -3.2603e+00 -2.4603e+00 -2.3947e+00 +2.3886e-01 +1.2332e+00 -2.0282e+00 -7.9108e-01
6910 +1.139044602e+04 +1.139044602e+04 +1.127524602e+04 +1.127524602e+04 -3.6517e+00 -4.1120e+00 -4.3359e-01 -3.2956e+00 -2.5442e+00 -2.3335e+00 +2.4583e-01 +1.1297e+00 -2.0769e+00 -6.6835e-01
7626 +8.563945674e+03 +8.563945674e+03 +8.448745674e+03 +8.448745674e+03 -3.6504e+00 -4.0123e+00 -3.6051e-01 -3.2560e+00 -2.5700e+00 -2.3186e+00 +2.8278e-01 +1.1263e+00 -2.0476e+00 -6.8243e-01
11826 +6.061468003e+03 +6.061468003e+03 +5.946268003e+03 +5.946268003e+03 -3.6128e+00 -4.2260e+00 -4.3299e-01 -3.3020e+00 -2.7206e+00 -2.2116e+00 +2.6756e-01 +1.1174e+00 -2.0892e+00 -6.4360e-01
% function evaluation | noise-free fitness - Fopt (2.616400000000e+02) | best noise-free fitness - Fopt | measured fitness | best measured fitness | x1 | x2...
1 +1.131508971e+08 +1.131508971e+08 +1.131511588e+08 +1.131511588e+08 -3.1312e+00 +1.1887e+00 -2.2700e+00 -2.8289e+00 +2.9228e+00 +6.2018e-01 -1.8363e+00 +2.1091e+00 -2.2877e+00 -6.2586e-01
2 +9.828995988e+07 +9.828995988e+07 +9.829022152e+07 +9.829022152e+07 -3.3326e+00 -3.4644e+00 -9.4194e-01 +7.6982e-01 +2.3795e+00 +2.8585e+00 -2.1042e+00 -2.3646e+00 -1.3667e+00 -2.1782e+00
6 +5.240453096e+07 +5.240453096e+07 +5.240479260e+07 +5.240479260e+07 +3.4597e+00 +1.4399e+00 +2.8307e+00 +7.9379e-01 -2.9843e+00 +2.7579e+00 -1.2258e+00 -1.9143e+00 -2.7689e+00 +3.2705e+00
19 +3.742214658e+07 +3.742214658e+07 +3.742240822e+07 +3.742240822e+07 +3.2375e-01 -7.4985e-01 -5.5190e-01 -9.1628e-01 -2.7075e+00 +2.3727e+00 -3.7814e+00 +1.0953e+00 +9.2666e-01 -1.0954e-02
70 +2.362487574e+07 +2.362487574e+07 +2.362513738e+07 +2.362513738e+07 +1.1612e+00 -3.1543e+00 -1.8182e+00 -1.7177e+00 +5.8862e-01 +3.8203e+00 +3.4277e+00 +1.0577e+00 +2.9441e+00 +3.4463e+00
1115 +1.503495408e+07 +1.503495408e+07 +1.503521572e+07 +1.503521572e+07 +1.1175e+00 -2.6929e+00 -2.0936e+00 -1.5118e+00 +7.9869e-01 +3.9192e+00 +2.8170e+00 +1.2677e+00 +3.3445e+00 +3.3974e+00
2389 +9.802291034e+06 +9.802291034e+06 +9.802552674e+06 +9.802552674e+06 +1.0645e+00 -2.6113e+00 -2.3749e+00 -1.4340e+00 +1.0079e+00 +3.8969e+00 +2.2649e+00 +1.3630e+00 +3.7419e+00 +3.2510e+00
3487 +6.163344486e+06 +6.163344486e+06 +6.163606126e+06 +6.163606126e+06 +1.2959e+00 -2.4652e+00 -2.7337e+00 -1.3944e+00 +1.2341e+00 +3.6306e+00 +1.9075e+00 +1.5007e+00 +4.0688e+00 +3.0968e+00
4262 +3.910573355e+06 +3.910573355e+06 +3.910834995e+06 +3.910834995e+06 +1.4005e+00 -2.2377e+00 -2.8690e+00 -1.0670e+00 +1.2396e+00 +3.6674e+00 +1.6436e+00 +1.6156e+00 +4.2313e+00 +3.0189e+00
4993 +2.506999997e+06 +2.506999997e+06 +2.507261637e+06 +2.507261637e+06 +1.3092e+00 -2.1896e+00 -3.0507e+00 -9.5020e-01 +1.4920e+00 +3.6558e+00 +1.3820e+00 +1.5402e+00 +4.5125e+00 +2.8144e+00
5517 +1.571575080e+06 +1.571575080e+06 +1.571836720e+06 +1.571836720e+06 +1.2995e+00 -2.1005e+00 -3.3534e+00 -7.7197e-01 +1.4662e+00 +3.7598e+00 +1.2647e+00 +1.5916e+00 +4.6985e+00 +2.8261e+00
5775 +9.675656160e+05 +9.675656160e+05 +9.678272560e+05 +9.678272560e+05 +1.3911e+00 -1.9536e+00 -3.4354e+00 -6.8347e-01 +1.4350e+00 +3.7815e+00 +1.1322e+00 +1.6501e+00 +4.8204e+00 +2.8144e+00
6244 +6.212524358e+05 +6.212524358e+05 +6.215140758e+05 +6.215140758e+05 +1.5178e+00 -1.9394e+00 -3.5824e+00 -7.1389e-01 +1.4800e+00 +3.6348e+00 +9.9107e-01 +1.8071e+00 +4.9683e+00 +2.7157e+00
6631 +3.535405735e+05 +3.535405735e+05 +3.538022135e+05 +3.538022135e+05 +1.6536e+00 -1.6190e+00 -3.6339e+00 -7.8489e-01 +1.5544e+00 +3.6570e+00 +1.0341e+00 +1.8815e+00 +5.0277e+00 +2.7808e+00
6776 +1.824285685e+05 +1.824285685e+05 +1.826902085e+05 +1.826902085e+05 +1.5800e+00 -1.6883e+00 -3.7426e+00 -6.8718e-01 +1.5322e+00 +3.7115e+00 +8.9790e-01 +1.8743e+00 +5.1891e+00 +2.7909e+00
7033 +1.277552010e+05 +1.277552010e+05 +1.280168410e+05 +1.280168410e+05 +1.6268e+00 -1.6344e+00 -3.7627e+00 -5.0400e-01 +1.6661e+00 +3.6281e+00 +8.5724e-01 +1.7856e+00 +5.1999e+00 +2.6631e+00
7157 +9.967189504e+04 +9.967189504e+04 +9.993353504e+04 +9.993353504e+04 +1.7113e+00 -1.5857e+00 -3.7478e+00 -4.6221e-01 +1.6495e+00 +3.6881e+00 +8.0568e-01 +1.8498e+00 +5.2883e+00 +2.6409e+00
7298 +5.705284038e+04 +5.705284038e+04 +5.731448038e+04 +5.731448038e+04 +1.5809e+00 -1.5035e+00 -3.6437e+00 -4.7295e-01 +1.5192e+00 +3.5570e+00 +7.6913e-01 +1.7867e+00 +5.2970e+00 +2.8040e+00
7753 +2.970636465e+04 +2.970636465e+04 +2.996800465e+04 +2.996800465e+04 +1.6779e+00 -1.4235e+00 -3.6772e+00 -4.5296e-01 +1.6605e+00 +3.6016e+00 +8.1049e-01 +1.8694e+00 +5.2713e+00 +2.8336e+00
7899 +1.498956886e+04 +1.498956886e+04 +1.525120886e+04 +1.525120886e+04 +1.6487e+00 -1.4316e+00 -3.6895e+00 -4.7597e-01 +1.6849e+00 +3.6223e+00 +7.3439e-01 +1.9227e+00 +5.2864e+00 +2.7770e+00
11119 +5.026214106e+03 +5.026214106e+03 +5.287854106e+03 +5.287854106e+03 +1.5599e+00 -6.8635e-02 -9.9319e-02 +2.3583e+00 -1.1964e+00 +2.5136e+00 -1.9530e+00 -5.4355e-01 +3.0310e+00 +2.7005e+00
14005 +2.790723992e+03 +2.790723992e+03 +3.052363992e+03 +3.052363992e+03 +1.5820e+00 -8.0060e-02 +4.7754e-02 +2.3819e+00 -1.2606e+00 +2.4911e+00 -1.9901e+00 -6.0383e-01 +3.0092e+00 +2.7258e+00
% function evaluation | noise-free fitness - Fopt (1.000000000000e+03) | best noise-free fitness - Fopt | measured fitness | best measured fitness | x1 | x2...
1 +1.317778034e+08 +1.317778034e+08 +1.317788034e+08 +1.317788034e+08 +2.3941e+00 +2.6525e+00 +1.0933e+00 +3.4454e+00 +2.9336e+00 -2.5959e+00 +5.0069e-01 -1.6692e+00 -1.3944e+00 +1.2754e+00
3 +6.592516661e+07 +6.592516661e+07 +6.592616661e+07 +6.592616661e+07 -1.6208e+00 -9.0778e-01 +1.4030e+00 +3.3947e+00 +5.2550e-01 +1.3553e+00 +1.4430e+00 -9.2654e-01 -1.2150e+00 -1.6386e-01
15 +6.184232680e+07 +6.184232680e+07 +6.184332680e+07 +6.184332680e+07 -3.0577e+00 -1.1330e+00 -7.7799e-01 -2.6131e+00 +1.0728e+00 -2.1041e-01 -3.9671e+00 -5.1132e-01 +2.4222e+00 +9.2406e-01
67 +2.548748126e+07 +2.548748126e+07 +2.548848126e+07 +2.548848126e+07 -1.6671e+00 +3.9103e+00 -1.3679e+00 +1.8351e-01 -4.9958e-01 -2.4907e+00 +3.9478e-01 -8.3705e-01 -4.6646e-01 -2.3108e-01
84 +2.491308254e+07 +2.491308254e+07 +2.491408254e+07 +2.491408254e+07 -1.7215e+00 +3.9005e+00 -1.4313e+00 +2.5074e-01 -5.9206e-01 -2.4846e+00 +3.6604e-01 -7.9407e-01 -4.3834e-01 -2.3605e-01
1712 +1.583413006e+07 +1.583413006e+07 +1.583513006e+07 +1.583513006e+07 -1.9582e+00 +3.4077e+00 -1.6265e+00 -1.0578e-01 -9.2215e-01 -2.4315e+00 +3.4307e-01 -4.6304e-01 -1.1953e+00 -3.0213e-02
2763 +9.624853801e+06 +9.624853801e+06 +9.625853801e+06 +9.625853801e+06 -1.8886e+00 +3.2159e+00 -2.0588e+00 -2.1531e-01 -1.1716e+00 -2.3742e+00 -1.6099e-01 +1.2212e-01 -1.5204e+00 +2.5736e-01
3741 +6.231982815e+06 +6.231982815e+06 +6.232982815e+06 +6.232982815e+06 -2.0768e+00 +2.8629e+00 -2.2102e+00 -3.4565e-01 -1.3636e+00 -2.4723e+00 -4.0580e-01 +2.4862e-01 -1.6316e+00 +5.2026e-01
4741 +3.699826287e+06 +3.699826287e+06 +3.700826287e+06 +3.700826287e+06 -2.3043e+00 +2.4656e+00 -2.3096e+00 -4.0549e-01 -1.3709e+00 -2.5386e+00 -4.8047e-01 +4.8988e-01 -1.8746e+00 +7.4363e-01
5279 +2.472368021e+06 +2.472368021e+06 +2.473368021e+06 +2.473368021e+06 -2.5380e+00 +2.2251e+00 -2.5201e+00 -4.7665e-01 -1.4576e+00 -2.4930e+00 -5.5643e-01 +6.1697e-01 -1.9105e+00 +8.3981e-01
5776 +1.335620286e+06 +1.335620286e+06 +1.336620286e+06 +1.336620286e+06 -2.4318e+00 +1.8981e+00 -2.4061e+00 -6.1881e-01 -1.6773e+00 -2.6740e+00 -5.1640e-01 +7.2945e-01 -2.2529e+00 +8.4544e-01
6244 +9.627639815e+05 +9.627639815e+05 +9.637639815e+05 +9.637639815e+05 -2.3611e+00 +1.8713e+00 -2.4141e+00 -6.4105e-01 -1.7064e+00 -2.7505e+00 -6.5775e-01 +8.8623e-01 -2.3016e+00 +9.0890e-01
6505 +6.125242653e+05 +6.125242653e+05 +6.135242653e+05 +6.135242653e+05 -2.4958e+00 +1.6543e+00 -2.5233e+00 -7.4768e-01 -1.6827e+00 -2.9006e+00 -5.7060e-01 +8.7872e-01 -2.4274e+00 +9.3199e-01
6762 +3.614328658e+05 +3.614328658e+05 +3.624328658e+05 +3.624328658e+05 -2.3822e+00 +1.6281e+00 -2.5457e+00 -6.3483e-01 -1.9831e+00 -2.8727e+00 -6.1899e-01 +1.1384e+00 -2.4859e+00 +9.3259e-01
7023 +1.965857240e+05 +1.965857240e+05 +1.975857240e+05 +1.975857240e+05 -2.4746e+00 +1.5341e+00 -2.7111e+00 -6.3785e-01 -2.0323e+00 -2.8981e+00 -7.6394e-01 +1.1384e+00 -2.4198e+00 +1.0783e+00
7161 +1.354579611e+05 +1.354579611e+05 +1.364579611e+05 +1.364579611e+05 -2.4928e+00 +1.4573e+00 -2.7650e+00 -6.7556e-01 -1.9753e+00 -2.8738e+00 -8.4739e-01 +1.1249e+00 -2.4629e+00 +1.1270e+00
7626 +8.008787534e+04 +8.008787534e+04 +8.108787534e+04 +8.108787534e+04 -2.5686e+00 +1.3676e+00 -2.7123e+00 -8.1474e-01 -1.9657e+00 -2.8662e+00 -8.4973e-01 +1.2180e+00 -2.4015e+00 +1.1854e+00
7887 +6.208069535e+04 +6.208069535e+04 +6.308069535e+04 +6.308069535e+04 -2.5921e+00 +1.3658e+00 -2.7652e+00 -8.4865e-01 -2.0979e+00 -2.7672e+00 -8.3670e-01 +1.1847e+00 -2.4316e+00 +1.1917e+00
7901 +3.810679975e+04 +3.810679975e+04 +3.910679975e+04 +3.910679975e+04 -2.6062e+00 +1.3813e+00 -2.7046e+00 -7.6202e-01 -2.0197e+00 -2.9035e+00 -7.2916e-01 +1.1969e+00 -2.5565e+00 +1.2690e+00
8033 +2.141628615e+04 +2.141628615e+04 +2.241628615e+04 +2.241628615e+04 -2.5948e+00 +1.3456e+00 -2.6089e+00 -8.5313e-01 -2.1072e+00 -2.9325e+00 -7.0793e-01 +1.2165e+00 -2.6156e+00 +1.1912e+00
9274 +1.307496867e+04 +1.307496867e+04 +1.407496867e+04 +1.407496867e+04 -2.6435e+00 +1.3058e+00 -2.5471e+00 -8.3337e-01 -2.0086e+00 -2.9365e+00 -7.3087e-01 +1.2162e+00 -2.6713e+00 +1.2158e+00
9788 +9.300803972e+03 +9.300803972e+03 +1.030080397e+04 +1.030080397e+04 -2.6710e+00 +1.2965e+00 -2.5685e+00 -8.3975e-01 -2.0316e+00 -2.9377e+00 -7.7771e-01 +1.2519e+00 -2.7603e+00 +1.1493e+00
13623 +4.731824338e+03 +4.731824338e+03 +5.731824338e+03 +5.731824338e+03 -3.7668e+00 +3.0199e+00 -3.9619e+00 -2.3326e+00 -3.1000e+00 -1.9204e+00 -2.0638e+00 +9.3449e-01 -6.6260e-01 +1.8589e+00
% function evaluation | noise-free fitness - Fopt (1.737000000000e+01) | best noise-free fitness - Fopt | measured fitness | best measured fitness | x1 | x2...
1 +8.073850255e+07 +8.073850255e+07 +8.073851992e+07 +8.073851992e+07 +2.9876e+00 +2.7317e+00 +1.6357e+00 -3.4950e+00 +6.2991e-01 +1.1166e+00 -1.8000e+00 -3.7877e+00 -6.5278e-01 -3.3714e+00
2 +6.194117640e+07 +6.194117640e+07 +6.194119377e+07 +6.194119377e+07 +7.0383e-01 +1.2821e+00 -3.5233e-01 -2.7065e+00 +1.5693e+00 -3.9275e-01 -7.8975e-01 +1.0751e-01 +3.1359e-01 -3.9831e+00
4 +3.506243272e+07 +3.506243272e+07 +3.506245009e+07 +3.506245009e+07 +1.8688e+00 -2.3359e+00 -2.3509e+00 +3.4802e+00 +9.4873e-01 +2.8673e-01 +6.6124e-01 -3.1982e+00 +1.3241e+00 -2.1657e+00
24 +2.208054498e+07 +2.208054498e+07 +2.208056235e+07 +2.208056235e+07 +1.6475e+00 -3.3056e-01 -2.0769e+00 +1.5714e+00 +1.7208e+00 +9.5915e-01 +1.9071e-01 -1.9261e+00 -6.7759e-01 -1.6383e+00
159 +1.541224187e+07 +1.541224187e+07 +1.541225924e+07 +1.541225924e+07 +1.6696e+00 -1.7457e+00 -1.4193e+00 +1.4384e+00 +1.7370e+00 +1.0592e+00 +1.0787e-01 -2.5146e+00 -4.2105e-01 +4.7404e-01
932 +9.565642986e+06 +9.565642986e+06 +9.565660356e+06 +9.565660356e+06 +1.0190e+00 -1.7728e+00 -9.5634e-01 +1.2426e+00 +1.3945e+00 +1.1967e+00 +4.2720e-02 -2.5755e+00 -3.0477e-01 -3.1908e-01
2067 +6.308666091e+06 +6.308666091e+06 +6.308683461e+06 +6.308683461e+06 +5.5677e-01 -1.9051e+00 -5.8982e-01 +1.4179e+00 +1.3344e+00 +1.3384e+00 +1.0485e-01 -2.8512e+00 -2.1453e-01 -2.6049e-01
3052 +3.864454760e+06 +3.864454760e+06 +3.864472130e+06 +3.864472130e+06 +1.6785e-01 -1.9288e+00 -3.9757e-01 +1.6719e+00 +1.4826e+00 +1.3657e+00 -3.5080e-03 -2.7970e+00 -3.6669e-01 -6.8283e-01
3691 +2.308845512e+06 +2.308845512e+06 +2.308862882e+06 +2.308862882e+06 -1.4897e-01 -2.1457e+00 -3.4310e-01 +1.7947e+00 +1.5789e+00 +1.5024e+00 +5.4857e-02 -2.9561e+00 -4.8637e-01 -9.7615e-01
4086 +1.556786249e+06 +1.556786249e+06 +1.556803619e+06 +1.556803619e+06 -3.6533e-01 -2.0018e+00 -1.5598e-01 +1.9063e+00 +1.6508e+00 +1.5661e+00 +9.5762e-02 -3.0721e+00 -4.4556e-01 -1.0980e+00
4681 +9.767119732e+05 +9.767119732e+05 +9.767293432e+05 +9.767293432e+05 -5.0240e-01 -2.0318e+00 +1.1626e-02 +1.9257e+00 +1.8300e+00 +1.6839e+00 -1.2151e-01 -2.9792e+00 -3.9797e-01 -1.2724e+00
4957 +6.140877213e+05 +6.140877213e+05 +6.141050913e+05 +6.141050913e+05 -5.4533e-01 -2.2098e+00 +8.5740e-02 +1.9170e+00 +1.8139e+00 +1.6689e+00 -5.8799e-02 -3.1908e+00 -5.7974e-01 -1.2595e+00
5203 +3.839373380e+05 +3.839373380e+05 +3.839547080e+05 +3.839547080e+05 -4.9938e-01 -2.3444e+00 +1.9790e-01 +1.9859e+00 +1.8712e+00 +1.7025e+00 -1.2811e-01 -3.2914e+00 -6.6271e-01 -1.2244e+00
5592 +1.832214403e+05 +1.832214403e+05 +1.832388103e+05 +1.832388103e+05 -6.1365e-01 -2.4229e+00 +3.1498e-01 +1.9723e+00 +1.9172e+00 +1.6925e+00 -2.1559e-01 -3.4229e+00 -6.5523e-01 -1.2275e+00
6061 +1.398754394e+05 +1.398754394e+05 +1.398928094e+05 +1.398928094e+05 -6.9054e-01 -2.4080e+00 +4.4320e-01 +2.0550e+00 +1.9600e+00 +1.6465e+00 -8.4127e-02 -3.4901e+00 -7.8553e-01 -1.1615e+00
6063 +8.479113030e+04 +8.479113030e+04 +8.480850030e+04 +8.480850030e+04 -6.9662e-01 -2.4889e+00 +3.8329e-01 +2.0471e+00 +2.0251e+00 +1.7663e+00 -7.1296e-02 -3.3263e+00 -6.8733e-01 -1.2430e+00
6205 +6.165489377e+04 +6.165489377e+04 +6.167226377e+04 +6.167226377e+04 -7.6380e-01 -2.4432e+00 +3.6104e-01 +1.9904e+00 +2.0743e+00 +1.7676e+00 -2.1308e-01 -3.3963e+00 -6.8269e-01 -1.2688e+00
6327 +3.712003270e+04 +3.712003270e+04 +3.713740270e+04 +3.713740270e+04 -7.3105e-01 -2.4369e+00 +5.4152e-01 +2.1183e+00 +2.0713e+00 +1.7382e+00 -1.2965e-01 -3.3597e+00 -7.4367e-01 -1.3636e+00
6467 +2.028816809e+04 +2.028816809e+04 +2.030553809e+04 +2.030553809e+04 -7.4093e-01 -2.4628e+00 +5.2408e-01 +2.0390e+00 +2.1091e+00 +1.8076e+00 -8.6641e-02 -3.3356e+00 -6.6071e-01 -1.3227e+00
7843 +1.406572838e+04 +1.406572838e+04 +1.408309838e+04 +1.408309838e+04 -8.1922e-01 -2.4817e+00 +5.4225e-01 +2.0382e+00 +2.1135e+00 +1.7758e+00 -1.9057e-01 -3.3125e+00 -5.7658e-01 -1.4576e+00
9479 +7.764615919e+03 +7.764615919e+03 +7.781985919e+03 +7.781985919e+03 -8.4801e-01 -2.4875e+00 +5.5104e-01 +2.0301e+00 +2.1572e+00 +1.7548e+00 -8.2498e-02 -3.3246e+00 -6.4907e-01 -1.3862e+00
13109 +5.585293996e+03 +5.585293996e+03 +5.602663996e+03 +5.602663996e+03 -1.0850e+00 -2.3786e+00 +5.6788e-01 +2.2074e+00 +2.0328e+00 +1.8768e+00 +1.1392e-01 -2.9705e+00 -5.3323e-01 -1.7190e+00
% function evaluation | noise-free fitness - Fopt (1.541700000000e+02) | best noise-free fitness - Fopt | measured fitness | best measured fitness | x1 | x2...
1 +6.700739200e+08 +6.700739200e+08 +6.700740742e+08 +6.700740742e+08 +1.0449e+00 -1.0021e-01 +4.4586e-01 -1.9770e+00 -1.5528e+00 -2.4229e+00 +3.8813e+00 -2.4289e+00 +3.2412e-01 -1.4214e+00
2 +1.640650353e+08 +1.640650353e+08 +1.640651895e+08 +1.640651895e+08 -1.7257e+00 +1.0838e+00 -3.7360e+00 -3.7597e+00 +6.6627e-01 +2.2130e+00 -3.2661e+00 -1.4390e+00 -3.7125e+00 -1.9336e+00
8 +1.106754997e+08 +1.106754997e+08 +1.106756539e+08 +1.106756539e+08 -2.5441e+00 +9.3414e-01 -3.4378e+00 +1.6838e+00 +1.9506e+00 -3.5204e+00 -4.6061e-01 -1.1770e+00 -1.8598e+00 -2.6244e+00
11 +6.370907746e+07 +6.370907746e+07 +6.370923163e+07 +6.370923163e+07 -2.0462e+00 +2.2057e-03 +2.4533e+00 +1.7855e+00 +2.3735e+00 +1.3192e+00 +2.7027e+00 -3.9020e+00 +3.5431e-02 -5.5521e-01
23 +6.266420891e+07 +6.266420891e+07 +6.266436308e+07 +6.266436308e+07 -2.0328e+00 +5.4087e-02 +2.4422e+00 +1.7676e+00 +2.2799e+00 +1.3703e+00 +2.6492e+00 -3.8676e+00 -4.4511e-02 -6.2578e-01
31 +3.781358587e+07 +3.781358587e+07 +3.781374004e+07 +3.781374004e+07 -1.9749e+00 +3.3335e+00 +2.5268e+00 +2.2344e+00 -5.6878e-01 -2.5089e+00 +1.9146e+00 -2.5509e+00 -7.1171e-01 -5.9484e-01
93 +1.657350724e+07 +1.657350724e+07 +1.657366141e+07 +1.657366141e+07 -3.2103e+00 +1.7789e+00 -5.7379e-01 +1.4077e+00 -1.7443e+00 -2.3115e+00 +5.3601e-01 -4.2467e-01 -2.7150e-01 -3.3908e+00
201 +1.579478473e+07 +1.579478473e+07 +1.579493890e+07 +1.579493890e+07 -3.2386e+00 +1.8094e+00 -5.7554e-01 +1.4448e+00 -1.6721e+00 -2.2145e+00 +5.0350e-01 -4.0923e-01 -2.4510e-01 -3.2979e+00
1115 +9.795225114e+06 +9.795225114e+06 +9.795379284e+06 +9.795379284e+06 -3.2227e+00 +1.9028e+00 -6.1344e-01 +1.8501e+00 -1.4219e+00 -2.0998e+00 -1.7877e-01 -8.4479e-01 +6.3624e-01 -3.1761e+00
2121 +6.092690139e+06 +6.092690139e+06 +6.092844309e+06 +6.092844309e+06 -3.6779e+00 +2.2466e+00 -8.1474e-01 +1.6682e+00 -1.3136e+00 -2.1190e+00 -2.7419e-01 -1.2276e+00 +7.6319e-01 -3.3185e+00
3095 +3.914443944e+06 +3.914443944e+06 +3.914598114e+06 +3.914598114e+06 -4.0794e+00 +2.4666e+00 -5.9754e-01 +1.6219e+00 -1.0900e+00 -2.0319e+00 -4.5691e-02 -1.4438e+00 +9.7070e-01 -3.2127e+00
3617 +2.234373624e+06 +2.234373624e+06 +2.234527794e+06 +2.234527794e+06 -4.0585e+00 +2.2775e+00 -7.0686e-01 +1.4262e+00 -9.5036e-01 -1.9752e+00 -2.7203e-01 -2.0068e+00 +1.0766e+00 -2.8556e+00
4004 +1.448570623e+06 +1.448570623e+06 +1.448724793e+06 +1.448724793e+06 -4.2996e+00 +2.3800e+00 -7.5851e-01 +1.2226e+00 -1.0021e+00 -2.2562e+00 -2.5081e-01 -2.0867e+00 +1.1426e+00 -2.9740e+00
4606 +8.477169842e+05 +8.477169842e+05 +8.478711542e+05 +8.478711542e+05 -4.4893e+00 +2.4851e+00 -7.3753e-01 +1.3861e+00 -1.0888e+00 -2.1703e+00 -2.4190e-01 -2.3442e+00 +1.3174e+00 -2.9655e+00
4864 +6.181852323e+05 +6.181852323e+05 +6.183394023e+05 +6.183394023e+05 -4.5197e+00 +2.5865e+00 -6.9478e-01 +1.3524e+00 -1.0492e+00 -2.0631e+00 -2.3233e-01 -2.5669e+00 +1.2662e+00 -3.0682e+00
5124 +3.643855554e+05 +3.643855554e+05 +3.645397254e+05 +3.645397254e+05 -4.6536e+00 +2.6583e+00 -6.5725e-01 +1.2492e+00 -9.3483e-01 -2.1987e+00 -3.5290e-01 -2.5302e+00 +1.3776e+00 -3.0351e+00
5382 +1.965917678e+05 +1.965917678e+05 +1.967459378e+05 +1.967459378e+05 -4.6053e+00 +2.7500e+00 -6.1989e-01 +1.1263e+00 -1.0805e+00 -2.0378e+00 -3.3098e-01 -2.6399e+00 +1.5158e+00 -3.0170e+00
5397 +1.557016119e+05 +1.557016119e+05 +1.558557819e+05 +1.558557819e+05 -4.7167e+00 +2.6484e+00 -6.1894e-01 +1.0660e+00 -1.0784e+00 -2.1721e+00 -2.3351e-01 -2.6449e+00 +1.4950e+00 -2.9677e+00
5655 +9.404315477e+04 +9.404315477e+04 +9.419732477e+04 +9.419732477e+04 -4.6654e+00 +2.6984e+00 -7.6927e-01 +1.0667e+00 -1.0452e+00 -2.1322e+00 -2.9829e-01 -2.7997e+00 +1.6076e+00 -2.8774e+00
6113 +5.420373396e+04 +5.420373396e+04 +5.435790396e+04 +5.435790396e+04 -4.8082e+00 +2.7579e+00 -6.7925e-01 +1.0084e+00 -1.0432e+00 -2.1280e+00 -2.9669e-01 -2.8161e+00 +1.6401e+00 -2.9729e+00
6247 +3.810466431e+04 +3.810466431e+04 +3.825883431e+04 +3.825883431e+04 -4.8714e+00 +2.7208e+00 -6.4542e-01 +9.3141e-01 -1.1314e+00 -2.0359e+00 -2.6719e-01 -2.7969e+00 +1.6018e+00 -2.9341e+00
6376 +1.954335605e+04 +1.954335605e+04 +1.969752605e+04 +1.969752605e+04 -4.8175e+00 +2.7240e+00 -6.3477e-01 +9.2332e-01 -9.7180e-01 -2.0239e+00 -3.0916e-01 -2.7819e+00 +1.6640e+00 -2.9382e+00
7762 +1.581028529e+04 +1.581028529e+04 +1.596445529e+04 +1.596445529e+04 -4.9059e+00 +2.7032e+00 -6.5827e-01 +8.9026e-01 -1.0759e+00 -2.0366e+00 -1.8345e-01 -2.9334e+00 +1.6401e+00 -2.7995e+00
8669 +2.591232600e+03 +2.591232600e+03 +2.745402600e+03 +2.745402600e+03 -4.8855e+00 +2.6801e+00 -6.6031e-01 +9.4157e-01 -1.0019e+00 -2.0123e+00 -2.3829e-01 -2.8777e+00 +1.6463e+00 -2.9050e+00
% function evaluation | noise-free fitness - Fopt (4.983000000000e+01) | best noise-free fitness - Fopt | measured fitness | best measured fitness | x1 | x2...
1 +1.984273548e+09 +1.984273548e+09 +1.984273597e+09 +1.984273597e+09 -1.5613e+00 +3.8222e+00 +2.0878e+00 +8.9351e-01 -2.5960e+00 +1.7463e+00 -2.4659e+00 -2.6833e+00 +7.7938e-01 -3.3363e+00
2 +5.943366656e+08 +5.943366656e+08 +5.943367154e+08 +5.943367154e+08 +3.5017e+00 -2.9349e+00 -3.3437e+00 -1.7479e+00 +2.6619e+00 +3.0687e+00 -2.1556e+00 +2.0707e-01 +2.0638e+00 +1.9062e+00
3 +5.257788903e+07 +5.257788903e+07 +5.257793886e+07 +5.257793886e+07 +1.4072e+00 -2.9747e+00 -1.7130e+00 +1.2948e+00 +3.5355e+00 +3.4537e+00 +1.9872e+00 -1.3655e+00 +6.4351e-03 -3.8117e+00
7 +3.775109142e+07 +3.775109142e+07 +3.775114125e+07 +3.775114125e+07 -1.9134e+00 -2.1573e+00 +1.6723e+00 -3.3751e+00 +7.5100e-01 -1.2671e+00 +2.7895e+00 +1.6608e+00 -7.4874e-01 -2.5886e+00
21 +2.223295665e+07 +2.223295665e+07 +2.223300648e+07 +2.223300648e+07 -7.6166e-02 -2.0796e+00 +2.2469e+00 -1.3540e+00 +1.7285e+00 -2.7696e+00 +2.0600e+00 -6.3191e-01 +3.1041e+00 -1.8068e+00
31 +1.416606474e+07 +1.416606474e+07 +1.416611457e+07 +1.416611457e+07 -2.4161e+00 -2.2392e+00 +1.0396e+00 -2.0317e+00 -2.1271e-01 -9.1497e-01 -7.2353e-02 +1.6675e+00 +1.8522e+00 -2.7604e+00
155 +3.324346393e+06 +3.324346393e+06 +3.324396223e+06 +3.324396223e+06 -1.6810e+00 -2.2876e+00 +1.5521e+00 -2.7010e+00 +1.0776e+00 -2.4962e+00 +2.4339e-01 -6.4853e-01 +1.2260e+00 -2.2775e+00
675 +2.241717098e+06 +2.241717098e+06 +2.241766928e+06 +2.241766928e+06 -1.5307e+00 -2.3753e+00 +1.4297e+00 -2.6883e+00 +1.2541e+00 -2.3928e+00 +1.0897e-01 -6.0627e-01 +9.1255e-01 -2.3912e+00
1067 +1.497038919e+06 +1.497038919e+06 +1.497088749e+06 +1.497088749e+06 -1.4494e+00 -2.2743e+00 +1.3531e+00 -2.9103e+00 +1.3528e+00 -2.3878e+00 -1.9941e-02 -4.1577e-01 +8.3879e-01 -2.2783e+00
1665 +9.919379892e+05 +9.919379892e+05 +9.919878192e+05 +9.919878192e+05 -1.6344e+00 -2.1012e+00 +1.2648e+00 -2.9071e+00 +1.6074e+00 -2.4016e+00 -1.4314e-01 -6.2530e-01 +7.4488e-01 -2.4208e+00
2058 +5.605312139e+05 +5.605312139e+05 +5.605810439e+05 +5.605810439e+05 -1.6957e+00 -2.0679e+00 +1.1428e+00 -3.0808e+00 +1.8387e+00 -2.4149e+00 -9.4717e-02 -6.1478e-01 +5.8170e-01 -2.5017e+00
2195 +3.962147049e+05 +3.962147049e+05 +3.962645349e+05 +3.962645349e+05 -1.6241e+00 -2.1592e+00 +1.0863e+00 -3.1741e+00 +1.9303e+00 -2.4397e+00 -1.5329e-01 -5.7536e-01 +4.8395e-01 -2.5804e+00
2456 +2.133759272e+05 +2.133759272e+05 +2.134257572e+05 +2.134257572e+05 -1.5437e+00 -1.9265e+00 +1.0080e+00 -3.1164e+00 +2.0078e+00 -2.3796e+00 -1.8504e-01 -4.5963e-01 +4.9238e-01 -2.5584e+00
2573 +1.477256318e+05 +1.477256318e+05 +1.477754618e+05 +1.477754618e+05 -1.5862e+00 -2.0168e+00 +8.7064e-01 -3.0314e+00 +2.0874e+00 -2.2840e+00 -1.8507e-01 -4.5819e-01 +4.6022e-01 -2.4935e+00
2703 +9.651419039e+04 +9.651419039e+04 +9.656402039e+04 +9.656402039e+04 -1.6619e+00 -1.9639e+00 +9.2015e-01 -3.1589e+00 +2.0041e+00 -2.3145e+00 -1.8655e-01 -3.1443e-01 +3.3784e-01 -2.4239e+00
3051 +4.759253565e+04 +4.759253565e+04 +4.764236565e+04 +4.764236565e+04 -1.6593e+00 -2.0467e+00 +7.2495e-01 -3.2192e+00 +2.1094e+00 -2.3290e+00 -1.0548e-01 -1.9642e-01 +3.3977e-01 -2.3635e+00
3189 +3.431713896e+04 +3.431713896e+04 +3.436696896e+04 +3.436696896e+04 -1.5602e+00 -1.9558e+00 +7.9583e-01 -3.1814e+00 +2.1142e+00 -2.2480e+00 -9.7700e-02 -2.1530e-01 +3.1695e-01 -2.4634e+00
3701 +2.402005350e+04 +2.402005350e+04 +2.406988350e+04 +2.406988350e+04 -1.5371e+00 -2.0297e+00 +7.3946e-01 -3.3034e+00 +2.0524e+00 -2.3165e+00 -2.5043e-01 -1.8148e-01 +2.7171e-01 -2.3823e+00
4100 +1.539492261e+04 +1.539492261e+04 +1.544475261e+04 +1.544475261e+04 -1.5664e+00 -2.0318e+00 +7.6056e-01 -3.2151e+00 +2.1278e+00 -2.2998e+00 -2.4291e-01 -2.1798e-01 +2.9607e-01 -2.4977e+00
8273 +9.617989935e+03 +9.617989935e+03 +9.667819935e+03 +9.667819935e+03 -1.0399e+00 -9.0500e-01 -1.2298e-01 -2.7747e+00 +1.5682e+00 -7.4829e-01 +3.9787e-01 -7.7452e-01 +1.0339e+00 -2.8496e+00
11650 +5.573140133e+03 +5.573140133e+03 +5.622970133e+03 +5.622970133e+03 -1.5321e+00 -2.2382e+00 +8.6968e-01 -3.2712e+00 +2.3057e+00 -2.6605e+00 -3.4000e-01 -1.9148e-01 +1.4246e-01 -2.3607e+00
