% function evaluation | noise-free fitness - Fopt (-6.211100000000e+02) | best noise-free fitness - Fopt | measured fitness | best measured fitness | x1 | x2...
1 +1.331852230e+09 +1.331852230e+09 +1.331851609e+09 +1.331851609e+09 -1.9764e+00 +1.3252e+00 +2.0307e+00 +2.4679e+00 -2.1352e+00
2 +5.067943226e+07 +5.067943226e+07 +5.067881115e+07 +5.067881115e+07 +1.8332e+00 +2.7019e+00 +3.1648e+00 +4.2220e-01 +2.4343e+00
4 +3.130573587e+07 +3.130573587e+07 +3.130511476e+07 +3.130511476e+07 -1.2822e+00 +5.7691e-01 -1.4064e-01 -1.5002e-01 -8.7332e-01
23 +2.500874190e+07 +2.500874190e+07 +2.500812079e+07 +2.500812079e+07 -2.1619e+00 +5.0436e-01 -1.2534e+00 -4.4103e-01 -3.1597e-01
41 +1.509114770e+07 +1.509114770e+07 +1.509052659e+07 +1.509052659e+07 +8.6753e-01 +2.5872e+00 -7.7460e-02 -1.5284e+00 +1.5883e+00
55 +4.924265760e+06 +4.924265760e+06 +4.923644650e+06 +4.923644650e+06 -1.6892e+00 +2.8066e+00 -1.3734e+00 -1.7957e+00 -1.3346e+00
201 +3.594430749e+06 +3.594430749e+06 +3.593809639e+06 +3.593809639e+06 -4.8831e-01 +3.2486e+00 -1.2334e+00 -1.8230e+00 -1.2475e+00
726 +2.402073013e+06 +2.402073013e+06 +2.401451903e+06 +2.401451903e+06 -5.7399e-01 +3.4994e+00 -1.3649e+00 -2.0525e+00 -1.2887e+00
1245 +1.446111138e+06 +1.446111138e+06 +1.445490028e+06 +1.445490028e+06 -7.6961e-01 +3.6536e+00 -1.4129e+00 -2.3119e+00 -1.3785e+00
1842 +9.583786289e+05 +9.583786289e+05 +9.577575189e+05 +9.577575189e+05 -8.4526e-01 +3.8653e+00 -1.5316e+00 -2.4267e+00 -1.4025e+00
2120 +5.888444561e+05 +5.888444561e+05 +5.882233461e+05 +5.882233461e+05 -8.6340e-01 +3.8738e+00 -1.2299e+00 -2.7031e+00 -1.4087e+00
2377 +3.969981759e+05 +3.969981759e+05 +3.963770659e+05 +3.963770659e+05 -8.7510e-01 +3.9205e+00 -1.0799e+00 -2.8651e+00 -1.3521e+00
2622 +2.331730143e+05 +2.331730143e+05 +2.325519043e+05 +2.325519043e+05 -9.1253e-01 +3.9822e+00 -1.2648e+00 -3.0058e+00 -1.5149e+00
3095 +9.789814864e+04 +9.789814864e+04 +9.727703864e+04 +9.727703864e+04 -1.0042e+00 +4.0668e+00 -1.0734e+00 -3.1650e+00 -1.3705e+00
3237 +5.109786493e+04 +5.109786493e+04 +5.047675493e+04 +5.047675493e+04 -1.0186e+00 +4.1223e+00 -1.3314e+00 -3.2205e+00 -1.4305e+00
3355 +3.656048640e+04 +3.656048640e+04 +3.593937640e+04 +3.593937640e+04 -9.7587e-01 +4.1550e+00 -1.4179e+00 -3.2844e+00 -1.4104e+00
3483 +1.774315431e+04 +1.774315431e+04 +1.712204431e+04 +1.712204431e+04 -1.0161e+00 +4.2478e+00 -1.2455e+00 -3.3614e+00 -1.3924e+00
3488 +4.934599846e+03 +4.934599846e+03 +4.313489846e+03 +4.313489846e+03 -1.0538e+00 +4.2574e+00 -1.3800e+00 -3.2915e+00 -1.3409e+00
3616 +2.024726743e+03 +2.024726743e+03 +1.403616743e+03 +1.403616743e+03 -1.0837e+00 +4.2715e+00 -1.4443e+00 -3.3525e+00 -1.3549e+00
4183 +7.515930975e+02 +7.515930975e+02 +1.304830975e+02 +1.304830975e+02 -1.0072e+00 +4.1328e+00 -5.4045e-01 -3.5645e+00 -8.3327e-01
6286 +4.557172604e+02 +4.557172604e+02 -1.653927396e+02 -1.653927396e+02 -9.6125e-01 +4.0703e+00 -2.3281e-01 -3.6977e+00 -6.6644e-01
7329 +2.763502855e+02 +2.763502855e+02 -3.447597145e+02 -3.447597145e+02 -9.2725e-01 +4.0520e+00 -9.2915e-02 -3.7207e+00 -6.2813e-01
% function evaluation | noise-free fitness - Fopt (-2.548200000000e+02) | best noise-free fitness - Fopt | measured fitness | best measured fitness | x1 | x2...
1 +1.157008734e+08 +1.157008734e+08 +1.157006185e+08 +1.157006185e+08 -1.9937e+00 +1.2275e+00 -7.5360e-01 -2.2403e-01 -6.8438e-01
3 +6.194139052e+07 +6.194139052e+07 +6.194113570e+07 +6.194113570e+07 +3.4701e+00 -2.9479e+00 -3.2943e-01 -3.2457e+00 -1.1210e+00
8 +3.414050791e+07 +3.414050791e+07 +3.414025309e+07 +3.414025309e+07 +1.9806e+00 +3.0384e+00 -2.3796e+00 -1.0932e-01 +6.9970e-01
57 +2.487938762e+07 +2.487938762e+07 +2.487913280e+07 +2.487913280e+07 +3.3242e+00 +2.2970e+00 +2.6285e+00 +2.9941e+00 -3.2785e+00
76 +1.331177411e+07 +1.331177411e+07 +1.331151929e+07 +1.331151929e+07 +1.0431e+00 +1.9487e+00 +2.2173e+00 -2.1516e+00 -3.2401e+00
104 +5.671542029e+06 +5.671542029e+06 +5.671287209e+06 +5.671287209e+06 +3.6433e+00 +3.3043e+00 -1.3397e+00 +1.4995e+00 -3.9908e+00
332 +3.520677100e+06 +3.520677100e+06 +3.520422280e+06 +3.520422280e+06 +2.5457e+00 +2.1765e+00 +4.1429e-01 -1.0711e+00 -2.3722e+00
723 +2.311891496e+06 +2.311891496e+06 +2.311636676e+06 +2.311636676e+06 +2.6757e+00 +2.4305e+00 +4.0535e-01 -7.2952e-01 -2.4392e+00
1112 +1.471882599e+06 +1.471882599e+06 +1.471627779e+06 +1.471627779e+06 +2.7747e+00 +2.5220e+00 +1.9320e-01 -6.8843e-01 -2.6684e+00
1712 +9.991416461e+05 +9.991416461e+05 +9.988868261e+05 +9.988868261e+05 +2.9268e+00 +2.8499e+00 +2.3437e-01 -8.6344e-01 -2.5282e+00
1975 +6.307959740e+05 +6.307959740e+05 +6.305411540e+05 +6.305411540e+05 +3.0551e+00 +2.8974e+00 +3.1786e-01 -7.9242e-01 -2.8130e+00
2239 +3.132845151e+05 +3.132845151e+05 +3.130296951e+05 +3.130296951e+05 +3.1855e+00 +3.0174e+00 +9.1920e-02 -7.0880e-01 -2.9413e+00
2365 +2.168440263e+05 +2.168440263e+05 +2.165892063e+05 +2.165892063e+05 +3.1634e+00 +3.1112e+00 +9.5388e-02 -7.1525e-01 -3.0314e+00
2491 +1.509906114e+05 +1.509906114e+05 +1.507357914e+05 +1.507357914e+05 +3.1032e+00 +3.1729e+00 +1.0595e-01 -6.2801e-01 -3.0747e+00
2622 +9.113675320e+04 +9.113675320e+04 +9.088193320e+04 +9.088193320e+04 +3.2175e+00 +3.2760e+00 +1.2127e-01 -6.0725e-01 -2.9815e+00
2755 +4.586750640e+04 +4.586750640e+04 +4.561268640e+04 +4.561268640e+04 +3.2884e+00 +3.3319e+00 -1.8583e-02 -5.6129e-01 -3.1105e+00
3101 +3.754153000e+04 +3.754153000e+04 +3.728671000e+04 +3.728671000e+04 +3.2501e+00 +3.3781e+00 -2.2901e-02 -5.4177e-01 -3.0672e+00
3116 +2.166360625e+04 +2.166360625e+04 +2.140878625e+04 +2.140878625e+04 +3.3764e+00 +3.4084e+00 +1.9347e-02 -5.6684e-01 -3.0980e+00
3222 +1.209590319e+04 +1.209590319e+04 +1.184108319e+04 +1.184108319e+04 +3.3027e+00 +3.4637e+00 +4.5016e-02 -5.4256e-01 -3.0471e+00
3244 +9.787120901e+03 +9.787120901e+03 +9.532300901e+03 +9.532300901e+03 +3.3289e+00 +3.4985e+00 +1.4416e-02 -4.8235e-01 -3.1963e+00
3355 +3.765599859e+03 +3.765599859e+03 +3.510779859e+03 +3.510779859e+03 +3.3108e+00 +3.4886e+00 +1.5501e-02 -5.4863e-01 -3.1467e+00
3482 +1.565464212e+03 +1.565464212e+03 +1.310644212e+03 +1.310644212e+03 +3.2304e+00 +3.4859e+00 +8.3093e-02 -5.4360e-01 -3.2021e+00
4912 +5.826200401e+02 +5.826200401e+02 +3.278000401e+02 +3.278000401e+02 +2.8783e+00 +3.3297e+00 +2.2873e-01 -2.0536e-01 -3.7801e+00
5659 +2.313958187e+02 +2.313958187e+02 -2.342418131e+01 -2.342418131e+01 +3.1897e+00 +3.4585e+00 +1.0761e-01 -4.6638e-01 -3.3071e+00
% function evaluation | noise-free fitness - Fopt (5.661000000000e+01) | best noise-free fitness - Fopt | measured fitness | best measured fitness | x1 | x2...
1 +1.880224638e+07 +1.880224638e+07 +1.880230299e+07 +1.880230299e+07 +6.5847e-01 -3.1095e+00 -2.4463e+00 +5.0704e-01 -3.7749e+00
36 +1.383762157e+07 +1.383762157e+07 +1.383767818e+07 +1.383767818e+07 +2.4698e-01 -3.0254e+00 -2.5534e+00 +7.4766e-01 -3.2196e+00
603 +9.879997836e+06 +9.879997836e+06 +9.880054446e+06 +9.880054446e+06 -2.2397e+00 -3.4108e+00 -7.9127e-01 +1.9995e+00 -1.7720e+00
1849 +5.957423599e+06 +5.957423599e+06 +5.957480209e+06 +5.957480209e+06 -2.3697e+00 -3.6648e+00 -1.4024e+00 +1.7302e+00 -1.6152e+00
2622 +3.901799120e+06 +3.901799120e+06 +3.901855730e+06 +3.901855730e+06 -2.2397e+00 -3.8228e+00 -1.8575e+00 +1.5835e+00 -1.5865e+00
3360 +2.439435137e+06 +2.439435137e+06 +2.439491747e+06 +2.439491747e+06 -2.7256e+00 -3.9203e+00 -2.2029e+00 +1.5047e+00 -1.6327e+00
3886 +1.536003637e+06 +1.536003637e+06 +1.536060247e+06 +1.536060247e+06 -2.7034e+00 -3.9955e+00 -2.5107e+00 +1.4119e+00 -1.6807e+00
4261 +9.512847702e+05 +9.512847702e+05 +9.513413802e+05 +9.513413802e+05 -2.7674e+00 -3.9636e+00 -2.7830e+00 +1.3812e+00 -1.6308e+00
4814 +5.268090916e+05 +5.268090916e+05 +5.268657016e+05 +5.268657016e+05 -2.1467e+00 -3.9652e+00 -3.4809e+00 +1.0678e+00 -1.7840e+00
4949 +3.966838770e+05 +3.966838770e+05 +3.967404870e+05 +3.967404870e+05 -2.2018e+00 -3.9485e+00 -3.5624e+00 +1.1168e+00 -1.7244e+00
5211 +2.417743264e+05 +2.417743264e+05 +2.418309364e+05 +2.418309364e+05 -2.2492e+00 -4.0206e+00 -3.6141e+00 +1.2696e+00 -1.6540e+00
5331 +1.353005587e+05 +1.353005587e+05 +1.353571687e+05 +1.353571687e+05 -2.3983e+00 -4.2685e+00 -3.6123e+00 +1.2230e+00 -1.6276e+00
5463 +6.551893139e+04 +6.551893139e+04 +6.557554139e+04 +6.557554139e+04 -2.4931e+00 -4.3093e+00 -3.6559e+00 +1.2879e+00 -1.5933e+00
5594 +2.385677000e+04 +2.385677000e+04 +2.391338000e+04 +2.391338000e+04 -2.4520e+00 -4.3579e+00 -3.7509e+00 +1.3746e+00 -1.5634e+00
5737 +9.153440384e+03 +9.153440384e+03 +9.210050384e+03 +9.210050384e+03 -2.4954e+00 -4.4018e+00 -3.7394e+00 +1.4364e+00 -1.4883e+00
6074 +3.322040807e+03 +3.322040807e+03 +3.378650807e+03 +3.378650807e+03 -2.4971e+00 -4.3869e+00 -3.8087e+00 +1.4522e+00 -1.5367e+00
6592 +1.521019912e+03 +1.521019912e+03 +1.577629912e+03 +1.577629912e+03 -2.5261e+00 -4.3870e+00 -3.7896e+00 +1.4560e+00 -1.4940e+00
% function evaluation | noise-free fitness - Fopt (-1.810000000000e+01) | best noise-free fitness - Fopt | measured fitness | best measured fitness | x1 | x2...
1 +3.211608140e+07 +3.211608140e+07 +3.211606330e+07 +3.211606330e+07 +1.3502e+00 +2.0560e+00 +1.2154e+00 +9.6129e-01 -1.9579e+00
10 +2.224407326e+07 +2.224407326e+07 +2.224405516e+07 +2.224405516e+07 +1.2359e+00 -1.2488e+00 +2.1714e+00 +3.3847e+00 -2.7158e-01
11 +1.500899798e+07 +1.500899798e+07 +1.500897988e+07 +1.500897988e+07 -9.5589e-01 -1.9524e+00 +2.6553e+00 +2.6312e+00 +9.1134e-02
100 +7.456118653e+06 +7.456118653e+06 +7.456100553e+06 +7.456100553e+06 -1.7872e+00 +1.8197e+00 +2.9655e+00 +1.2769e+00 -2.1851e-01
229 +1.291672382e+06 +1.291672382e+06 +1.291654282e+06 +1.291654282e+06 -1.5956e+00 +9.7115e-01 +2.9600e+00 +2.2635e+00 +1.7234e+00
332 +9.363082194e+05 +9.363082194e+05 +9.362901194e+05 +9.362901194e+05 -9.1039e-01 +8.1460e-01 +2.9322e+00 +2.2922e+00 +1.6116e+00
735 +6.284158150e+05 +6.284158150e+05 +6.283977150e+05 +6.283977150e+05 -9.2604e-01 +7.1227e-01 +2.9478e+00 +2.5059e+00 +1.6824e+00
1114 +3.101590537e+05 +3.101590537e+05 +3.101409537e+05 +3.101409537e+05 -1.1346e+00 +6.7826e-01 +3.1787e+00 +2.7091e+00 +1.7629e+00
1241 +2.384474515e+05 +2.384474515e+05 +2.384293515e+05 +2.384293515e+05 -1.1628e+00 +7.5735e-01 +3.2399e+00 +2.7187e+00 +1.8529e+00
1718 +1.478852754e+05 +1.478852754e+05 +1.478671754e+05 +1.478671754e+05 -1.0805e+00 +8.7281e-01 +3.3580e+00 +2.7482e+00 +1.7102e+00
1864 +8.852885120e+04 +8.852885120e+04 +8.851075120e+04 +8.851075120e+04 -9.5116e-01 +6.0443e-01 +3.2957e+00 +2.9566e+00 +1.9037e+00
1983 +5.775028548e+04 +5.775028548e+04 +5.773218548e+04 +5.773218548e+04 -9.6712e-01 +7.4763e-01 +3.4537e+00 +2.8863e+00 +1.7513e+00
1985 +3.467769427e+04 +3.467769427e+04 +3.465959427e+04 +3.465959427e+04 -8.5353e-01 +6.5274e-01 +3.3098e+00 +3.0531e+00 +1.9384e+00
2112 +1.903460489e+04 +1.903460489e+04 +1.901650489e+04 +1.901650489e+04 -9.1686e-01 +6.9827e-01 +3.4074e+00 +3.0973e+00 +1.8856e+00
2246 +1.172675219e+04 +1.172675219e+04 +1.170865219e+04 +1.170865219e+04 -1.0372e+00 +8.4069e-01 +3.5722e+00 +2.9050e+00 +1.9188e+00
2375 +6.070411654e+03 +6.070411654e+03 +6.052311654e+03 +6.052311654e+03 -1.0385e+00 +9.2932e-01 +3.6247e+00 +2.9910e+00 +1.8722e+00
2493 +1.929348185e+03 +1.929348185e+03 +1.911248185e+03 +1.911248185e+03 -9.9842e-01 +9.0966e-01 +3.7051e+00 +2.8761e+00 +1.8587e+00
2623 +1.343233871e+03 +1.343233871e+03 +1.325133871e+03 +1.325133871e+03 -9.3822e-01 +8.7696e-01 +3.5167e+00 +3.0171e+00 +1.8686e+00
5477 +5.553949051e+02 +5.553949051e+02 +5.372949051e+02 +5.372949051e+02 -5.7924e-01 +6.6932e-01 +2.7751e+00 +3.5397e+00 +2.1266e+00
% function evaluation | noise-free fitness - Fopt (3.777000000000e+01) | best noise-free fitness - Fopt | measured fitness | best measured fitness | x1 | x2...
1 +4.919403404e+07 +4.919403404e+07 +4.919407181e+07 +4.919407181e+07 +3.1905e+00 +3.3738e+00 -2.5673e+00 -4.7724e-01 -1.1291e+00
2 +2.533704095e+07 +2.533704095e+07 +2.533707872e+07 +2.533707872e+07 -1.1597e+00 +8.0729e-01 +3.1618e-01 -1.9621e+00 -3.9090e+00
6 +6.750489810e+06 +6.750489810e+06 +6.750527580e+06 +6.750527580e+06 -2.5114e+00 +1.3176e+00 -7.7207e-01 -2.2771e-01 +3.5209e+00
27 +6.142991688e+06 +6.142991688e+06 +6.143029458e+06 +6.143029458e+06 -2.5044e+00 +1.3329e+00 -6.7836e-01 -1.4287e-01 +3.4437e+00
63 +2.762493016e+06 +2.762493016e+06 +2.762530786e+06 +2.762530786e+06 -2.7749e+00 +3.2634e+00 -1.2211e-01 +2.1315e+00 +3.2015e+00
74 +1.498834533e+06 +1.498834533e+06 +1.498872303e+06 +1.498872303e+06 -5.0073e-01 +9.0619e-01 +1.7228e+00 -1.8086e+00 +6.0918e-01
475 +9.810039632e+05 +9.810039632e+05 +9.810417332e+05 +9.810417332e+05 -4.3122e-01 +1.0874e+00 +1.9831e+00 -1.7495e+00 +4.3848e-01
744 +6.176863214e+05 +6.176863214e+05 +6.177240914e+05 +6.177240914e+05 -3.6021e-01 +1.2564e+00 +1.8328e+00 -1.5535e+00 +6.2194e-01
982 +3.738407738e+05 +3.738407738e+05 +3.738785438e+05 +3.738785438e+05 -3.1440e-01 +1.3624e+00 +1.7612e+00 -1.3941e+00 +5.1334e-01
1247 +2.026219306e+05 +2.026219306e+05 +2.026597006e+05 +2.026597006e+05 -2.4265e-01 +1.4546e+00 +1.6506e+00 -1.2079e+00 +4.9536e-01
1581 +1.472284844e+05 +1.472284844e+05 +1.472662544e+05 +1.472662544e+05 -1.2967e-01 +1.5232e+00 +1.8182e+00 -1.1784e+00 +7.4407e-01
1713 +8.913171780e+04 +8.913171780e+04 +8.916948780e+04 +8.916948780e+04 -3.9844e-02 +1.5194e+00 +1.7564e+00 -1.1090e+00 +6.5712e-01
1849 +3.133025805e+04 +3.133025805e+04 +3.136802805e+04 +3.136802805e+04 -7.1342e-02 +1.6510e+00 +1.8114e+00 -1.1311e+00 +5.4659e-01
1971 +9.435979968e+03 +9.435979968e+03 +9.473749968e+03 +9.473749968e+03 -1.0509e-02 +1.7052e+00 +1.7532e+00 -1.0609e+00 +5.9473e-01
2115 +6.268972235e+03 +6.268972235e+03 +6.306742235e+03 +6.306742235e+03 -9.8404e-02 +1.7640e+00 +1.6602e+00 -8.7715e-01 +5.8133e-01
2370 +8.291257214e+02 +8.291257214e+02 +8.668957214e+02 +8.668957214e+02 +2.5828e-02 +1.8082e+00 +1.7721e+00 -1.0355e+00 +5.8031e-01
5041 +5.846170404e+02 +5.846170404e+02 +6.223870404e+02 +6.223870404e+02 +1.5025e+00 +1.3783e+00 +3.7100e+00 -3.0979e+00 -6.2530e-01
% function evaluation | noise-free fitness - Fopt (-6.720000000000e+01) | best noise-free fitness - Fopt | measured fitness | best measured fitness | x1 | x2...
1 +4.594830353e+07 +4.594830353e+07 +4.594823633e+07 +4.594823633e+07 -1.6142e+00 -5.4634e-01 +3.1763e+00 -1.7676e-01 +6.9044e-01
6 +5.802317633e+06 +5.802317633e+06 +5.802250433e+06 +5.802250433e+06 -4.3539e-01 -2.9774e+00 -2.3474e+00 -1.6815e+00 +2.9991e+00
424 +3.926901943e+06 +3.926901943e+06 +3.926834743e+06 +3.926834743e+06 -3.0178e-01 -2.8633e+00 -2.4030e+00 -1.5319e+00 +2.6982e+00
933 +2.454388314e+06 +2.454388314e+06 +2.454321114e+06 +2.454321114e+06 -2.4756e-01 -2.6972e+00 -2.5777e+00 -1.3098e+00 +2.4418e+00
1532 +1.506708794e+06 +1.506708794e+06 +1.506641594e+06 +1.506641594e+06 +1.5688e-02 -2.5315e+00 -2.3822e+00 -1.1969e+00 +2.2980e+00
1921 +9.403010973e+05 +9.403010973e+05 +9.402338973e+05 +9.402338973e+05 +1.9827e-01 -2.4200e+00 -2.5401e+00 -1.1419e+00 +2.0718e+00
2190 +6.207680481e+05 +6.207680481e+05 +6.207008481e+05 +6.207008481e+05 -9.5536e-02 -2.1657e+00 -2.4531e+00 -8.4397e-01 +2.0371e+00
2443 +3.346621390e+05 +3.346621390e+05 +3.345949390e+05 +3.345949390e+05 +7.6305e-03 -1.9856e+00 -2.5823e+00 -7.2699e-01 +1.8963e+00
2577 +2.422605433e+05 +2.422605433e+05 +2.421933433e+05 +2.421933433e+05 +5.7615e-02 -2.0093e+00 -2.5606e+00 -7.7819e-01 +1.8080e+00
3048 +1.243066424e+05 +1.243066424e+05 +1.242394424e+05 +1.242394424e+05 +1.4447e-01 -2.1957e+00 -2.5530e+00 -5.7878e-01 +1.7312e+00
3060 +7.909572964e+04 +7.909572964e+04 +7.902852964e+04 +7.902852964e+04 +1.2606e-01 -2.0187e+00 -2.4957e+00 -7.4488e-01 +1.6196e+00
3301 +4.739354747e+04 +4.739354747e+04 +4.732634747e+04 +4.732634747e+04 +2.5052e-01 -2.1099e+00 -2.4572e+00 -7.3885e-01 +1.5468e+00
3307 +3.777477010e+04 +3.777477010e+04 +3.770757010e+04 +3.770757010e+04 +1.2853e-01 -2.1118e+00 -2.4568e+00 -7.0949e-01 +1.4561e+00
3318 +1.703140235e+04 +1.703140235e+04 +1.696420235e+04 +1.696420235e+04 +2.4108e-01 -1.9634e+00 -2.4718e+00 -7.4685e-01 +1.5061e+00
3442 +7.608315942e+03 +7.608315942e+03 +7.541115942e+03 +7.541115942e+03 +2.2337e-01 -1.9418e+00 -2.5074e+00 -7.5799e-01 +1.4321e+00
3952 +4.365457853e+03 +4.365457853e+03 +4.298257853e+03 +4.298257853e+03 +2.5461e-01 -2.1740e+00 -2.4389e+00 -5.4080e-01 +1.4246e+00
4098 +2.969859553e+03 +2.969859553e+03 +2.902659553e+03 +2.902659553e+03 +2.2016e-01 -2.1044e+00 -2.4911e+00 -4.6785e-01 +1.4294e+00
4213 +1.287417030e+03 +1.287417030e+03 +1.220217030e+03 +1.220217030e+03 +2.3080e-01 -2.2247e+00 -2.4842e+00 -3.8835e-01 +1.4203e+00
5036 +7.783973728e+02 +7.783973728e+02 +7.111973728e+02 +7.111973728e+02 +3.1156e-01 -4.6296e+00 -2.3544e+00 +1.8692e+00 +1.6490e+00
5265 +4.160230658e+02 +4.160230658e+02 +3.488230658e+02 +3.488230658e+02 +1.9379e-01 -1.0069e+00 -2.4126e+00 -1.4829e+00 +1.3298e+00
% function evaluation | noise-free fitness - Fopt (-7.010000000000e+00) | best noise-free fitness - Fopt | measured fitness | best measured fitness | x1 | x2...
1 +4.705428444e+07 +4.705428444e+07 +4.705427743e+07 +4.705427743e+07 -5.5560e-01 +9.6407e-01 -2.8301e+00 +1.8530e-01 -3.0307e+00
16 +3.911095805e+07 +3.911095805e+07 +3.911095104e+07 +3.911095104e+07 +1.7520e+00 +1.3144e+00 +2.3291e-01 +1.3902e+00 +2.3634e+00
23 +1.169620817e+07 +1.169620817e+07 +1.169620116e+07 +1.169620116e+07 +1.5218e-01 +7.9863e-01 -2.2131e+00 +1.5644e+00 +1.8973e-01
113 +7.545129446e+06 +7.545129446e+06 +7.545122436e+06 +7.545122436e+06 +1.9989e-01 +1.1202e+00 +3.9013e-01 +3.3413e+00 -5.3907e-01
510 +6.245172365e+06 +6.245172365e+06 +6.245165355e+06 +6.245165355e+06 +2.2638e-01 +1.2630e+00 +1.6670e-01 +3.4419e+00 -4.1347e-01
1287 +3.942898617e+06 +3.942898617e+06 +3.942891607e+06 +3.942891607e+06 +1.6704e-01 +1.2439e+00 -1.1068e-01 +3.8508e+00 -1.4336e-01
2025 +2.411958232e+06 +2.411958232e+06 +2.411951222e+06 +2.411951222e+06 +2.6733e-01 +1.3279e+00 -4.3089e-01 +4.0514e+00 +9.8753e-02
2415 +1.574558278e+06 +1.574558278e+06 +1.574551268e+06 +1.574551268e+06 +1.8922e-01 +1.4839e+00 -6.1837e-01 +4.1749e+00 +2.8874e-01
2810 +9.646933257e+05 +9.646933257e+05 +9.646863157e+05 +9.646863157e+05 +4.6147e-02 +1.4714e+00 -8.2230e-01 +4.3247e+00 +4.3108e-01
3274 +6.273990568e+05 +6.273990568e+05 +6.273920468e+05 +6.273920468e+05 +1.0588e-01 +1.4743e+00 -9.0770e-01 +4.4132e+00 +5.9447e-01
3665 +3.559887276e+05 +3.559887276e+05 +3.559817176e+05 +3.559817176e+05 +1.7201e-01 +1.5702e+00 -9.5571e-01 +4.5935e+00 +6.6193e-01
3919 +2.208733701e+05 +2.208733701e+05 +2.208663601e+05 +2.208663601e+05 +5.8631e-02 +1.6943e+00 -9.5708e-01 +4.7334e+00 +7.9423e-01
4046 +1.493291084e+05 +1.493291084e+05 +1.493220984e+05 +1.493220984e+05 +1.8351e-01 +1.4035e+00 -1.0916e+00 +4.7323e+00 +8.2295e-01
4183 +9.509823752e+04 +9.509823752e+04 +9.509122752e+04 +9.509122752e+04 +1.4217e-01 +1.4049e+00 -1.2362e+00 +4.7541e+00 +9.0670e-01
4186 +5.770049668e+04 +5.770049668e+04 +5.769348668e+04 +5.769348668e+04 +1.0072e-01 +1.4888e+00 -1.2337e+00 +4.7951e+00 +9.1243e-01
4647 +2.168268282e+04 +2.168268282e+04 +2.167567282e+04 +2.167567282e+04 +4.6507e-02 +1.5865e+00 -1.2201e+00 +4.9206e+00 +9.9405e-01
4785 +1.160315277e+04 +1.160315277e+04 +1.159614277e+04 +1.159614277e+04 +1.2496e-01 +1.6999e+00 -1.3593e+00 +4.8777e+00 +9.8422e-01
4907 +5.575766663e+03 +5.575766663e+03 +5.568756663e+03 +5.568756663e+03 +1.1517e-01 +1.5832e+00 -1.2287e+00 +4.9528e+00 +9.7369e-01
5166 +3.648715170e+03 +3.648715170e+03 +3.641705170e+03 +3.641705170e+03 +1.8448e-01 +1.5302e+00 -1.2156e+00 +4.9728e+00 +1.0319e+00
5433 +8.314245986e+02 +8.314245986e+02 +8.244145986e+02 +8.244145986e+02 +1.9058e-01 +1.4426e+00 -1.1074e+00 +5.0585e+00 +1.0663e+00
% function evaluation | noise-free fitness - Fopt (-1.297300000000e+02) | best noise-free fitness - Fopt | measured fitness | best measured fitness | x1 | x2...
1 +1.167006759e+08 +1.167006759e+08 +1.167005461e+08 +1.167005461e+08 -2.0532e+00 +2.3012e-01 -3.7576e+00 +3.8423e+00 +3.0831e+00
4 +7.615103852e+07 +7.615103852e+07 +7.615090879e+07 +7.615090879e+07 +3.9560e+00 +3.7441e+00 +3.9884e+00 -3.4687e+00 -2.3351e+00
5 +5.077146984e+07 +5.077146984e+07 +5.077134011e+07 +5.077134011e+07 -2.4011e+00 -8.1478e-01 +1.1633e+00 +3.5492e+00 -3.9726e+00
7 +2.612874866e+07 +2.612874866e+07 +2.612861893e+07 +2.612861893e+07 +2.9640e+00 -1.1515e+00 -2.7723e+00 -1.4198e+00 +2.7057e+00
11 +2.020481851e+07 +2.020481851e+07 +2.020468878e+07 +2.020468878e+07 +1.9815e+00 -1.0056e+00 +1.2937e+00 +5.7119e-01 +7.3260e-01
19 +1.553443329e+07 +1.553443329e+07 +1.553430356e+07 +1.553430356e+07 +3.3777e+00 -2.6718e-01 +3.5405e+00 +2.9403e+00 -2.3609e+00
49 +8.493703999e+06 +8.493703999e+06 +8.493574269e+06 +8.493574269e+06 +3.2070e+00 -3.3987e+00 -2.8429e-01 +1.6052e+00 -2.1055e-01
56 +5.744831686e+05 +5.744831686e+05 +5.743534386e+05 +5.743534386e+05 +3.0776e+00 -3.8182e+00 +3.2848e+00 +1.9780e+00 -2.7828e+00
218 +3.940567930e+05 +3.940567930e+05 +3.939270630e+05 +3.939270630e+05 +3.1494e+00 -3.8369e+00 +3.2901e+00 +2.1281e+00 -2.7386e+00
461 +2.140080256e+05 +2.140080256e+05 +2.138782956e+05 +2.138782956e+05 +3.3149e+00 -3.8001e+00 +3.1690e+00 +2.1900e+00 -2.7637e+00
595 +1.440066453e+05 +1.440066453e+05 +1.438769153e+05 +1.438769153e+05 +3.3640e+00 -3.8377e+00 +3.0843e+00 +2.1901e+00 -2.6999e+00
723 +6.400131395e+04 +6.400131395e+04 +6.387158395e+04 +6.387158395e+04 +3.2662e+00 -3.9888e+00 +3.2432e+00 +2.5082e+00 -2.8060e+00
863 +2.082166605e+04 +2.082166605e+04 +2.069193605e+04 +2.069193605e+04 +3.4807e+00 -3.9315e+00 +3.0039e+00 +2.3437e+00 -2.7223e+00
996 +4.949568860e+03 +4.949568860e+03 +4.819838860e+03 +4.819838860e+03 +3.4640e+00 -4.0738e+00 +2.9585e+00 +2.3847e+00 -2.6629e+00
1244 +2.207163807e+03 +2.207163807e+03 +2.077433807e+03 +2.077433807e+03 +3.4815e+00 -4.0471e+00 +2.9746e+00 +2.4236e+00 -2.7112e+00
1713 +6.953333334e+02 +6.953333334e+02 +5.656033334e+02 +5.656033334e+02 +3.5361e+00 -4.0329e+00 +2.8182e+00 +2.2612e+00 -2.6842e+00
% function evaluation | noise-free fitness - Fopt (1.000000000000e+03) | best noise-free fitness - Fopt | measured fitness | best measured fitness | x1 | x2...
1 +1.364691392e+08 +1.364691392e+08 +1.364701392e+08 +1.364701392e+08 -6.7640e-01 -3.6616e+00 -8.2930e-01 +1.0333e-01 +2.7884e+00
2 +6.414404460e+07 +6.414404460e+07 +6.414504460e+07 +6.414504460e+07 -2.4485e+00 +9.8509e-01 +2.2663e+00 -1.9097e+00 +2.4012e+00
3 +4.561809919e+07 +4.561809919e+07 +4.561909919e+07 +4.561909919e+07 +2.7548e+00 +3.1105e+00 +4.2812e-01 -2.5077e+00 +2.6499e+00
4 +3.325568127e+07 +3.325568127e+07 +3.325668127e+07 +3.325668127e+07 -2.8166e+00 -1.8250e+00 -9.9577e-01 -3.0553e+00 +7.6977e-01
6 +1.598972380e+07 +1.598972380e+07 +1.599072380e+07 +1.599072380e+07 -1.9386e+00 +2.8175e+00 +1.1927e+00 -6.6418e-01 -1.6625e+00
22 +1.563859688e+07 +1.563859688e+07 +1.563959688e+07 +1.563959688e+07 -2.2342e+00 +2.5206e+00 -4.5480e-01 -2.6812e+00 +3.0478e+00
39 +6.944710071e+06 +6.944710071e+06 +6.945710071e+06 +6.945710071e+06 -2.2341e+00 +2.6037e+00 -4.1398e-01 -1.5310e+00 +6.9108e-01
169 +6.265698579e+06 +6.265698579e+06 +6.266698579e+06 +6.266698579e+06 -2.0681e+00 +2.6716e+00 -7.8488e-02 -1.2185e+00 -9.5332e-01
932 +3.871385216e+06 +3.871385216e+06 +3.872385216e+06 +3.872385216e+06 -2.2421e+00 +2.6057e+00 -5.3667e-01 -1.2462e+00 -8.4962e-01
1661 +2.276692625e+06 +2.276692625e+06 +2.277692625e+06 +2.277692625e+06 -2.5062e+00 +2.4477e+00 -8.8842e-01 -1.2109e+00 -7.3687e-01
2193 +1.541437449e+06 +1.541437449e+06 +1.542437449e+06 +1.542437449e+06 -2.5926e+00 +2.3355e+00 -1.0748e+00 -1.2287e+00 -9.1235e-01
2590 +9.967702741e+05 +9.967702741e+05 +9.977702741e+05 +9.977702741e+05 -2.7478e+00 +2.1835e+00 -1.2361e+00 -1.3022e+00 -9.4411e-01
3057 +6.239790420e+05 +6.239790420e+05 +6.249790420e+05 +6.249790420e+05 -2.8936e+00 +2.0649e+00 -1.3930e+00 -1.2537e+00 -9.2760e-01
3309 +3.819445497e+05 +3.819445497e+05 +3.829445497e+05 +3.829445497e+05 -2.9562e+00 +2.1577e+00 -1.5480e+00 -1.2368e+00 -9.8325e-01
3562 +2.195503868e+05 +2.195503868e+05 +2.205503868e+05 +2.205503868e+05 -2.9805e+00 +2.0324e+00 -1.6874e+00 -1.3028e+00 -1.0008e+00
3692 +1.493211186e+05 +1.493211186e+05 +1.503211186e+05 +1.503211186e+05 -3.1243e+00 +2.1364e+00 -1.7626e+00 -1.3753e+00 -1.0162e+00
3829 +6.411887865e+04 +6.411887865e+04 +6.511887865e+04 +6.511887865e+04 -3.2144e+00 +2.0505e+00 -1.8605e+00 -1.3339e+00 -1.0904e+00
3952 +3.155244442e+04 +3.155244442e+04 +3.255244442e+04 +3.255244442e+04 -3.2203e+00 +2.0621e+00 -1.8929e+00 -1.1445e+00 -1.1177e+00
4084 +2.378215659e+04 +2.378215659e+04 +2.478215659e+04 +2.478215659e+04 -3.1695e+00 +1.9984e+00 -1.9673e+00 -1.0603e+00 -1.1276e+00
4222 +8.083824395e+03 +8.083824395e+03 +9.083824395e+03 +9.083824395e+03 -3.1721e+00 +2.0231e+00 -2.0360e+00 -1.0996e+00 -1.1882e+00
4569 +1.864066570e+03 +1.864066570e+03 +2.864066570e+03 +2.864066570e+03 -3.2403e+00 +1.9899e+00 -2.0244e+00 -1.0700e+00 -1.2209e+00
4826 +1.104752094e+03 +1.104752094e+03 +2.104752094e+03 +2.104752094e+03 -3.2667e+00 +2.0071e+00 -2.0699e+00 -1.0696e+00 -1.2048e+00
6780 +5.478469032e+02 +5.478469032e+02 +1.547846903e+03 +1.547846903e+03 -1.5128e+00 +1.9163e+00 -3.4717e+00 -3.9252e+00 +1.1383e+00
% function evaluation | noise-free fitness - Fopt (-1.152000000000e+02) | best noise-free fitness - Fopt | measured fitness | best measured fitness | x1 | x2...
1 +1.268585025e+08 +1.268585025e+08 +1.268583873e+08 +1.268583873e+08 -2.7414e+00 +3.3773e+00 +3.1121e+00 -3.2899e+00 +1.1378e+00
2 +7.786543121e+07 +7.786543121e+07 +7.786531601e+07 +7.786531601e+07 +1.5086e+00 +1.1862e+00 -3.3374e+00 +7.7664e-02 -2.8649e+00
7 +5.442041597e+07 +5.442041597e+07 +5.442030077e+07 +5.442030077e+07 +2.0354e+00 +1.9165e-01 +4.2959e-01 -2.8740e+00 -1.4315e+00
9 +2.895453342e+07 +2.895453342e+07 +2.895441822e+07 +2.895441822e+07 -3.5011e+00 +1.0972e+00 -3.1472e+00 -3.2618e+00 -2.6915e+00
13 +1.436556596e+07 +1.436556596e+07 +1.436545076e+07 +1.436545076e+07 -3.0571e+00 -3.7154e+00 +1.7388e+00 -3.6498e+00 +4.5717e-01
27 +2.333328709e+06 +2.333328709e+06 +2.333213509e+06 +2.333213509e+06 -3.2309e+00 -1.7480e+00 +2.4889e-01 -3.4602e+00 -1.2892e+00
159 +1.079304560e+06 +1.079304560e+06 +1.079189360e+06 +1.079189360e+06 -3.0649e+00 -3.0198e+00 +1.1437e+00 -3.7746e+00 -1.1685e+00
283 +9.899786846e+05 +9.899786846e+05 +9.898634846e+05 +9.898634846e+05 -3.1284e+00 -3.1034e+00 +1.2173e+00 -3.7701e+00 -1.2581e+00
557 +6.277313661e+05 +6.277313661e+05 +6.276161661e+05 +6.276161661e+05 -3.2445e+00 -3.0644e+00 +1.0354e+00 -3.8281e+00 -1.3431e+00
804 +3.838057828e+05 +3.838057828e+05 +3.836905828e+05 +3.836905828e+05 -3.2657e+00 -3.1028e+00 +8.6711e-01 -3.8288e+00 -1.4184e+00
1064 +1.788110029e+05 +1.788110029e+05 +1.786958029e+05 +1.786958029e+05 -3.2544e+00 -3.0695e+00 +6.8958e-01 -3.7473e+00 -1.5613e+00
1192 +1.221556102e+05 +1.221556102e+05 +1.220404102e+05 +1.220404102e+05 -3.1917e+00 -3.1588e+00 +7.1043e-01 -3.6979e+00 -1.6596e+00
1201 +9.527764314e+04 +9.527764314e+04 +9.516244314e+04 +9.516244314e+04 -3.2188e+00 -3.1272e+00 +6.0521e-01 -3.7564e+00 -1.6407e+00
1533 +4.145804925e+04 +4.145804925e+04 +4.134284925e+04 +4.134284925e+04 -3.1899e+00 -3.1708e+00 +5.1282e-01 -3.8097e+00 -1.7335e+00
1671 +2.651566910e+04 +2.651566910e+04 +2.640046910e+04 +2.640046910e+04 -3.1510e+00 -3.1320e+00 +5.2468e-01 -3.7226e+00 -1.8231e+00
1798 +1.490474337e+04 +1.490474337e+04 +1.478954337e+04 +1.478954337e+04 -3.1008e+00 -3.2071e+00 +5.1361e-01 -3.8058e+00 -1.8512e+00
1929 +4.747438029e+03 +4.747438029e+03 +4.632238029e+03 +4.632238029e+03 -3.2834e+00 -3.1872e+00 +4.4554e-01 -3.7108e+00 -1.9771e+00
2184 +2.513823658e+03 +2.513823658e+03 +2.398623658e+03 +2.398623658e+03 -3.1493e+00 -3.2479e+00 +5.4562e-01 -3.8026e+00 -1.9775e+00
2195 +2.077052212e+03 +2.077052212e+03 +1.961852212e+03 +1.961852212e+03 -3.0565e+00 -3.2158e+00 +5.0674e-01 -3.8295e+00 -1.9897e+00
2329 +1.473889022e+03 +1.473889022e+03 +1.358689022e+03 +1.358689022e+03 -3.1704e+00 -3.2267e+00 +5.1074e-01 -3.7647e+00 -2.0216e+00
2587 +3.297145571e+02 +3.297145571e+02 +2.145145571e+02 +2.145145571e+02 -3.1208e+00 -3.2328e+00 +5.1715e-01 -3.8276e+00 -2.0135e+00
% function evaluation | noise-free fitness - Fopt (2.616400000000e+02) | best noise-free fitness - Fopt | measured fitness | best measured fitness | x1 | x2...
1 +1.331667246e+07 +1.331667246e+07 +1.331693410e+07 +1.331693410e+07 -3.2919e-01 +1.3827e+00 +1.1954e+00 +1.4278e-01 -1.2136e+00
2 +6.460856533e+06 +6.460856533e+06 +6.461118173e+06 +6.461118173e+06 +3.7551e+00 -2.1656e+00 -1.4425e+00 +3.6881e+00 -4.9410e-01
22 +6.053993213e+06 +6.053993213e+06 +6.054254853e+06 +6.054254853e+06 +3.6964e+00 -2.1050e+00 -1.4720e+00 +3.6585e+00 -5.1200e-01
29 +2.661249636e+06 +2.661249636e+06 +2.661511276e+06 +2.661511276e+06 +2.8429e+00 -7.8167e-01 -1.1560e+00 +3.7029e+00 -1.7656e+00
32 +1.893447755e+06 +1.893447755e+06 +1.893709395e+06 +1.893709395e+06 +2.9947e+00 -6.5078e-01 +3.3820e-01 +3.5814e+00 -4.4416e-01
124 +1.792909405e+05 +1.792909405e+05 +1.795525805e+05 +1.795525805e+05 +1.7787e+00 -2.1755e-01 -1.5776e+00 +5.8730e-01 -2.0590e-01
256 +1.518709446e+05 +1.518709446e+05 +1.521325846e+05 +1.521325846e+05 +1.7147e+00 -1.5878e-01 -1.5583e+00 +6.3384e-01 -1.4101e-01
388 +9.142936263e+04 +9.142936263e+04 +9.169100263e+04 +9.169100263e+04 +1.6647e+00 -2.8207e-01 -1.5616e+00 +6.0106e-01 -1.9871e-01
509 +5.792404133e+04 +5.792404133e+04 +5.818568133e+04 +5.818568133e+04 +1.5720e+00 -2.4036e-01 -1.5060e+00 +5.6078e-01 -1.5504e-01
642 +2.106012938e+04 +2.106012938e+04 +2.132176938e+04 +2.132176938e+04 +1.4905e+00 -2.4287e-01 -1.4988e+00 +6.2968e-01 -2.2057e-01
767 +8.009898385e+03 +8.009898385e+03 +8.271538385e+03 +8.271538385e+03 +1.4051e+00 -3.3618e-01 -1.4877e+00 +5.3856e-01 -2.7271e-01
908 +2.946514365e+03 +2.946514365e+03 +3.208154365e+03 +3.208154365e+03 +1.3513e+00 -3.1117e-01 -1.5168e+00 +5.8172e-01 -2.3359e-01
1793 +1.375785510e+03 +1.375785510e+03 +1.637425510e+03 +1.637425510e+03 +2.1954e+00 -1.0553e+00 -7.2177e-01 +3.6686e+00 -7.5699e-01
1891 +9.629357056e+02 +9.629357056e+02 +1.224575706e+03 +1.224575706e+03 +1.2492e+00 -2.2096e-01 -1.5884e+00 +2.5737e-01 -2.1976e-01
4139 +8.479076763e+01 +8.479076763e+01 +3.464307676e+02 +3.464307676e+02 +1.9665e+00 -7.1343e-01 -1.0691e+00 +2.5726e+00 -5.4880e-01
% function evaluation | noise-free fitness - Fopt (1.000000000000e+03) | best noise-free fitness - Fopt | measured fitness | best measured fitness | x1 | x2...
1 +5.764900632e+07 +5.764900632e+07 +5.765000632e+07 +5.765000632e+07 +2.7702e+00 +2.5876e+00 -2.4002e+00 +6.7394e-01 +8.2707e-01
4 +3.517893587e+07 +3.517893587e+07 +3.517993587e+07 +3.517993587e+07 +2.1952e+00 +3.9974e+00 -2.5398e+00 -1.4901e+00 -2.8099e+00
5 +1.779268116e+07 +1.779268116e+07 +1.779368116e+07 +1.779368116e+07 -2.6297e+00 +3.2519e+00 +1.8904e+00 +1.0318e+00 +3.5843e-01
20 +9.704876438e+06 +9.704876438e+06 +9.705876438e+06 +9.705876438e+06 -2.9112e+00 +3.5054e+00 +2.7865e+00 -7.9215e-01 -6.8703e-01
932 +6.283438641e+06 +6.283438641e+06 +6.284438641e+06 +6.284438641e+06 -3.0455e+00 +3.6647e+00 +2.4570e+00 -4.1710e-01 -1.0036e+00
1921 +3.884506633e+06 +3.884506633e+06 +3.885506633e+06 +3.885506633e+06 -3.2850e+00 +3.2970e+00 +2.3082e+00 +6.7755e-03 -1.3452e+00
2442 +2.476048617e+06 +2.476048617e+06 +2.477048617e+06 +2.477048617e+06 -3.3624e+00 +3.5342e+00 +2.0322e+00 +1.7293e-01 -1.5330e+00
3048 +1.416378803e+06 +1.416378803e+06 +1.417378803e+06 +1.417378803e+06 -3.4155e+00 +3.5548e+00 +1.8524e+00 +4.6354e-01 -1.7294e+00
3305 +9.829394173e+05 +9.829394173e+05 +9.839394173e+05 +9.839394173e+05 -3.5491e+00 +3.4928e+00 +1.8291e+00 +5.9014e-01 -1.8990e+00
3561 +6.199266254e+05 +6.199266254e+05 +6.209266254e+05 +6.209266254e+05 -3.6532e+00 +3.5970e+00 +1.7809e+00 +7.0611e-01 -1.9899e+00
3829 +3.243078532e+05 +3.243078532e+05 +3.253078532e+05 +3.253078532e+05 -3.6270e+00 +3.7098e+00 +1.5690e+00 +8.2996e-01 -2.0447e+00
4089 +1.617003953e+05 +1.617003953e+05 +1.627003953e+05 +1.627003953e+05 -3.7756e+00 +3.6398e+00 +1.5003e+00 +9.2611e-01 -2.1517e+00
4212 +8.598165393e+04 +8.598165393e+04 +8.698165393e+04 +8.698165393e+04 -3.8269e+00 +3.6620e+00 +1.4572e+00 +9.7675e-01 -2.2494e+00
4552 +3.183584626e+04 +3.183584626e+04 +3.283584626e+04 +3.283584626e+04 -3.7821e+00 +3.7572e+00 +1.4269e+00 +1.0681e+00 -2.2976e+00
4691 +1.639859273e+04 +1.639859273e+04 +1.739859273e+04 +1.739859273e+04 -3.8555e+00 +3.8022e+00 +1.4102e+00 +1.0713e+00 -2.2830e+00
4692 +7.429823279e+03 +7.429823279e+03 +8.429823279e+03 +8.429823279e+03 -3.8392e+00 +3.8323e+00 +1.4571e+00 +1.1387e+00 -2.3238e+00
4946 +1.744579179e+03 +1.744579179e+03 +2.744579179e+03 +2.744579179e+03 -3.8358e+00 +3.8609e+00 +1.4342e+00 +1.1864e+00 -2.3394e+00
5659 +6.484354574e+02 +6.484354574e+02 +1.648435457e+03 +1.648435457e+03 -3.7741e+00 +3.1756e+00 -1.7423e+00 -7.6948e-01 -2.6610e+00
% function evaluation | noise-free fitness - Fopt (1.737000000000e+01) | best noise-free fitness - Fopt | measured fitness | best measured fitness | x1 | x2...
1 +1.212683721e+08 +1.212683721e+08 +1.212683895e+08 +1.212683895e+08 +2.6606e+00 +3.5136e+00 +3.8302e+00 +3.1691e+00 -3.5829e+00
3 +1.743689250e+07 +1.743689250e+07 +1.743690987e+07 +1.743690987e+07 -2.9141e+00 -1.1578e+00 +1.8126e+00 +7.3884e-01 -9.3522e-01
13 +9.134438093e+06 +9.134438093e+06 +9.134455463e+06 +9.134455463e+06 -1.7409e+00 -3.1292e+00 +2.7522e+00 +9.8099e-01 +1.5715e+00
26 +5.878517500e+05 +5.878517500e+05 +5.878691200e+05 +5.878691200e+05 -1.2196e+00 -2.5323e+00 +1.6499e+00 +3.1925e+00 +3.6558e-01
164 +3.635546601e+05 +3.635546601e+05 +3.635720301e+05 +3.635720301e+05 -1.2669e+00 -2.5557e+00 +1.0803e+00 +3.0540e+00 +7.4160e-01
414 +2.122258406e+05 +2.122258406e+05 +2.122432106e+05 +2.122432106e+05 -1.4378e+00 -2.5290e+00 +9.1223e-01 +3.0515e+00 +7.5199e-01
548 +1.560233180e+05 +1.560233180e+05 +1.560406880e+05 +1.560406880e+05 -1.3590e+00 -2.4414e+00 +1.3680e+00 +3.3745e+00 +2.6838e-01
671 +6.996913753e+04 +6.996913753e+04 +6.998650753e+04 +6.998650753e+04 -1.5536e+00 -2.4024e+00 +8.6439e-01 +3.1568e+00 +5.2793e-01
813 +3.949145177e+04 +3.949145177e+04 +3.950882177e+04 +3.950882177e+04 -1.6533e+00 -2.3791e+00 +9.2521e-01 +3.2109e+00 +5.1615e-01
819 +2.480433429e+04 +2.480433429e+04 +2.482170429e+04 +2.482170429e+04 -1.6056e+00 -2.3030e+00 +9.0862e-01 +3.1560e+00 +5.1621e-01
941 +1.010910198e+04 +1.010910198e+04 +1.012647198e+04 +1.012647198e+04 -1.6853e+00 -2.2377e+00 +9.5903e-01 +3.1500e+00 +6.1502e-01
1065 +4.102159934e+03 +4.102159934e+03 +4.119529934e+03 +4.119529934e+03 -1.6999e+00 -2.2253e+00 +8.7376e-01 +3.1503e+00 +6.6931e-01
1193 +3.692908555e+03 +3.692908555e+03 +3.710278555e+03 +3.710278555e+03 -1.6943e+00 -2.1476e+00 +9.3937e-01 +3.2212e+00 +6.6197e-01
1201 +2.304372460e+03 +2.304372460e+03 +2.321742460e+03 +2.321742460e+03 -1.7066e+00 -2.1703e+00 +8.8498e-01 +3.2265e+00 +6.9736e-01
2195 +1.049048092e+03 +1.049048092e+03 +1.066418092e+03 +1.066418092e+03 -1.6641e+00 -2.1910e+00 +9.1146e-01 +3.2541e+00 +5.8670e-01
3308 +4.170895191e+02 +4.170895191e+02 +4.344595191e+02 +4.344595191e+02 -1.7210e+00 -2.1437e+00 +8.5275e-01 +3.1513e+00 +7.6448e-01
5795 +3.370850500e+02 +3.370850500e+02 +3.544550500e+02 +3.544550500e+02 -1.9289e+00 -2.0626e+00 +6.8892e-01 +2.8892e+00 +1.3105e+00
% function evaluation | noise-free fitness - Fopt (1.541700000000e+02) | best noise-free fitness - Fopt | measured fitness | best measured fitness | x1 | x2...
1 +1.894398379e+07 +1.894398379e+07 +1.894413796e+07 +1.894413796e+07 -2.1791e+00 +1.9695e+00 -1.3371e+00 +1.9203e-01 +1.0154e+00
2 +3.538159627e+06 +3.538159627e+06 +3.538313797e+06 +3.538313797e+06 -3.7986e+00 -7.9653e-01 +9.6572e-02 +3.7634e+00 +1.9826e+00
72 +2.347696756e+06 +2.347696756e+06 +2.347850926e+06 +2.347850926e+06 -2.9480e+00 +1.0694e+00 +9.3768e-01 +2.8593e+00 -2.0982e-01
420 +1.583051250e+06 +1.583051250e+06 +1.583205420e+06 +1.583205420e+06 -3.6240e+00 +9.8807e-01 +1.3264e+00 +1.5659e+00 +1.2640e+00
673 +9.992046909e+05 +9.992046909e+05 +9.993588609e+05 +9.993588609e+05 -3.6656e+00 +1.0259e+00 +9.1420e-01 +1.7507e+00 +1.3869e+00
1063 +6.175712087e+05 +6.175712087e+05 +6.177253787e+05 +6.177253787e+05 -3.5890e+00 +1.2265e+00 +9.6213e-01 +1.9463e+00 +1.2728e+00
1532 +3.597842729e+05 +3.597842729e+05 +3.599384429e+05 +3.599384429e+05 -3.8070e+00 +1.1679e+00 +5.9444e-01 +1.9701e+00 +1.1484e+00
1667 +2.239262682e+05 +2.239262682e+05 +2.240804382e+05 +2.240804382e+05 -3.9363e+00 +1.2534e+00 +5.9083e-01 +2.0430e+00 +1.0841e+00
1795 +1.536642462e+05 +1.536642462e+05 +1.538184162e+05 +1.538184162e+05 -3.9453e+00 +1.2583e+00 +7.6839e-01 +2.0978e+00 +9.6788e-01
1930 +8.554295255e+04 +8.554295255e+04 +8.569712255e+04 +8.569712255e+04 -3.9268e+00 +1.3187e+00 +7.5808e-01 +2.1972e+00 +1.0020e+00
2062 +6.213850667e+04 +6.213850667e+04 +6.229267667e+04 +6.229267667e+04 -3.9588e+00 +1.4053e+00 +7.1095e-01 +2.1939e+00 +9.6568e-01
2256 +3.758221520e+04 +3.758221520e+04 +3.773638520e+04 +3.773638520e+04 -3.9095e+00 +1.0904e+00 +7.4232e-01 +2.5716e+00 +6.8714e-01
2315 +7.886283137e+03 +7.886283137e+03 +8.040453137e+03 +8.040453137e+03 -3.9984e+00 +1.4149e+00 +6.7477e-01 +2.3790e+00 +9.4304e-01
2497 +5.809998726e+03 +5.809998726e+03 +5.964168726e+03 +5.964168726e+03 -3.9825e+00 +1.0220e+00 +6.8827e-01 +2.5707e+00 +7.6830e-01
2513 +3.506608984e+03 +3.506608984e+03 +3.660778984e+03 +3.660778984e+03 -3.9766e+00 +9.1743e-01 +5.8620e-01 +2.5444e+00 +8.2726e-01
2632 +2.043799598e+03 +2.043799598e+03 +2.197969598e+03 +2.197969598e+03 -4.0300e+00 +1.0655e+00 +6.0929e-01 +2.5583e+00 +8.2032e-01
3053 +5.059867669e+02 +5.059867669e+02 +6.601567669e+02 +6.601567669e+02 -4.0060e+00 +1.4432e+00 +7.2763e-01 +2.4327e+00 +8.6659e-01
6115 +2.239992822e+02 +2.239992822e+02 +3.781692822e+02 +3.781692822e+02 -3.9954e+00 +8.2133e-01 +5.8808e-01 +2.6186e+00 +7.9758e-01
% function evaluation | noise-free fitness - Fopt (4.983000000000e+01) | best noise-free fitness - Fopt | measured fitness | best measured fitness | x1 | x2...
1 +3.138019426e+09 +3.138019426e+09 +3.138019475e+09 +3.138019475e+09 +2.7873e+00 -2.1514e+00 +2.3347e+00 +2.3787e+00 -6.1905e-01
2 +7.696112211e+08 +7.696112211e+08 +7.696112709e+08 +7.696112709e+08 -2.3801e+00 +2.6152e-01 +3.9441e-02 +3.2445e+00 -1.0057e+00
3 +3.225139695e+07 +3.225139695e+07 +3.225144678e+07 +3.225144678e+07 -2.0007e+00 +2.0699e+00 +3.7897e-01 -4.3421e-01 +3.5457e+00
7 +4.623450296e+06 +4.623450296e+06 +4.623500126e+06 +4.623500126e+06 -7.7314e-01 -1.6190e+00 +1.0540e+00 -1.7769e+00 +2.1071e+00
151 +3.953861002e+06 +3.953861002e+06 +3.953910832e+06 +3.953910832e+06 -8.7272e-01 -1.7130e+00 +1.1943e+00 -1.8464e+00 +2.0470e+00
687 +2.474423957e+06 +2.474423957e+06 +2.474473787e+06 +2.474473787e+06 -1.0488e+00 -1.8340e+00 +1.0866e+00 -2.1824e+00 +2.1549e+00
1195 +1.549096343e+06 +1.549096343e+06 +1.549146173e+06 +1.549146173e+06 -1.1708e+00 -1.9902e+00 +1.1979e+00 -2.4219e+00 +2.1338e+00
1804 +8.734619120e+05 +8.734619120e+05 +8.735117420e+05 +8.735117420e+05 -1.3287e+00 -2.0854e+00 +1.1388e+00 -2.7069e+00 +2.2496e+00
2051 +6.167412956e+05 +6.167412956e+05 +6.167911256e+05 +6.167911256e+05 -1.4272e+00 -2.2167e+00 +1.1725e+00 -2.7382e+00 +2.3717e+00
2311 +3.298529202e+05 +3.298529202e+05 +3.299027502e+05 +3.299027502e+05 -1.4554e+00 -2.3032e+00 +1.3686e+00 -2.9343e+00 +2.2815e+00
2454 +2.452172466e+05 +2.452172466e+05 +2.452670766e+05 +2.452670766e+05 -1.5800e+00 -2.3712e+00 +1.3772e+00 -2.9177e+00 +2.2202e+00
2702 +1.500698386e+05 +1.500698386e+05 +1.501196686e+05 +1.501196686e+05 -1.5178e+00 -2.5088e+00 +1.2900e+00 -2.9990e+00 +2.2872e+00
2707 +9.479432464e+04 +9.479432464e+04 +9.484415464e+04 +9.484415464e+04 -1.6388e+00 -2.5022e+00 +1.4140e+00 -3.0372e+00 +2.2541e+00
3053 +6.001827323e+04 +6.001827323e+04 +6.006810323e+04 +6.006810323e+04 -1.6540e+00 -2.5335e+00 +1.4716e+00 -3.0897e+00 +2.1644e+00
3173 +1.332896499e+04 +1.332896499e+04 +1.337879499e+04 +1.337879499e+04 -1.6439e+00 -2.6534e+00 +1.4200e+00 -3.1890e+00 +2.2993e+00
3301 +9.245726271e+03 +9.245726271e+03 +9.295556271e+03 +9.295556271e+03 -1.7185e+00 -2.7023e+00 +1.4496e+00 -3.1509e+00 +2.2136e+00
3433 +4.852273448e+03 +4.852273448e+03 +4.902103448e+03 +4.902103448e+03 -1.7217e+00 -2.6850e+00 +1.4865e+00 -3.1746e+00 +2.1973e+00
3437 +3.753489297e+03 +3.753489297e+03 +3.803319297e+03 +3.803319297e+03 -1.7334e+00 -2.7535e+00 +1.5039e+00 -3.3057e+00 +2.2465e+00
3967 +2.284585308e+03 +2.284585308e+03 +2.334415308e+03 +2.334415308e+03 -1.7065e+00 -2.7374e+00 +1.4378e+00 -3.2456e+00 +2.2348e+00
4096 +5.300567561e+02 +5.300567561e+02 +5.798867561e+02 +5.798867561e+02 -1.7208e+00 -2.7221e+00 +1.5146e+00 -3.2140e+00 +2.1932e+00
5516 +1.045977997e+02 +1.045977997e+02 +1.544277997e+02 +1.544277997e+02 -1.6934e+00 -2.6644e+00 +1.3457e+00 -3.3570e+00 +2.3877e+00
