% function evaluation | noise-free fitness - Fopt (7.627000000000e+01) | best noise-free fitness - Fopt | measured fitness | best measured fitness | x1 | x2...
1 +1.708196371e+06 +1.708196371e+06 +1.708272641e+06 +1.708272641e+06 -1.8723e+00 -9.9393e-01 -2.8197e+00 +7.6036e-01 -1.5601e+00 -2.3926e-01 -3.6321e+00 -2.3529e+00 +1.3581e-01 -2.2309e+00 -2.1737e+00 -1.8814e-01 -2.1114e+00 -2.3706e+00 -3.9269e+00 -2.2949e+00 +3.8223e+00 -3.2662e-01 +3.7804e+00 +3.3395e+00
3 +5.697328737e+05 +5.697328737e+05 +5.698091437e+05 +5.698091437e+05 -1.1346e+00 +2.9819e+00 +2.5867e+00 +1.3069e+00 +3.6758e-02 -2.3543e+00 +3.3569e+00 -2.9542e+00 -3.5615e+00 -2.9646e+00 +2.3982e+00 +3.7296e+00 +2.7692e+00 +2.7432e+00 +2.0032e+00 +3.4604e+00 -1.6615e+00 +2.9629e+00 +1.7839e+00 -1.5698e-01
7 +1.402160512e+05 +1.402160512e+05 +1.402923212e+05 +1.402923212e+05 -1.2508e+00 +2.5161e-01 +8.0359e-01 +3.6828e+00 +3.9294e+00 +1.8021e+00 -1.3862e-02 +3.0613e+00 -1.4713e+00 +8.3067e-03 +2.6448e-01 +5.1662e-02 +2.3169e+00 +2.6195e+00 -2.3526e+00 +1.1827e+00 -3.9245e+00 +2.7938e+00 +3.9713e+00 +3.7367e+00
20 +1.617746962e+04 +1.617746962e+04 +1.625373962e+04 +1.625373962e+04 +2.8953e+00 +3.7676e+00 +3.1700e+00 -2.9961e+00 +1.3174e+00 -9.6063e-01 -8.6486e-01 -3.4227e+00 +3.1249e+00 +3.6720e+00 -1.8521e+00 +3.6611e+00 -2.2519e+00 +3.4702e+00 -2.9824e+00 +1.3023e+00 -3.4422e+00 -3.0048e+00 +4.3959e-01 +1.4198e+00
24 +1.193789445e+04 +1.193789445e+04 +1.201416445e+04 +1.201416445e+04 -1.1468e+00 +1.6397e+00 +1.9478e+00 +2.5166e+00 +1.3813e+00 -2.2329e+00 +2.7787e+00 +2.4488e+00 -2.2570e+00 -9.0344e-01 +3.4667e-01 +3.3410e+00 +2.5156e+00 +2.5978e+00 +1.5105e+00 +3.1416e+00 -1.8326e+00 +2.7748e+00 +3.2588e+00 +2.5239e+00
57 +1.459236586e+03 +1.459236586e+03 +1.535506586e+03 +1.535506586e+03 -1.1215e+00 -2.2215e+00 -1.9432e-01 +1.9870e+00 +2.1614e+00 +1.3888e+00 +1.3545e+00 -3.2247e+00 +1.6693e+00 -8.9263e-01 +9.3411e-01 -1.6605e+00 +1.1786e+00 +8.5207e-01 -7.0269e-01 -3.3743e+00 -2.5298e+00 -2.2122e+00 -3.2202e+00 +2.0002e+00
72 +2.405616186e+02 +2.405616186e+02 +3.168316186e+02 +3.168316186e+02 -1.2066e+00 -2.2968e+00 -1.6867e-01 +1.9097e+00 +2.0736e+00 +1.4491e+00 +1.3578e+00 -3.3133e+00 +1.6038e+00 -9.3264e-01 +8.4095e-01 -1.5933e+00 +1.1328e+00 +9.0923e-01 -7.4874e-01 -3.3270e+00 -2.5703e+00 -2.2831e+00 -3.3152e+00 +2.0103e+00
336 +1.569977915e+02 +1.569977915e+02 +2.332677915e+02 +2.332677915e+02 -1.1492e+00 -2.2089e+00 -2.8213e-01 +1.8515e+00 +2.2429e+00 +1.5724e+00 +1.5583e+00 -3.2398e+00 +1.6762e+00 -7.4911e-01 +1.1389e+00 -1.7259e+00 +1.0809e+00 +7.7663e-01 -6.5707e-01 -3.3862e+00 -2.5282e+00 -2.2398e+00 -3.0702e+00 +1.8269e+00
% function evaluation | noise-free fitness - Fopt (-2.255000000000e+01) | best noise-free fitness - Fopt | measured fitness | best measured fitness | x1 | x2...
1 +2.644777547e+06 +2.644777547e+06 +2.644754997e+06 +2.644754997e+06 -1.0917e+00 -1.5008e+00 +1.6290e+00 +3.3521e-01 -2.0555e+00 -3.8798e+00 -1.8957e+00 -1.8735e+00 +2.5148e+00 +2.9647e+00 +2.0542e+00 +3.6429e+00 +4.3410e-01 -1.5872e+00 +3.4206e+00 +3.6837e+00 +1.5601e+00 -2.1654e+00 +3.0962e+00 -2.2890e+00
3 +3.407447584e+05 +3.407447584e+05 +3.407222084e+05 +3.407222084e+05 +3.8515e+00 -3.9652e+00 +3.5117e+00 +3.8878e+00 -3.9264e+00 -1.5028e+00 -3.1569e+00 +3.0687e+00 -2.3225e+00 -1.2710e+00 +1.3829e+00 -9.1786e-01 -1.4695e+00 +8.3285e-02 +1.7479e+00 -6.6110e-01 -5.5286e-01 +2.4289e+00 +3.6394e+00 -2.8112e+00
5 +7.202370942e+04 +7.202370942e+04 +7.200115942e+04 +7.200115942e+04 +1.2800e+00 +2.3648e+00 -6.0586e-01 +3.4328e+00 +3.6368e+00 -3.5183e+00 +7.3338e-01 -4.1983e-01 -1.6957e-01 -1.4623e+00 +3.6779e-02 -1.3733e+00 -1.8393e-02 -9.0866e-01 -8.5331e-01 +3.8011e+00 +4.6938e-01 +4.1731e-01 -3.1706e+00 +3.0035e-01
12 +4.877832430e+04 +4.877832430e+04 +4.875577430e+04 +4.875577430e+04 +2.0697e+00 +1.3445e+00 -1.5430e+00 +1.7048e+00 -1.9411e-01 +1.4578e+00 -2.1165e+00 +3.6643e+00 -1.4125e+00 -1.3941e+00 +1.6515e-02 -2.1338e+00 +9.5751e-01 -7.6951e-01 -9.7049e-01 -1.0917e+00 -1.5996e-01 -2.8309e+00 -3.1361e-02 -3.2552e+00
25 +3.721377330e+04 +3.721377330e+04 +3.719122330e+04 +3.719122330e+04 +2.0020e+00 +1.2637e+00 -1.5332e+00 +1.7208e+00 -2.7221e-01 +1.5468e+00 -2.0510e+00 +3.5738e+00 -1.3702e+00 -1.3200e+00 +2.7394e-02 -2.1303e+00 +1.0015e+00 -6.8337e-01 -1.0347e+00 -1.1405e+00 -2.3646e-01 -2.9170e+00 -1.0501e-01 -3.3400e+00
28 +1.181119891e+04 +1.181119891e+04 +1.178864891e+04 +1.178864891e+04 +2.8769e+00 -6.3515e-01 -1.4090e+00 +3.4300e+00 +3.6189e+00 -2.3718e+00 +5.5792e-02 +1.2646e+00 +2.2341e-01 +9.8208e-01 +1.1290e+00 +1.3797e+00 -7.3249e-01 -2.7418e+00 -2.3114e+00 +3.7787e+00 -3.6186e-01 -1.0518e+00 -2.8283e+00 -1.0506e+00
70 +4.193971111e+03 +4.193971111e+03 +4.171421111e+03 +4.171421111e+03 +2.0755e+00 -9.5405e-01 +1.8272e+00 -5.1113e-01 -2.1525e+00 +8.0086e-01 +3.8674e-02 -1.9844e-01 -3.1552e+00 +4.8171e-01 +3.5874e+00 +6.4284e-01 +1.7854e+00 -4.5658e-01 +3.9131e+00 +7.4380e-01 +2.1651e+00 +1.3035e+00 +1.2408e+00 -3.4797e+00
80 +1.634301421e+02 +1.634301421e+02 +1.408801421e+02 +1.408801421e+02 +2.1328e+00 -9.2569e-01 +1.8875e+00 -5.9525e-01 -2.2458e+00 +8.0968e-01 +1.0627e-01 -1.7450e-01 -3.0879e+00 +4.7402e-01 +3.5349e+00 +5.4413e-01 +1.7379e+00 -4.0423e-01 +3.9517e+00 +7.5443e-01 +2.1696e+00 +1.3221e+00 +1.1626e+00 -3.5523e+00
227 +1.336989486e+02 +1.336989486e+02 +1.111489486e+02 +1.111489486e+02 +2.6269e+00 -1.7016e+00 +3.2495e+00 -1.9041e+00 +9.8049e-01 +1.2737e-01 +1.4148e+00 +6.1894e-02 -1.6674e+00 +3.9234e-01 +3.4333e+00 -2.7656e+00 +1.9489e+00 -8.9920e-01 -1.6876e+00 -1.3440e+00 +1.5200e+00 +1.9314e+00 +9.3511e-01 -1.1469e+00
% function evaluation | noise-free fitness - Fopt (1.366000000000e+01) | best noise-free fitness - Fopt | measured fitness | best measured fitness | x1 | x2...
1 +3.616629818e+06 +3.616629818e+06 +3.616643478e+06 +3.616643478e+06 +3.1979e+00 -8.6112e-01 -2.7660e+00 +1.8253e+00 -2.9699e+00 +8.0976e-02 -2.8250e+00 +2.1118e+00 +2.7117e+00 -1.6890e+00 -2.4375e+00 +3.4358e+00 +3.6812e-01 -2.4279e+00 +2.6685e+00 +1.1898e+00 -2.9839e+00 +7.8224e-02 +1.9206e+00 -3.8341e+00
2 +2.025335461e+06 +2.025335461e+06 +2.025349121e+06 +2.025349121e+06 -1.8190e-01 -3.8551e+00 -2.9106e-02 -1.8596e+00 +3.0630e+00 -3.1587e+00 +3.0860e-01 +4.5985e-01 +1.9307e+00 -3.2312e+00 +3.6036e+00 +9.1619e-02 +7.4464e-01 -2.0797e+00 -2.9790e+00 +2.5283e+00 +1.2711e+00 +1.3142e+00 -1.4625e+00 -1.9169e+00
5 +6.425123586e+05 +6.425123586e+05 +6.425260186e+05 +6.425260186e+05 +7.8981e-01 -9.8860e-01 -2.2059e+00 -3.9036e+00 -2.8488e+00 -2.5730e+00 +2.6557e+00 +1.8033e+00 -1.3452e+00 +1.6513e-02 +3.4894e+00 +2.0810e+00 +3.1550e+00 -6.7999e-01 +2.7130e+00 +7.7323e-02 -2.9054e+00 -3.8251e+00 -3.9882e-02 -3.2423e+00
13 +2.427396496e+05 +2.427396496e+05 +2.427533096e+05 +2.427533096e+05 +3.5736e+00 +3.8181e-01 +1.6693e+00 +2.1233e+00 -2.4719e+00 +1.8799e+00 +3.4163e-01 -4.4296e-01 -2.3588e+00 +2.3419e+00 +1.1592e+00 -1.5774e+00 -1.4846e+00 +1.9273e-01 -2.2316e+00 -2.1268e+00 +1.9652e+00 +1.8865e+00 -3.4009e+00 -1.8064e+00
25 +7.845412843e+04 +7.845412843e+04 +7.846778843e+04 +7.846778843e+04 +3.3866e+00 -3.4148e+00 +1.4408e+00 +1.6081e+00 -1.4669e+00 +1.2737e+00 +3.8463e-01 -4.0430e-01 -7.6020e-01 +3.5056e+00 +3.7983e+00 -2.1094e+00 -1.1465e+00 +1.6720e+00 -1.5862e+00 +1.0620e+00 -5.7515e-01 -8.9230e-01 -2.7162e+00 +7.7629e-01
38 +2.914095594e+04 +2.914095594e+04 +2.915461594e+04 +2.915461594e+04 +3.5680e+00 +1.7562e+00 -2.1102e+00 +2.5961e+00 -2.5031e+00 +1.0554e+00 +2.6790e+00 -5.6353e-01 +1.2747e+00 +3.8101e-01 +1.1603e+00 -1.0809e+00 -1.1434e+00 -7.7262e-01 -1.6002e+00 -1.9121e+00 -1.4570e+00 +1.6505e+00 +1.0495e+00 -1.7752e+00
66 +2.398575670e+04 +2.398575670e+04 +2.399941670e+04 +2.399941670e+04 +3.7306e+00 +2.1858e+00 -3.2121e+00 -3.2122e+00 -3.4412e+00 -1.4470e+00 -3.2401e+00 +2.3719e+00 -1.4315e+00 +2.0939e+00 -1.7700e+00 -2.5193e+00 +3.9914e+00 +2.5828e+00 +2.5509e+00 +2.9672e+00 -2.2762e-01 -2.7726e+00 +3.9621e+00 -2.3570e+00
69 +2.143578256e+02 +2.143578256e+02 +2.280178256e+02 +2.280178256e+02 -3.1283e-01 +1.5821e+00 -3.2773e+00 +1.9847e+00 +2.0734e+00 -3.0109e+00 -1.9831e+00 -1.8997e-01 +2.2430e+00 -2.7957e-01 -3.9846e+00 +1.0819e+00 +2.3346e+00 -3.7929e+00 +1.6913e+00 +3.4338e+00 +1.0351e+00 -7.7362e-01 +3.2973e+00 -3.4897e+00
3960 +1.566060884e+02 +1.566060884e+02 +1.702660884e+02 +1.702660884e+02 +3.3860e+00 +1.6114e+00 -2.0601e+00 +3.2593e+00 -2.6440e+00 +8.1090e-01 +2.7836e+00 -8.2189e-01 +1.3529e+00 -5.0065e-02 +1.1798e+00 -1.0007e+00 -8.3975e-01 -8.5964e-01 -1.3525e+00 -1.7399e+00 -1.7621e+00 +1.2509e+00 +1.6193e+00 -2.0758e+00
% function evaluation | noise-free fitness - Fopt (9.378400000000e+02) | best noise-free fitness - Fopt | measured fitness | best measured fitness | x1 | x2...
1 +7.550127601e+06 +7.550127601e+06 +7.551065441e+06 +7.551065441e+06 +1.7886e+00 +9.6872e-01 -1.4556e+00 +1.3264e+00 -7.9275e-01 +8.6759e-01 -2.8884e+00 +3.0143e+00 +3.4090e+00 -3.5714e+00 -2.3587e+00 -8.4145e-02 +6.8352e-01 -5.3170e-01 -2.6385e+00 -7.4585e-01 +3.5077e+00 -7.7514e-01 -6.3244e-01 -3.6727e+00
3 +2.645783629e+06 +2.645783629e+06 +2.646721469e+06 +2.646721469e+06 -5.9460e-01 +2.1133e+00 +3.7311e+00 +3.6682e+00 -6.5355e-02 -2.6699e+00 -9.0470e-01 -3.2563e-01 -1.3074e+00 +1.4157e+00 +3.2402e-01 +3.5059e+00 -1.5743e+00 -2.4452e+00 -1.8830e+00 -1.8051e+00 +2.2339e+00 +1.9018e+00 -2.3127e+00 +8.5978e-01
4 +3.390301900e+05 +3.390301900e+05 +3.399680300e+05 +3.399680300e+05 +1.9881e+00 +2.9504e+00 +3.4861e+00 +2.4880e+00 +3.3628e+00 -3.5115e+00 -1.9419e+00 +2.0343e+00 +5.6368e-01 +1.6585e+00 +1.5993e+00 +1.3101e+00 -2.0856e-02 +3.8493e-01 +2.5617e+00 -4.6403e-02 +9.6745e-01 +3.2267e-01 -3.5518e+00 -3.9813e+00
8 +2.079031360e+04 +2.079031360e+04 +2.172815360e+04 +2.172815360e+04 -8.5530e-03 -1.1680e+00 -2.9443e+00 +2.8796e+00 +3.0100e+00 +3.7378e-01 -2.1445e+00 +2.8168e+00 +3.3426e+00 -1.9180e+00 -6.3705e-01 +1.1133e+00 +1.8534e-01 +2.5982e+00 -1.1892e+00 +1.0339e+00 -3.0076e+00 +3.4272e+00 +1.4333e+00 +2.9146e+00
21 +7.275082610e+02 +7.275082610e+02 +1.665348261e+03 +1.665348261e+03 -7.6410e-02 -1.1387e+00 -2.9683e+00 +2.9172e+00 +3.0759e+00 +3.1196e-01 -2.2400e+00 +2.7421e+00 +3.3180e+00 -1.9574e+00 -7.1495e-01 +1.1765e+00 +1.2601e-01 +2.5361e+00 -1.2086e+00 +1.1239e+00 -2.9443e+00 +3.3679e+00 +1.4072e+00 +2.9030e+00
77 +3.182076762e+02 +3.182076762e+02 +1.256047676e+03 +1.256047676e+03 +1.8346e+00 +3.2410e+00 -3.8566e-01 -2.2664e+00 +3.4268e+00 -2.7797e+00 -6.9333e-01 +1.6498e+00 +1.8103e+00 -2.7407e+00 +3.3314e+00 -3.7701e+00 +3.8000e+00 +1.4891e+00 +2.9716e+00 -7.7913e-01 -8.9122e-01 +2.5368e+00 +3.1939e-01 -2.2093e-01
256 +1.352949033e+02 +1.352949033e+02 +1.073134903e+03 +1.073134903e+03 +2.0859e+00 +2.4884e+00 +3.4995e+00 -2.8990e+00 +6.6272e-01 +6.4593e-01 -3.5016e+00 -6.7148e-01 +3.7749e+00 +7.8547e-01 -3.4225e+00 -3.7684e+00 -1.2934e+00 +1.7646e-01 +9.3627e-01 +7.1489e-01 +2.0843e+00 +1.5386e+00 -2.4628e+00 +6.2745e-01
257 +9.304645300e+01 +9.304645300e+01 +1.030886453e+03 +1.030886453e+03 +2.0664e+00 +2.5619e+00 +3.5243e+00 -2.7528e+00 +5.8876e-01 +4.2287e-01 -3.3586e+00 -7.2352e-01 +3.6740e+00 +7.6060e-01 -3.4166e+00 -3.7192e+00 -1.2706e+00 +8.2375e-02 +9.0068e-01 +6.9664e-01 +1.9705e+00 +1.5256e+00 -2.4608e+00 +4.9789e-01
% function evaluation | noise-free fitness - Fopt (-7.872000000000e+01) | best noise-free fitness - Fopt | measured fitness | best measured fitness | x1 | x2...
1 +4.148757316e+06 +4.148757316e+06 +4.148678596e+06 +4.148678596e+06 -1.2883e+00 +2.8389e+00 -2.6885e+00 -2.1585e+00 -2.7720e-01 -2.3740e+00 -8.4482e-01 +2.4484e+00 +1.6982e-01 -1.3011e+00 -1.2174e-01 -2.5039e+00 -3.7526e+00 -1.8755e+00 -2.5217e-03 +1.7051e+00 +6.3855e-01 +3.9426e+00 -1.6088e+00 -8.7879e-01
5 +3.675063584e+06 +3.675063584e+06 +3.674984864e+06 +3.674984864e+06 -2.3676e+00 -7.2173e-01 -1.0730e+00 +3.0731e+00 +2.9190e+00 -1.0256e+00 -1.1391e+00 -2.5186e+00 +6.9693e-01 +2.1026e+00 +7.8501e-01 -2.0184e+00 +8.2509e-01 -3.6246e+00 +3.0956e+00 -3.4583e+00 -2.9772e+00 -3.8311e+00 -3.1947e+00 +2.1617e-01
9 +4.724129175e+05 +4.724129175e+05 +4.723341975e+05 +4.723341975e+05 -1.3336e+00 +7.9235e-02 -1.7293e+00 -1.2946e+00 -1.9363e+00 -1.4775e+00 -1.2501e+00 +2.7260e+00 +2.1336e-01 +6.7950e-01 -1.9444e+00 +1.6340e-01 +1.1570e+00 -2.6985e+00 +3.8693e+00 +8.7347e-01 +1.3651e+00 -2.0782e+00 -1.8003e+00 -2.9303e+00
14 +1.062472121e+05 +1.062472121e+05 +1.061684921e+05 +1.061684921e+05 +3.8177e+00 -1.5188e+00 +2.0084e+00 +2.1271e+00 +1.1650e+00 +1.0211e-01 -1.0756e+00 +1.9248e+00 -1.1703e+00 +3.5453e+00 -2.4959e+00 -3.4187e+00 -1.7899e+00 -2.8935e+00 +3.8597e+00 -5.3750e-01 +2.4765e+00 -2.4981e+00 +2.4354e+00 +1.7319e+00
17 +3.897049712e+04 +3.897049712e+04 +3.889177712e+04 +3.889177712e+04 +1.7966e+00 +1.4061e-01 +8.5825e-01 +1.1956e+00 +2.1746e+00 -8.1840e-01 -7.5563e-02 +1.6569e+00 -1.7974e+00 +6.9511e-01 -3.1895e+00 -1.6010e+00 +3.6523e+00 +2.1057e+00 +2.4180e+00 +2.0522e+00 +4.1025e-01 -2.1071e+00 -3.5196e+00 -3.9462e+00
24 +3.853556635e+03 +3.853556635e+03 +3.774836635e+03 +3.774836635e+03 +1.7096e+00 +1.5255e-01 +8.4236e-01 +1.2644e+00 +2.1585e+00 -7.4908e-01 -1.1238e-01 +1.6799e+00 -1.7185e+00 +5.9809e-01 -3.2422e+00 -1.5064e+00 +3.6427e+00 +2.2056e+00 +2.3292e+00 +2.0959e+00 +4.3321e-01 -2.1012e+00 -3.5902e+00 -3.8596e+00
68 +3.836640254e+02 +3.836640254e+02 +3.049440254e+02 +3.049440254e+02 +8.6395e-01 +3.6189e+00 -3.7081e-01 +1.9234e+00 +3.2925e+00 -4.5445e-01 -1.5102e+00 +5.8441e-01 -2.1441e+00 -8.8309e-01 -2.7753e+00 +2.8608e-01 -2.4772e+00 -1.6564e-01 -1.5597e+00 +6.6397e-01 +1.1329e+00 -3.5113e+00 +2.8114e+00 -3.5718e+00
201 +1.825909448e+02 +1.825909448e+02 +1.038709448e+02 +1.038709448e+02 -9.7239e-01 -7.0247e-01 -3.6942e+00 -2.4507e+00 -3.7497e+00 -3.0057e+00 +3.8742e+00 -1.2821e-01 -3.1043e-02 +1.9713e-01 -3.9671e+00 -2.0116e+00 +4.6736e-01 +3.9247e+00 +3.3410e+00 -5.1797e-01 +2.4989e-01 -1.5714e+00 +2.8060e+00 -1.9262e+00
9133 +1.563343527e+02 +1.563343527e+02 +7.761435266e+01 +7.761435266e+01 -9.5071e-01 -8.4289e-01 -3.7085e+00 -1.8156e+00 -3.1988e+00 -2.3668e+00 +4.1175e+00 +9.3364e-02 +5.4599e-01 +3.3596e-01 -3.8957e+00 -2.0833e+00 +2.8809e-03 +3.7959e+00 +3.5834e+00 -1.2895e+00 -1.2125e-02 -1.0925e+00 +3.1627e+00 -2.7652e+00
% function evaluation | noise-free fitness - Fopt (6.997000000000e+01) | best noise-free fitness - Fopt | measured fitness | best measured fitness | x1 | x2...
1 +2.088576604e+07 +2.088576604e+07 +2.088583601e+07 +2.088583601e+07 -3.5397e+00 -3.3512e+00 -1.5611e+00 -2.4391e+00 -4.4657e-01 -3.3686e+00 +1.4997e+00 +2.4929e+00 -3.1740e+00 +2.9722e+00 +1.5287e+00 -2.8796e-01 +3.0908e+00 -2.0793e+00 -1.7544e+00 -3.3240e+00 +7.5232e-01 +1.6520e+00 +6.1935e-01 +5.7618e-01
2 +8.230433370e+06 +8.230433370e+06 +8.230503340e+06 +8.230503340e+06 +1.0966e+00 -1.9106e+00 +1.3271e-01 -6.4449e-01 +3.6926e+00 -7.8266e-01 +2.0496e+00 -2.0657e+00 +1.9561e+00 -3.9413e+00 -7.4348e-01 +1.6637e+00 -3.6424e+00 +6.6479e-01 -1.8877e-01 -6.1291e-01 +3.4896e-01 +2.4362e+00 +1.6594e+00 +1.5105e-01
3 +1.981906790e+06 +1.981906790e+06 +1.981976760e+06 +1.981976760e+06 +3.5332e-01 +1.7063e+00 +1.6501e+00 +1.0712e+00 -3.0433e+00 -3.1754e+00 +2.6251e+00 -4.1207e-01 -2.5333e+00 -3.7048e+00 -1.0184e+00 -3.6542e-01 -5.9457e-01 -1.8054e+00 -9.0465e-01 +8.9732e-01 -2.0247e+00 -2.6301e+00 +3.3136e+00 -2.1216e+00
4 +2.205163783e+05 +2.205163783e+05 +2.205863483e+05 +2.205863483e+05 +3.7440e+00 -1.9834e+00 +3.9775e+00 +3.6553e+00 -1.5169e+00 -3.7314e+00 -4.4737e-01 +1.7102e+00 +3.1024e+00 -1.4794e+00 +1.3384e+00 -3.7132e+00 -3.6274e+00 +2.6267e+00 +1.3444e+00 +1.0670e+00 +1.1053e+00 -1.0562e+00 -4.4198e-01 -6.6512e-01
9 +1.131275780e+05 +1.131275780e+05 +1.131975480e+05 +1.131975480e+05 -3.2725e+00 -1.0240e+00 -3.8894e+00 +2.0075e+00 +1.7551e+00 +3.9973e+00 -3.9663e+00 +1.6529e+00 +1.2124e+00 -7.1268e-01 +8.1358e-01 -2.7663e-01 -2.2728e+00 +1.2159e-01 +1.5965e+00 -8.2180e-01 -1.1584e+00 -9.3471e-02 +1.3240e+00 -3.1735e+00
17 +2.289304087e+04 +2.289304087e+04 +2.296301087e+04 +2.296301087e+04 -3.7832e+00 +3.2973e+00 +4.9461e-01 +2.9169e+00 +7.0928e-01 -2.7093e+00 +2.2259e+00 +3.1889e+00 -2.1387e+00 -3.3121e-01 +4.0184e-01 -2.6632e+00 +7.3281e-01 +7.6925e-01 -1.0990e+00 -2.6891e+00 -3.7334e+00 -3.2664e+00 +6.2649e-01 -2.6430e+00
44 +1.413950128e+04 +1.413950128e+04 +1.420947128e+04 +1.420947128e+04 -3.1679e-01 +1.3362e+00 -5.2752e-01 -3.9532e+00 +1.9479e+00 -3.4448e+00 +2.0388e+00 -3.4409e-01 -8.3840e-01 -3.3295e+00 -2.4221e+00 -2.0386e+00 +3.3999e+00 -1.4912e+00 -2.3056e+00 -8.8614e-01 -3.8628e+00 -8.7491e-01 +1.5980e+00 -2.1603e+00
71 +8.736223193e+02 +8.736223193e+02 +9.435923193e+02 +9.435923193e+02 -3.2507e-01 +1.2628e+00 -5.8522e-01 -3.9787e+00 +2.0004e+00 -3.4240e+00 +1.9789e+00 -3.7486e-01 -8.1912e-01 -3.3389e+00 -2.3403e+00 -2.1281e+00 +3.3292e+00 -1.4658e+00 -2.3066e+00 -8.6050e-01 -3.9384e+00 -8.3519e-01 +1.6173e+00 -2.1627e+00
75 +3.355833303e+02 +3.355833303e+02 +4.055533303e+02 +4.055533303e+02 -2.5493e-01 +1.2559e+00 -5.5406e-01 -3.9277e+00 +1.8584e+00 -3.5014e+00 +2.1018e+00 -3.8977e-01 -9.0722e-01 -3.4272e+00 -2.3578e+00 -2.1352e+00 +3.4047e+00 -1.5316e+00 -2.3443e+00 -8.1319e-01 -3.9379e+00 -8.8123e-01 +1.6299e+00 -2.1514e+00
206 +1.965371969e+02 +1.965371969e+02 +2.665071969e+02 +2.665071969e+02 -4.1132e-01 +1.3532e+00 -6.2863e-01 -3.9161e+00 +1.9874e+00 -3.4735e+00 +1.9502e+00 -2.9276e-01 -9.0027e-01 -3.4270e+00 -2.3273e+00 -2.0927e+00 +3.3517e+00 -1.5571e+00 -2.2643e+00 -9.4617e-01 -3.8511e+00 -8.9759e-01 +1.5856e+00 -2.2447e+00
5005 +1.553066722e+02 +1.553066722e+02 +2.252766722e+02 +2.252766722e+02 -7.5543e-02 +1.1031e+00 +1.3087e-01 -3.8539e+00 +2.2246e+00 -3.9674e+00 +2.0006e+00 +5.1753e-02 -3.5707e-01 -2.8793e+00 -2.3135e+00 -2.5730e+00 +3.3301e+00 -1.1160e+00 -2.6321e+00 -5.9552e-01 -3.4872e+00 -1.1231e+00 +1.4376e+00 -2.3337e+00
% function evaluation | noise-free fitness - Fopt (9.791400000000e+02) | best noise-free fitness - Fopt | measured fitness | best measured fitness | x1 | x2...
1 +1.720561428e+07 +1.720561428e+07 +1.720659342e+07 +1.720659342e+07 +3.0221e-01 +1.5515e+00 -2.9075e+00 +1.9475e+00 +3.7402e+00 +2.1742e+00 +2.1331e+00 -3.8975e+00 +3.8673e+00 +2.3340e+00 +3.9063e+00 -1.0859e+00 -9.0186e-01 +2.4243e-01 +3.9140e+00 +3.1635e+00 +2.2113e+00 +1.6690e+00 -1.9568e+00 -3.1788e+00
5 +5.309881180e+05 +5.309881180e+05 +5.319672580e+05 +5.319672580e+05 -9.1917e-01 -3.2750e+00 +2.8165e+00 -3.9258e+00 +2.6465e+00 +1.5548e+00 +2.4507e+00 +3.2380e+00 -9.9601e-01 -6.3043e-01 -3.5058e+00 +1.2957e+00 +6.8088e-01 -8.5954e-01 -3.2452e+00 -3.2643e+00 +2.2321e+00 +1.6613e+00 +1.5405e+00 +1.0272e+00
9 +3.940202034e+04 +3.940202034e+04 +4.038116034e+04 +4.038116034e+04 +1.8934e-01 +2.4654e+00 -8.0490e-03 -3.0029e+00 +1.2913e+00 -3.8705e+00 -4.7537e-02 +1.9119e-01 +7.9768e-01 +2.0537e+00 +3.0916e+00 +3.9209e+00 -4.8194e-01 +1.9104e+00 +1.7051e+00 +3.0682e+00 +2.9881e+00 +1.3214e+00 -5.4351e-01 -7.3089e-01
12 +2.426943022e+02 +2.426943022e+02 +1.221834302e+03 +1.221834302e+03 -2.7495e+00 -3.0864e+00 -1.4731e-01 +1.6067e+00 +2.8260e+00 +7.7937e-01 -3.8838e+00 +2.5752e+00 -2.3581e+00 +3.1472e+00 +1.4615e+00 +1.6063e-02 -1.3367e+00 -3.4490e+00 +3.5420e+00 +3.5561e+00 +3.1706e+00 +2.7367e+00 -2.7519e+00 +1.2993e+00
% function evaluation | noise-free fitness - Fopt (-8.900000000000e-01) | best noise-free fitness - Fopt | measured fitness | best measured fitness | x1 | x2...
1 +3.798625659e+05 +3.798625659e+05 +3.798616759e+05 +3.798616759e+05 +3.6604e+00 -3.0275e+00 -2.0280e+00 +2.7843e-01 -1.5855e+00 -3.2303e+00 -2.2813e+00 +3.8057e-02 +8.6319e-01 +1.6672e+00 +9.8472e-01 -1.7392e+00 +1.5304e+00 +2.4165e+00 -3.7153e+00 +1.4539e+00 +2.8381e+00 +2.1088e+00 +3.2450e+00 +3.5356e+00
3 +7.479634716e+04 +7.479634716e+04 +7.479545716e+04 +7.479545716e+04 -6.2072e-02 -3.1973e+00 -2.5235e+00 -6.1947e-01 +2.9509e+00 +1.9359e+00 +2.1288e+00 -8.5648e-01 -3.0101e+00 +2.5592e+00 -1.9169e+00 -2.9373e+00 +1.9937e+00 -6.7642e-02 -2.5163e+00 -3.5138e+00 -3.5002e+00 -2.7031e+00 +3.6532e+00 +1.7093e+00
16 +3.548020934e+04 +3.548020934e+04 +3.547931934e+04 +3.547931934e+04 +2.2908e-01 +4.8716e-01 +1.1903e+00 -6.3498e-01 -3.0606e+00 -3.2728e+00 -2.7649e+00 -3.0662e+00 +2.1549e+00 +1.1503e+00 -3.0966e+00 +8.1890e-01 -3.3193e+00 -9.3935e-01 -3.7022e+00 -2.0999e+00 -3.8680e+00 +7.0014e-01 -2.4615e+00 -5.5579e-01
17 +1.427352890e+04 +1.427352890e+04 +1.427263890e+04 +1.427263890e+04 +3.7038e+00 +1.6155e-01 -1.3991e+00 +2.7785e+00 +9.0513e-01 +2.2692e+00 -1.8189e+00 +2.0435e+00 -2.3641e-02 +1.9445e+00 +3.4994e+00 -1.7678e+00 +1.9604e+00 +1.7214e+00 -1.4611e-01 -2.6784e+00 +3.1122e+00 +1.0357e+00 +2.7677e+00 +3.3290e+00
23 +3.516247436e+03 +3.516247436e+03 +3.515357436e+03 +3.515357436e+03 +3.8031e+00 +1.9347e-01 -1.4561e+00 +2.7239e+00 +8.7601e-01 +2.1870e+00 -1.7793e+00 +2.0460e+00 -1.1235e-01 +2.0352e+00 +3.4876e+00 -1.7340e+00 +2.0328e+00 +1.7567e+00 -5.7094e-02 -2.7643e+00 +3.2084e+00 +1.0131e+00 +2.7709e+00 +3.2826e+00
91 +7.607003759e+02 +7.607003759e+02 +7.598103759e+02 +7.598103759e+02 +1.5004e+00 -3.0038e+00 +9.8187e-01 +7.7166e-01 +2.0579e+00 +1.4789e+00 -1.8742e+00 -5.1389e-01 +2.7841e+00 -3.5697e+00 -2.5950e+00 +1.6601e+00 +3.7449e+00 -2.2913e+00 -4.4223e-01 -2.3990e+00 -1.5996e+00 -2.6637e-01 -5.2662e-02 -1.8114e+00
158 +4.188553086e+02 +4.188553086e+02 +4.179653086e+02 +4.179653086e+02 +3.6490e+00 +2.9653e-01 -1.3399e+00 +2.8965e+00 +9.6486e-01 +2.2823e+00 -1.8107e+00 +1.9661e+00 -1.3475e-01 +2.1399e+00 +3.4184e+00 -1.8748e+00 +1.9526e+00 +1.7510e+00 -6.7725e-02 -2.6270e+00 +3.1815e+00 +1.0199e+00 +2.7976e+00 +3.4528e+00
160 +3.233930557e+02 +3.233930557e+02 +3.225030557e+02 +3.225030557e+02 +3.7532e+00 +1.2536e-01 -1.3458e+00 +2.8315e+00 +9.5261e-01 +2.1088e+00 -1.7236e+00 +2.0750e+00 -1.4438e-01 +2.1365e+00 +3.4249e+00 -1.8317e+00 +2.0375e+00 +1.7181e+00 -4.4353e-02 -2.6600e+00 +3.1713e+00 +1.0452e+00 +2.8222e+00 +3.3282e+00
225 +2.210800958e+02 +2.210800958e+02 +2.201900958e+02 +2.201900958e+02 +1.4697e+00 -2.9045e+00 +9.0343e-01 +8.6363e-01 +1.9873e+00 +1.5120e+00 -1.9052e+00 -5.6984e-01 +2.6983e+00 -3.5706e+00 -2.5493e+00 +1.7480e+00 +3.7737e+00 -2.2781e+00 -3.6071e-01 -2.4603e+00 -1.5573e+00 -2.4899e-01 -7.1342e-02 -1.8000e+00
% function evaluation | noise-free fitness - Fopt (-2.206000000000e+01) | best noise-free fitness - Fopt | measured fitness | best measured fitness | x1 | x2...
1 +1.523101192e+07 +1.523101192e+07 +1.523098986e+07 +1.523098986e+07 +2.0154e+00 +3.6017e+00 -3.9829e+00 -2.6527e+00 -1.3563e+00 +2.6386e+00 +6.1742e-01 -2.8679e+00 -3.4592e+00 +1.8352e+00 -1.3350e+00 -1.1401e+00 +3.4483e+00 -3.0240e+00 -6.9647e-01 -1.4666e+00 +8.5838e-01 +3.3821e+00 -2.8652e+00 +2.1280e+00
9 +8.463501298e+06 +8.463501298e+06 +8.463479238e+06 +8.463479238e+06 -1.2696e+00 -4.1543e-01 +1.4021e+00 -2.5887e-01 -1.3491e+00 -3.2363e+00 +8.8234e-01 +1.2975e+00 -1.1071e+00 -2.5806e+00 -2.7213e-01 +1.6035e+00 +1.7528e+00 -1.0445e+00 -3.0391e+00 +1.4915e+00 -2.1446e+00 -1.5126e+00 +1.5333e+00 +3.8871e+00
32 +3.265219022e+06 +3.265219022e+06 +3.265196962e+06 +3.265196962e+06 -1.4707e+00 -1.7656e+00 +1.0429e+00 -2.1500e+00 -2.6004e+00 -3.1591e+00 +2.7169e-01 +1.0568e+00 -1.9084e+00 -2.5663e+00 -1.8241e+00 -5.0081e-01 +1.7331e+00 -5.0153e-01 -2.3230e+00 -2.4843e+00 -1.9008e+00 -2.9790e+00 +1.3491e+00 +2.2496e+00
41 +2.249754123e+03 +2.249754123e+03 +2.227694123e+03 +2.227694123e+03 -2.5393e+00 +1.2854e+00 +3.7758e+00 -3.6219e+00 -3.9210e+00 -3.5722e+00 -2.1378e+00 +3.5181e+00 +5.8680e-01 +3.8035e+00 +8.3162e-01 -2.7358e+00 +1.7414e+00 -3.1661e-01 -2.5044e+00 +4.3767e-01 -2.2538e+00 +3.5452e+00 +1.8696e+00 -2.2979e+00
71 +1.065659795e+03 +1.065659795e+03 +1.043599795e+03 +1.043599795e+03 -2.5373e+00 +1.3226e+00 +3.8639e+00 -3.5826e+00 -3.9179e+00 -3.6050e+00 -2.0431e+00 +3.5650e+00 +6.4800e-01 +3.8198e+00 +8.3870e-01 -2.7710e+00 +1.7147e+00 -3.2950e-01 -2.4810e+00 +4.3387e-01 -2.2539e+00 +3.6106e+00 +1.8686e+00 -2.3417e+00
85 +2.706863982e+02 +2.706863982e+02 +2.486263982e+02 +2.486263982e+02 -2.5955e+00 +1.2370e+00 +3.8580e+00 -3.6498e+00 -3.9868e+00 -3.5044e+00 -2.1476e+00 +3.5813e+00 +6.3260e-01 +3.8868e+00 +8.1002e-01 -2.7095e+00 +1.6809e+00 -3.4662e-01 -2.4578e+00 +4.6287e-01 -2.2038e+00 +3.5439e+00 +1.8439e+00 -2.2558e+00
474 +2.500516982e+02 +2.500516982e+02 +2.279916982e+02 +2.279916982e+02 -2.5114e+00 +1.2873e+00 +3.9637e+00 -3.7193e+00 -4.0614e+00 -3.4770e+00 -2.0498e+00 +3.5483e+00 +6.8713e-01 +3.7886e+00 +6.8746e-01 -2.8388e+00 +1.7937e+00 -2.4749e-01 -2.4040e+00 +3.9007e-01 -2.2526e+00 +3.4803e+00 +2.0110e+00 -2.3257e+00
% function evaluation | noise-free fitness - Fopt (1.632800000000e+02) | best noise-free fitness - Fopt | measured fitness | best measured fitness | x1 | x2...
1 +4.141668683e+06 +4.141668683e+06 +4.141831963e+06 +4.141831963e+06 +3.9868e+00 -2.6730e+00 -1.4782e+00 -6.6636e-01 -2.3412e-01 +3.9036e+00 -2.7456e+00 +1.1738e+00 +3.4279e+00 +2.5425e+00 -2.2513e+00 -2.0994e+00 -2.8416e+00 +3.5680e+00 -1.6447e+00 -9.0773e-01 -1.1673e+00 +2.9155e-01 -3.8533e+00 +1.5135e+00
2 +2.877438506e+06 +2.877438506e+06 +2.877601786e+06 +2.877601786e+06 -1.0119e+00 -1.8982e+00 +3.6527e+00 -3.0779e-01 +3.9090e+00 +1.5746e+00 -3.5325e+00 +1.6384e+00 +6.5146e-01 -1.2354e+00 +1.8066e+00 +7.8588e-01 -3.6793e+00 -2.5135e+00 -9.6629e-01 -3.4779e-01 +1.6292e+00 +1.1193e+00 -1.1969e+00 +3.7142e+00
5 +4.927868585e+05 +4.927868585e+05 +4.929501385e+05 +4.929501385e+05 -1.6446e+00 -2.7822e+00 -3.9112e+00 -3.0250e+00 -1.9887e+00 -6.7034e-01 -3.6497e+00 +3.9146e+00 -2.0401e+00 -3.1212e+00 -2.6380e+00 +3.9748e+00 -5.9882e-01 +1.2959e+00 +7.5819e-01 -3.2811e+00 -1.1039e+00 -1.5900e+00 +6.7232e-02 -3.7030e+00
20 +4.558497214e+04 +4.558497214e+04 +4.574825214e+04 +4.574825214e+04 +1.5880e+00 -1.8366e+00 -3.7978e+00 -9.5803e-01 +5.6370e-01 -6.5629e-01 -2.9037e+00 +1.7646e+00 -2.6669e+00 +3.6721e+00 -1.6010e+00 +2.2843e+00 +2.9552e+00 +2.6353e+00 +3.6031e+00 -1.6285e-01 -9.2747e-02 +1.6699e+00 -8.3667e-01 +3.3491e+00
23 +3.371803601e+04 +3.371803601e+04 +3.388131601e+04 +3.388131601e+04 +1.5174e+00 -1.7659e+00 -3.7556e+00 -8.7517e-01 +4.9010e-01 -6.0583e-01 -2.9694e+00 +1.7931e+00 -2.6439e+00 +3.7200e+00 -1.6715e+00 +2.3319e+00 +2.8818e+00 +2.6894e+00 +3.6393e+00 -1.0112e-01 -1.0531e-01 +1.5984e+00 -7.7677e-01 +3.2604e+00
44 +1.224191758e+04 +1.224191758e+04 +1.240519758e+04 +1.240519758e+04 -1.8439e+00 +2.7601e+00 -3.7690e+00 -1.8636e+00 +7.4522e-01 -3.5203e+00 +9.8981e-01 -3.7390e+00 +1.0066e+00 +1.5845e+00 -3.8149e+00 +1.7082e+00 +1.0200e+00 -9.2154e-01 +1.1570e+00 -2.5452e+00 +1.6639e+00 +3.7568e+00 -3.9938e+00 -1.6907e+00
70 +6.224355175e+03 +6.224355175e+03 +6.387635175e+03 +6.387635175e+03 -1.3962e+00 -3.4549e-01 +9.8526e-01 -2.1538e+00 +3.1356e+00 -2.2298e+00 -2.1452e-01 +3.6671e+00 -1.2780e+00 +2.5476e+00 -2.7898e+00 -1.5774e+00 +3.3158e-01 -2.2066e-03 -3.4541e+00 -3.1707e+00 -8.9616e-01 +3.0833e+00 +2.9250e-01 -8.2825e-01
75 +2.079777168e+02 +2.079777168e+02 +3.712577168e+02 +3.712577168e+02 -1.7835e+00 +2.7249e+00 -3.8439e+00 -1.7983e+00 +6.8102e-01 -3.5259e+00 +1.0059e+00 -3.8315e+00 +9.8421e-01 +1.5627e+00 -3.7533e+00 +1.7695e+00 +9.2591e-01 -9.1670e-01 +1.1530e+00 -2.6441e+00 +1.6605e+00 +3.6777e+00 -3.9487e+00 -1.7046e+00
464 +1.574067881e+02 +1.574067881e+02 +3.206867881e+02 +3.206867881e+02 -1.4247e+00 -4.7644e-01 +1.2432e+00 -2.2175e+00 +3.2818e+00 -2.0954e+00 -2.6514e-01 +3.6479e+00 -1.3408e+00 +2.7182e+00 -2.7600e+00 -1.4608e+00 +2.9560e-01 +9.4891e-03 -3.5036e+00 -3.1126e+00 -9.0694e-01 +3.1041e+00 +4.3943e-01 -9.5515e-01
% function evaluation | noise-free fitness - Fopt (3.349000000000e+01) | best noise-free fitness - Fopt | measured fitness | best measured fitness | x1 | x2...
1 +5.750801945e+06 +5.750801945e+06 +5.750835435e+06 +5.750835435e+06 +9.5971e-01 +3.3825e+00 +2.2803e+00 -2.0226e+00 -3.6936e+00 +2.8457e+00 -3.4220e+00 -6.3423e-02 +3.9636e+00 +2.7688e+00 -5.7081e-02 +2.5652e+00 +5.7760e-01 -3.5323e+00 +1.7483e+00 -1.0653e+00 +3.4141e+00 -3.2710e+00 -4.8506e-02 +2.4921e+00
4 +2.259953051e+06 +2.259953051e+06 +2.259986541e+06 +2.259986541e+06 +1.8656e+00 +3.7956e-01 +2.4518e+00 -1.1017e+00 -2.2769e+00 -3.1727e+00 +1.6927e+00 -3.5106e+00 +1.0364e+00 -3.2171e+00 +3.5415e+00 +2.4602e+00 +2.7638e+00 -2.3042e+00 -3.6161e+00 +3.5381e+00 -1.8278e+00 -2.8554e+00 +9.7028e-01 +3.0835e+00
5 +1.005734429e+06 +1.005734429e+06 +1.005767919e+06 +1.005767919e+06 +1.6904e+00 +2.0189e+00 +6.6282e-01 +3.3977e+00 +5.2596e-01 +1.1207e+00 -2.2379e+00 +3.5352e+00 +2.7708e+00 +8.1523e-01 -2.2744e+00 -1.5817e+00 -1.0936e+00 +3.2808e+00 +2.6245e+00 -7.5132e-01 +8.6540e-01 +2.0925e+00 -1.2056e+00 -3.6019e+00
7 +1.116843569e+05 +1.116843569e+05 +1.117178469e+05 +1.117178469e+05 +2.7504e+00 -3.5030e+00 +5.8856e-02 -3.9142e+00 -1.9461e+00 -2.7948e+00 +1.6041e+00 +8.7386e-01 -2.7528e+00 -1.0964e+00 +1.9088e+00 -7.3761e-01 -3.6098e-01 -8.5337e-01 +5.0406e-01 +3.6479e+00 +8.8379e-01 +1.5036e+00 -1.0121e+00 +9.7973e-02
10 +9.856785895e+04 +9.856785895e+04 +9.860134895e+04 +9.860134895e+04 -1.2583e+00 -1.0745e-02 +2.6864e+00 +3.9528e+00 -3.1919e+00 +2.2003e+00 -2.8320e+00 -1.9184e+00 +3.9346e+00 -3.8635e+00 +3.0536e+00 -2.0119e+00 -3.9090e+00 +3.1637e+00 +8.7129e-01 -1.4845e+00 -8.0442e-01 +3.2134e+00 -2.0612e+00 -1.6026e+00
17 +1.709019566e+04 +1.709019566e+04 +1.712368566e+04 +1.712368566e+04 +1.4836e+00 +5.1147e-01 -2.1364e+00 -3.0199e+00 +8.1313e-01 -2.4615e+00 +1.2169e+00 -6.5630e-01 +9.6504e-01 -1.0943e+00 -1.8571e+00 -3.8309e+00 +1.1762e+00 -1.8971e+00 +3.2191e+00 -1.8148e+00 -1.1045e+00 +3.0816e-01 +3.5381e+00 -1.1715e+00
23 +1.252058789e+04 +1.252058789e+04 +1.255407789e+04 +1.255407789e+04 +1.5373e+00 +5.2659e-01 -2.0729e+00 -3.0072e+00 +8.1134e-01 -2.4293e+00 +1.1338e+00 -6.4835e-01 +9.3010e-01 -1.0942e+00 -1.8996e+00 -3.7719e+00 +1.1780e+00 -1.9520e+00 +3.1615e+00 -1.7562e+00 -1.0085e+00 +3.6029e-01 +3.5927e+00 -1.2272e+00
35 +5.507183433e+03 +5.507183433e+03 +5.540673433e+03 +5.540673433e+03 +1.4371e+00 +4.2717e-01 -2.1741e+00 -3.0251e+00 +7.7121e-01 -2.5414e+00 +1.2437e+00 -5.9417e-01 +9.8108e-01 -1.1727e+00 -1.7591e+00 -3.8999e+00 +1.1936e+00 -1.9195e+00 +3.2809e+00 -1.8244e+00 -1.1953e+00 +3.4512e-01 +3.5275e+00 -1.1849e+00
151 +3.853324800e+03 +3.853324800e+03 +3.886814800e+03 +3.886814800e+03 +1.3610e+00 +4.7673e-01 -2.1917e+00 -3.0985e+00 +7.4061e-01 -2.5899e+00 +1.3043e+00 -5.2905e-01 +9.9193e-01 -1.2470e+00 -1.8450e+00 -3.9727e+00 +1.1491e+00 -1.9819e+00 +3.3067e+00 -1.8890e+00 -1.2603e+00 +2.5516e-01 +3.4491e+00 -1.1602e+00
155 +1.191455401e+03 +1.191455401e+03 +1.224945401e+03 +1.224945401e+03 +1.4998e+00 +4.7282e-01 -2.0236e+00 -2.9850e+00 +7.0707e-01 -2.4106e+00 +1.1379e+00 -6.3821e-01 +9.5423e-01 -1.0559e+00 -1.6706e+00 -3.8644e+00 +1.2799e+00 -1.8470e+00 +3.2288e+00 -1.8253e+00 -9.9430e-01 +3.1345e-01 +3.5638e+00 -1.2917e+00
212 +6.114953186e+02 +6.114953186e+02 +6.449853186e+02 +6.449853186e+02 -3.6706e+00 -1.3432e+00 +2.8452e+00 -1.0186e-01 +1.4491e-01 +3.8247e-01 -1.5236e+00 +1.4108e+00 +2.6195e+00 +2.0110e+00 -7.1523e-01 -3.8675e+00 +2.6429e+00 -2.2526e+00 -1.5156e-01 -2.8575e+00 +5.0021e-02 -5.3538e-02 +2.8048e+00 -1.8532e+00
283 +2.861700299e+02 +2.861700299e+02 +3.196600299e+02 +3.196600299e+02 +1.2826e+00 +4.8996e-01 -2.2388e+00 -3.1230e+00 +7.9774e-01 -2.6145e+00 +1.2078e+00 -5.9468e-01 +9.8365e-01 -1.2896e+00 -1.8444e+00 -4.0026e+00 +1.1002e+00 -1.9861e+00 +3.3377e+00 -1.8965e+00 -1.1968e+00 +2.5093e-01 +3.5043e+00 -1.2119e+00
295 +2.470699259e+02 +2.470699259e+02 +2.805599259e+02 +2.805599259e+02 +1.5459e+00 +3.7346e-01 -2.0854e+00 -2.9585e+00 +7.1881e-01 -2.4105e+00 +1.1538e+00 -6.9010e-01 +8.5896e-01 -1.0361e+00 -1.6264e+00 -3.9093e+00 +1.3284e+00 -1.7775e+00 +3.3062e+00 -1.7488e+00 -8.9871e-01 +3.6362e-01 +3.5499e+00 -1.3587e+00
% function evaluation | noise-free fitness - Fopt (-3.700000000000e+00) | best noise-free fitness - Fopt | measured fitness | best measured fitness | x1 | x2...
1 +1.970592146e+06 +1.970592146e+06 +1.970588446e+06 +1.970588446e+06 +7.7713e-01 -2.9719e+00 -1.7249e+00 -2.1485e+00 +2.1128e+00 +1.3489e-01 +2.8213e+00 -3.9833e+00 +3.8788e+00 +8.2095e-01 -2.7135e+00 -2.7807e+00 +2.9106e+00 +3.4937e-01 +2.9185e-01 +3.8014e+00 +3.5407e-01 -1.0705e+00 +2.6298e+00 +1.7165e+00
2 +5.123707219e+05 +5.123707219e+05 +5.123670219e+05 +5.123670219e+05 +2.5484e+00 +2.5777e+00 -2.4166e+00 +2.1538e+00 +9.1304e-01 +2.3105e-02 +7.8881e-01 -2.3034e+00 +1.1997e+00 +2.8312e+00 +1.0608e+00 +1.4956e-01 +1.0577e+00 -2.5325e+00 +3.6764e+00 -3.2860e+00 -9.3049e-01 -3.6224e+00 +6.7143e-01 +2.4585e+00
11 +2.866234020e+05 +2.866234020e+05 +2.866197020e+05 +2.866197020e+05 +1.5829e+00 +6.8217e-01 -1.0916e+00 +3.7367e+00 -2.3119e+00 +4.4965e-01 +9.2382e-02 -2.8297e+00 -1.6307e+00 +7.8632e-01 +1.1683e+00 +3.9954e+00 +2.0365e+00 -3.5585e+00 -1.7009e+00 +4.8840e-01 -1.9312e+00 -1.4349e+00 +1.1989e-01 -3.7744e+00
13 +1.047588748e+05 +1.047588748e+05 +1.047551748e+05 +1.047551748e+05 +1.3520e+00 +3.0785e+00 -3.4432e+00 +3.3191e+00 -1.4029e+00 +3.9771e-01 +2.1884e-01 +3.7479e+00 -1.1875e+00 -1.4779e+00 -3.5567e+00 -3.5203e+00 +6.1323e-02 -2.6961e+00 +2.6802e+00 -2.9300e+00 -1.9782e+00 +2.8631e+00 -7.2374e-01 +1.7333e+00
16 +9.301815116e+03 +9.301815116e+03 +9.298115116e+03 +9.298115116e+03 +2.8895e+00 -1.4964e+00 +2.2573e+00 +8.3106e-02 -2.7868e-01 +1.3667e+00 +3.1651e-01 -2.5829e+00 +1.9671e+00 +4.6561e-01 +3.5162e+00 -3.2026e+00 +2.9272e-02 +2.7550e+00 +5.1580e-01 -3.4084e+00 +1.9281e+00 +3.9183e+00 +3.8759e+00 +1.7853e+00
19 +4.370989398e+03 +4.370989398e+03 +4.367289398e+03 +4.367289398e+03 +3.1216e+00 -1.5919e+00 +3.8636e+00 -2.3332e+00 -3.6256e+00 -6.6716e-02 -2.8848e+00 -1.1635e+00 -1.6919e+00 +2.9664e+00 -2.5300e+00 +2.3021e+00 -3.0911e+00 +4.6715e-01 -1.9377e+00 -3.6630e+00 +2.8134e+00 +6.5016e-01 -3.0868e-01 +3.0082e+00
26 +3.762245066e+03 +3.762245066e+03 +3.758545066e+03 +3.758545066e+03 +2.9334e+00 -1.5711e+00 +2.1952e+00 +3.5148e-02 -2.4022e-01 +1.3362e+00 +3.0438e-01 -2.5114e+00 +1.9271e+00 +4.0250e-01 +3.5275e+00 -3.2076e+00 +7.0714e-02 +2.7030e+00 +5.6563e-01 -3.3307e+00 +1.9364e+00 +3.9635e+00 +3.8301e+00 +1.7024e+00
30 +2.392583697e+02 +2.392583697e+02 +2.355583697e+02 +2.355583697e+02 +3.1556e+00 -1.5313e+00 +3.9599e+00 -2.3278e+00 -3.6980e+00 -5.2994e-02 -2.9075e+00 -1.1745e+00 -1.6259e+00 +2.9309e+00 -2.6191e+00 +2.3830e+00 -3.0292e+00 +5.0596e-01 -2.0075e+00 -3.6750e+00 +2.8922e+00 +6.9680e-01 -4.0657e-01 +2.9556e+00
637 +1.406477603e+02 +1.406477603e+02 +1.369477603e+02 +1.369477603e+02 -6.1429e-01 +9.4399e-01 -8.9442e-01 -1.1201e-01 -2.9823e+00 -1.8542e+00 -1.3054e+00 -8.3905e-01 -2.9519e+00 +6.5257e-01 +1.1956e+00 -1.1264e+00 -2.3401e+00 -1.1776e+00 -2.7742e+00 -2.1570e-01 -4.8555e-01 +3.5019e+00 +1.9505e+00 -9.6983e-01
% function evaluation | noise-free fitness - Fopt (-9.967700000000e+02) | best noise-free fitness - Fopt | measured fitness | best measured fitness | x1 | x2...
1 +4.064756007e+06 +4.064756007e+06 +4.063759237e+06 +4.063759237e+06 -6.3086e-01 -2.2384e+00 +1.3339e+00 +3.9632e+00 -7.8238e-01 +3.4804e+00 +2.9014e+00 +1.5277e+00 -2.4896e+00 +3.7654e+00 +3.4110e+00 -3.3652e+00 +8.0560e-01 -7.9696e-01 +3.3120e+00 +2.8109e+00 -1.7167e+00 -4.9478e-01 +2.7827e+00 -2.0856e+00
2 +4.094893530e+05 +4.094893530e+05 +4.084925830e+05 +4.084925830e+05 +1.5128e+00 -1.6666e+00 +3.0039e+00 +1.3605e+00 +1.1956e+00 +1.7577e+00 -1.6062e+00 -1.3507e+00 +1.3402e+00 +3.1689e+00 +2.9508e+00 -5.0629e-01 -6.7524e-01 -1.8761e+00 +2.3844e-02 +3.5892e+00 -2.2006e+00 -1.1255e+00 -3.3436e+00 -1.9793e+00
9 +1.175488814e+04 +1.175488814e+04 +1.075811814e+04 +1.075811814e+04 -1.0073e+00 +2.7062e+00 -4.7754e-01 -2.3558e+00 -3.6023e+00 +3.8047e+00 +6.9628e-01 +2.4475e+00 -3.2197e+00 -3.4821e+00 -2.8017e+00 +3.2710e+00 -1.3274e+00 -8.3895e-01 -2.2434e+00 -8.9578e-01 -2.2784e+00 -2.8114e+00 +2.0744e+00 +3.5032e+00
23 +8.600292650e+03 +8.600292650e+03 +7.603522650e+03 +7.603522650e+03 +3.2131e+00 -3.8519e+00 -2.7517e+00 -9.0118e-01 -2.9164e+00 +3.7652e+00 +3.5399e+00 +1.5982e+00 -1.7335e+00 -2.1132e+00 -2.6046e-01 +4.0176e-01 +2.2434e+00 -3.3948e+00 -2.3156e+00 +2.9966e+00 -1.3904e+00 -2.4384e-01 -3.4380e+00 +4.0787e+00
29 +4.514326793e+03 +4.514326793e+03 +3.517556793e+03 +3.517556793e+03 -1.0740e+00 +2.7837e+00 -4.9993e-01 -2.3350e+00 -3.5185e+00 +3.8069e+00 +6.8538e-01 +2.5431e+00 -3.1923e+00 -3.4169e+00 -2.8745e+00 +3.2715e+00 -1.2503e+00 -8.9478e-01 -2.1794e+00 -8.0997e-01 -2.1991e+00 -2.7329e+00 +1.9759e+00 +3.5485e+00
31 +1.115453593e+02 +1.115453593e+02 -8.852246407e+02 -8.852246407e+02 +3.7459e+00 -1.6481e+00 +1.4121e+00 -1.4598e+00 +2.6540e-01 +3.7352e+00 +1.3955e+00 +2.2886e+00 -1.1070e+00 -2.2385e+00 -2.7683e-01 -1.7826e-01 -1.6099e+00 -2.9083e+00 -2.5073e+00 -5.5156e-01 -1.2017e+00 +1.6603e+00 -7.7109e-01 -1.1467e-01
161 +8.895363039e+01 +8.895363039e+01 -9.078163696e+02 -9.078163696e+02 +3.7380e+00 -1.7315e+00 +1.3592e+00 -1.4704e+00 +2.7473e-01 +3.6774e+00 +1.4785e+00 +2.2677e+00 -1.1267e+00 -2.2836e+00 -2.9401e-01 -1.9890e-01 -1.5623e+00 -2.9910e+00 -2.4325e+00 -6.2358e-01 -1.1239e+00 +1.5826e+00 -6.9609e-01 -2.0465e-01
% function evaluation | noise-free fitness - Fopt (4.500000000000e+01) | best noise-free fitness - Fopt | measured fitness | best measured fitness | x1 | x2...
1 +3.148017984e+06 +3.148017984e+06 +3.148062984e+06 +3.148062984e+06 -4.0463e-01 +2.5069e+00 -1.1388e+00 +1.0798e-02 +8.6606e-02 +3.4851e+00 +1.0921e+00 -3.4352e+00 +8.2086e-01 -7.6291e-01 -1.7680e+00 -3.3578e+00 -2.1985e+00 -2.0032e+00 -6.2627e-01 -1.9009e+00 -3.5703e+00 -3.6004e+00 -3.3685e+00 +1.7623e+00
3 +2.457905646e+06 +2.457905646e+06 +2.457950646e+06 +2.457950646e+06 +3.4630e+00 +8.4637e-01 -8.2529e-01 +9.8558e-01 -6.3505e-01 -1.9462e+00 +1.0613e+00 -3.8965e+00 +3.2050e+00 +2.4216e+00 +1.8281e+00 -2.3225e+00 +1.2860e+00 +2.3205e-01 -4.4881e-01 -2.0374e+00 -3.8509e+00 -2.6019e+00 +5.1247e-01 -3.7928e+00
17 +5.724982862e+05 +5.724982862e+05 +5.725432862e+05 +5.725432862e+05 +2.3489e+00 -2.0004e+00 -1.7621e+00 -2.3180e-01 -1.8832e+00 -4.8776e-02 +2.4520e+00 +2.4271e+00 +3.3709e+00 -1.5325e+00 -3.8097e+00 -3.1023e+00 +3.9123e+00 -2.1440e+00 -4.9812e-03 -1.7304e-01 +3.2902e-01 -2.9545e+00 +2.7810e+00 -2.2083e+00
42 +1.322569483e+05 +1.322569483e+05 +1.323019483e+05 +1.323019483e+05 +3.6537e+00 +7.9601e-01 +3.8543e+00 +1.3305e+00 +1.3893e+00 +7.0523e-01 +9.1985e-01 -5.0561e-01 +3.2474e+00 +9.9912e-01 -1.7618e+00 +3.9985e+00 +1.4553e+00 -3.7394e+00 -2.9894e+00 -3.3647e+00 -2.5838e+00 +3.2489e+00 +1.0864e+00 -5.4186e-01
86 +9.239776809e+04 +9.239776809e+04 +9.244276809e+04 +9.244276809e+04 +3.5724e+00 +8.5783e-01 +3.8122e+00 +1.2577e+00 +1.4137e+00 +7.3118e-01 +9.7329e-01 -4.5320e-01 +3.1599e+00 +1.0759e+00 -1.6945e+00 +3.9298e+00 +1.4037e+00 -3.7292e+00 -3.0421e+00 -3.3891e+00 -2.5794e+00 +3.1828e+00 +1.0434e+00 -6.3252e-01
201 +5.753961923e+04 +5.753961923e+04 +5.758461923e+04 +5.758461923e+04 +3.4822e+00 +9.0195e-01 +3.7729e+00 +1.3339e+00 +1.3376e+00 +7.3635e-01 +9.2922e-01 -3.6237e-01 +3.2016e+00 +1.0982e+00 -1.6334e+00 +3.8959e+00 +1.3655e+00 -3.6864e+00 -2.9965e+00 -3.3543e+00 -2.6044e+00 +3.1765e+00 +1.0728e+00 -5.6505e-01
332 +2.485209314e+04 +2.485209314e+04 +2.489709314e+04 +2.489709314e+04 +3.7986e+00 +6.6226e-01 +3.9136e+00 +1.1861e+00 +1.3263e+00 +6.3156e-01 +7.9146e-01 -4.0870e-01 +3.1771e+00 +8.4811e-01 -1.7646e+00 +3.9398e+00 +1.3928e+00 -3.6869e+00 -2.9169e+00 -3.1766e+00 -2.7961e+00 +3.3705e+00 +1.2046e+00 -3.7429e-01
335 +1.420943018e+04 +1.420943018e+04 +1.425443018e+04 +1.425443018e+04 +3.5750e+00 +8.6686e-01 +3.6896e+00 +1.2446e+00 +1.4948e+00 +7.9644e-01 +9.9594e-01 -2.9038e-01 +3.0027e+00 +1.0472e+00 -1.7164e+00 +3.8847e+00 +1.3657e+00 -3.6342e+00 -3.0249e+00 -3.3290e+00 -2.5231e+00 +3.1911e+00 +1.1727e+00 -5.1283e-01
461 +8.293827798e+03 +8.293827798e+03 +8.338827798e+03 +8.338827798e+03 +3.5032e+00 +8.5307e-01 +3.7795e+00 +1.2543e+00 +1.4320e+00 +7.6872e-01 +9.2661e-01 -2.3288e-01 +3.1107e+00 +9.4398e-01 -1.5341e+00 +3.8975e+00 +1.3787e+00 -3.7846e+00 -2.8258e+00 -3.3436e+00 -2.6227e+00 +3.2460e+00 +1.1998e+00 -4.3509e-01
463 +6.135072639e+03 +6.135072639e+03 +6.180072639e+03 +6.180072639e+03 +3.4527e+00 +7.4393e-01 +3.6982e+00 +1.2853e+00 +1.4033e+00 +6.7033e-01 +8.3385e-01 -3.0676e-01 +3.1490e+00 +9.2497e-01 -1.6420e+00 +3.8202e+00 +1.2867e+00 -3.8038e+00 -2.9343e+00 -3.3353e+00 -2.5825e+00 +3.1144e+00 +1.1159e+00 -4.2706e-01
468 +2.768527811e+03 +2.768527811e+03 +2.813527811e+03 +2.813527811e+03 +3.5952e+00 +9.2189e-01 +3.7507e+00 +1.2985e+00 +1.5828e+00 +8.8909e-01 +1.0571e+00 -2.1420e-01 +2.9068e+00 +1.0559e+00 -1.7377e+00 +3.8140e+00 +1.3066e+00 -3.5412e+00 -3.0970e+00 -3.3281e+00 -2.5360e+00 +3.1909e+00 +1.1444e+00 -4.4336e-01
477 +1.086956750e+03 +1.086956750e+03 +1.131956750e+03 +1.131956750e+03 +3.5473e+00 +6.1970e-01 +3.5374e+00 +1.2716e+00 +1.5993e+00 +7.5300e-01 +7.5500e-01 -3.6035e-01 +2.9837e+00 +1.0089e+00 -1.8181e+00 +3.7365e+00 +1.3349e+00 -3.7601e+00 -2.8774e+00 -3.3500e+00 -2.5327e+00 +3.1058e+00 +9.8456e-01 -6.1147e-01
487 +1.938065061e+02 +1.938065061e+02 +2.388065061e+02 +2.388065061e+02 +3.6285e+00 +7.0165e-01 +3.8066e+00 +1.2233e+00 +1.3171e+00 +7.7632e-01 +6.4863e-01 -2.8486e-01 +3.2018e+00 +7.7291e-01 -1.5687e+00 +4.0104e+00 +1.3330e+00 -3.8068e+00 -3.0007e+00 -3.3133e+00 -2.8115e+00 +3.2818e+00 +1.0613e+00 -4.7123e-01
871 +1.551352603e+02 +1.551352603e+02 +2.001352603e+02 +2.001352603e+02 +3.6550e+00 +8.2005e-01 +3.9020e+00 +1.1298e+00 +1.3561e+00 +5.5749e-01 +5.1875e-01 -2.5383e-01 +3.2743e+00 +7.9039e-01 -1.6518e+00 +4.0931e+00 +1.2644e+00 -3.7129e+00 -3.0451e+00 -3.2006e+00 -2.8702e+00 +3.2403e+00 +1.1690e+00 -3.4184e-01
% function evaluation | noise-free fitness - Fopt (2.131000000000e+02) | best noise-free fitness - Fopt | measured fitness | best measured fitness | x1 | x2...
1 +2.509523608e+06 +2.509523608e+06 +2.509736708e+06 +2.509736708e+06 +3.3294e+00 -6.9934e-01 -3.2960e+00 -2.6454e+00 +9.1635e-01 -3.9971e+00 -1.0903e+00 -2.5694e+00 -3.7368e+00 +2.3163e+00 +1.1641e+00 -3.2396e+00 +2.9850e+00 +1.3125e+00 +3.8504e+00 -2.5201e+00 +5.7451e-01 -2.4157e+00 -1.4121e+00 +2.8014e-01
8 +1.473170382e+06 +1.473170382e+06 +1.473383482e+06 +1.473383482e+06 +1.1393e+00 +2.7782e+00 -1.6391e+00 -1.9969e+00 +2.8089e+00 -3.7540e+00 +1.3691e+00 -1.6311e+00 -2.0638e+00 +4.4771e-01 +2.6439e+00 -1.9346e+00 -8.3328e-01 -2.5685e+00 -3.3842e+00 +2.5307e+00 -3.6032e+00 +7.8885e-01 -3.1058e+00 +3.9217e+00
15 +8.315291294e+05 +8.315291294e+05 +8.317422294e+05 +8.317422294e+05 +1.0010e+00 +5.7766e-01 +1.5852e+00 +7.8179e-02 -2.2830e-02 -3.4116e+00 +3.3139e+00 +1.5206e+00 -1.1943e+00 -2.2546e+00 -3.7088e+00 -1.5745e+00 -5.4363e-02 +3.5039e+00 +1.1863e+00 -3.7304e+00 -6.2227e-01 -2.1684e+00 -3.2091e+00 -2.5452e+00
18 +4.662205479e+05 +4.662205479e+05 +4.664336479e+05 +4.664336479e+05 +1.4963e+00 -3.1619e+00 +2.6887e+00 -3.2847e-01 +4.8571e-01 -3.2808e+00 +2.2452e+00 -1.9911e+00 +2.0604e+00 -3.2908e+00 +2.2947e+00 +2.5389e+00 -2.6839e+00 -8.6871e-01 -1.2461e-01 -3.1220e+00 -2.1818e+00 +1.0075e+00 -2.7125e+00 +3.6752e+00
29 +1.432678447e+05 +1.432678447e+05 +1.434809447e+05 +1.434809447e+05 +1.3348e+00 -2.7215e+00 +1.3135e+00 -1.6412e+00 +8.1634e-01 -3.3563e+00 +1.5615e+00 -1.8344e+00 -1.6564e+00 -9.1307e-01 +2.5758e+00 +1.0531e+00 -7.7329e-01 -2.3932e+00 -1.1576e+00 +9.6280e-01 -2.5136e+00 +1.0012e+00 -2.9098e+00 +3.7528e+00
50 +2.697430014e+03 +2.697430014e+03 +2.910530014e+03 +2.910530014e+03 -1.2250e+00 -1.4732e+00 +2.3500e+00 -3.4755e+00 -2.2078e+00 +8.6293e-01 +3.4593e+00 -2.7994e+00 -2.8482e+00 -2.4991e-01 -2.2297e+00 -2.0271e+00 -2.1208e-01 +3.8860e+00 -3.6799e+00 +2.4032e+00 +8.3353e-01 -5.1990e-01 +5.6297e-01 +1.4136e+00
87 +6.978621197e+02 +6.978621197e+02 +9.109621197e+02 +9.109621197e+02 -1.1755e+00 -1.5728e+00 +2.4037e+00 -3.4979e+00 -2.2674e+00 +8.4064e-01 +3.5174e+00 -2.7918e+00 -2.8468e+00 -3.3468e-01 -2.2426e+00 -1.9544e+00 -1.2096e-01 +3.9298e+00 -3.7052e+00 +2.3955e+00 +8.8537e-01 -5.0958e-01 +5.3784e-01 +1.3434e+00
95 +1.473160014e+02 +1.473160014e+02 +3.604160014e+02 +3.604160014e+02 -1.1580e+00 -1.4132e+00 +2.2739e+00 -3.5527e+00 -2.2422e+00 +8.9481e-01 +3.4541e+00 -2.8505e+00 -2.7760e+00 -3.2533e-01 -2.2237e+00 -1.9349e+00 -2.7938e-01 +3.8624e+00 -3.6693e+00 +2.4531e+00 +8.8283e-01 -5.4496e-01 +6.1531e-01 +1.4266e+00
