% function evaluation | noise-free fitness - Fopt (1.491500000000e+02) | best noise-free fitness - Fopt | measured fitness | best measured fitness | x1 | x2...
1 +2.220517068e+04 +2.220517068e+04 +2.235432068e+04 +2.235432068e+04 -3.0649e+00 -2.2749e+00 +2.4523e+00 -1.0387e+00 -2.0349e+00
3 +1.106475381e+04 +1.106475381e+04 +1.121390381e+04 +1.121390381e+04 -9.4232e-02 +1.4746e+00 -2.2889e+00 +1.5879e-01 +2.9541e-01
8 +2.946708999e+03 +2.946708999e+03 +3.095858999e+03 +3.095858999e+03 -8.3143e-01 -2.3069e+00 -2.1060e+00 +4.0324e-01 +1.0947e+00
21 +2.434762568e+03 +2.434762568e+03 +2.583912568e+03 +2.583912568e+03 -4.1562e-01 -1.0620e+00 -1.9891e+00 -2.0453e+00 +1.8897e+00
59 +1.364123275e+03 +1.364123275e+03 +1.513273275e+03 +1.513273275e+03 +3.2214e-01 +3.9523e-01 +1.1005e+00 +1.8800e+00 -1.4010e+00
205 +9.986561075e+02 +9.986561075e+02 +1.147806107e+03 +1.147806107e+03 +2.7518e-01 +3.6524e-01 +9.1268e-01 +1.8373e+00 -1.3605e+00
334 +6.048179878e+02 +6.048179878e+02 +7.539679878e+02 +7.539679878e+02 -1.5060e-01 -3.1442e-01 +9.9472e-01 +2.4785e+00 -1.3408e+00
592 +3.803610186e+02 +3.803610186e+02 +5.295110186e+02 +5.295110186e+02 -3.1430e-01 -3.4654e-02 +8.7134e-01 +2.5533e+00 -1.2617e+00
721 +2.046789139e+02 +2.046789139e+02 +3.538289139e+02 +3.538289139e+02 -1.7570e-01 -1.6725e-01 +7.2687e-01 +2.5024e+00 -1.4392e+00
863 +1.429197118e+02 +1.429197118e+02 +2.920697118e+02 +2.920697118e+02 -8.9755e-03 -1.4231e-01 +6.6451e-01 +2.4622e+00 -1.5679e+00
983 +9.748387146e+01 +9.748387146e+01 +2.466338715e+02 +2.466338715e+02 -1.8399e-01 -2.2974e-01 +5.6771e-01 +2.4848e+00 -1.4865e+00
1248 +5.511471364e+01 +5.511471364e+01 +2.042647136e+02 +2.042647136e+02 -1.4772e-01 -3.1402e-01 +4.7982e-01 +2.4971e+00 -1.3920e+00
1256 +3.539790401e+01 +3.539790401e+01 +1.845479040e+02 +1.845479040e+02 -1.2090e-01 -2.4357e-01 +4.0090e-01 +2.5180e+00 -1.4161e+00
1581 +2.203101682e+01 +2.203101682e+01 +1.711810168e+02 +1.711810168e+02 -1.2314e-01 -2.0677e-01 +3.9223e-01 +2.3839e+00 -1.3172e+00
1587 +9.142551248e+00 +9.142551248e+00 +1.582925512e+02 +1.582925512e+02 -3.6587e-02 -2.3461e-01 +3.5695e-01 +2.4227e+00 -1.4304e+00
1711 +1.255330481e+00 +1.255330481e+00 +1.504053305e+02 +1.504053305e+02 +5.1977e-03 -2.1553e-01 +2.8421e-01 +2.3999e+00 -1.3484e+00
% function evaluation | noise-free fitness - Fopt (-1.000000000000e+03) | best noise-free fitness - Fopt | measured fitness | best measured fitness | x1 | x2...
1 +1.497888546e+03 +1.497888546e+03 +4.978885457e+02 +4.978885457e+02 -2.2697e+00 +8.1718e-01 -2.7422e-01 -2.7258e+00 +4.9929e-02
32 +5.799793375e+02 +5.799793375e+02 -4.200206625e+02 -4.200206625e+02 -2.4112e+00 +1.0912e+00 -5.3152e-02 -6.6651e-01 +3.2384e-01
49 +9.675907137e+01 +9.675907137e+01 -9.032409286e+02 -9.032409286e+02 -3.6106e+00 -1.4062e-01 +1.4721e+00 -1.9390e+00 -2.6123e+00
206 +6.221232922e+01 +6.221232922e+01 -9.377876708e+02 -9.377876708e+02 -3.6146e+00 -2.6487e-01 +1.2821e+00 -2.0298e+00 -2.6086e+00
725 +3.902706112e+01 +3.902706112e+01 -9.609729389e+02 -9.609729389e+02 -3.7831e+00 -1.5792e-01 +9.9267e-01 -1.9979e+00 -2.6644e+00
1243 +2.243324518e+01 +2.243324518e+01 -9.775667548e+02 -9.775667548e+02 -3.6497e+00 +1.0796e-01 +8.2949e-01 -2.1730e+00 -2.7807e+00
1715 +1.352580988e+01 +1.352580988e+01 -9.864741901e+02 -9.864741901e+02 -3.8166e+00 +1.7801e-01 +7.8403e-01 -2.3418e+00 -2.8717e+00
1720 +9.939840730e+00 +9.939840730e+00 -9.900601593e+02 -9.900601593e+02 -3.5456e+00 +2.1173e-01 +7.2227e-01 -2.3701e+00 -2.9113e+00
1973 +6.166365158e+00 +6.166365158e+00 -9.938336348e+02 -9.938336348e+02 -3.8927e+00 +2.6387e-01 +6.3409e-01 -2.4476e+00 -3.0167e+00
2371 +3.588067637e+00 +3.588067637e+00 -9.964119324e+02 -9.964119324e+02 -3.5432e+00 +2.8445e-01 +5.5576e-01 -2.5861e+00 -3.0088e+00
3268 +1.326617236e+00 +1.326617236e+00 -9.986733828e+02 -9.986733828e+02 -2.8013e+00 +1.2752e+00 +1.7186e+00 -1.2221e+00 -1.2315e+00
3918 +7.055251113e-01 +7.055251113e-01 -9.992944749e+02 -9.992944749e+02 -2.7877e+00 +1.2527e+00 +1.7243e+00 -1.1371e+00 -1.0475e+00
% function evaluation | noise-free fitness - Fopt (9.862000000000e+01) | best noise-free fitness - Fopt | measured fitness | best measured fitness | x1 | x2...
1 +1.273290364e+05 +1.273290364e+05 +1.274276564e+05 +1.274276564e+05 -2.3893e+00 -1.9609e+00 -3.8312e+00 +2.2571e+00 +2.6062e+00
2 +4.205129344e+04 +4.205129344e+04 +4.214991344e+04 +4.214991344e+04 +7.3966e-01 +7.4669e-01 +2.1003e+00 +1.3145e+00 +2.2666e+00
3 +2.905179881e+04 +2.905179881e+04 +2.915041881e+04 +2.915041881e+04 -2.0182e+00 -9.9872e-02 -2.3153e+00 -3.9857e+00 -4.2314e-01
12 +1.457857302e+04 +1.457857302e+04 +1.467719302e+04 +1.467719302e+04 +1.0362e+00 -4.2503e-01 -2.8761e-01 +2.2175e-01 +2.6384e+00
45 +2.236595869e+02 +2.236595869e+02 +3.222795869e+02 +3.222795869e+02 -1.7684e+00 -2.3613e+00 +1.6019e+00 -3.7374e+00 -1.1668e+00
74 +1.370623233e+02 +1.370623233e+02 +2.356823233e+02 +2.356823233e+02 -1.9868e+00 -2.0568e+00 +1.7197e+00 -3.4223e+00 -1.1270e+00
333 +6.158464063e+01 +6.158464063e+01 +1.602046406e+02 +1.602046406e+02 -1.9968e+00 -1.4894e+00 +1.6804e+00 -3.2592e+00 +3.0331e-01
350 +1.203943199e+01 +1.203943199e+01 +1.106594320e+02 +1.106594320e+02 -2.3184e+00 -1.7170e+00 +1.6812e+00 -3.3714e+00 -3.4912e-02
461 +7.546416906e+00 +7.546416906e+00 +1.061664169e+02 +1.061664169e+02 -2.3623e+00 -1.6745e+00 +1.7095e+00 -3.1105e+00 -1.4672e-01
601 +5.286944018e+00 +5.286944018e+00 +1.039069440e+02 +1.039069440e+02 -2.4845e+00 -1.6756e+00 +1.7564e+00 -3.1440e+00 -7.9039e-02
6520 +3.778650168e+00 +3.778650168e+00 +1.023986502e+02 +1.023986502e+02 -1.5307e+00 -2.0228e+00 +1.4939e+00 -3.2454e+00 -5.5606e-02
% function evaluation | noise-free fitness - Fopt (-4.715000000000e+01) | best noise-free fitness - Fopt | measured fitness | best measured fitness | x1 | x2...
1 +1.509238920e+05 +1.509238920e+05 +1.508767420e+05 +1.508767420e+05 +2.8488e+00 +3.1694e+00 -2.6141e+00 +2.2044e+00 +3.6688e+00
4 +6.205660268e+04 +6.205660268e+04 +6.200945268e+04 +6.200945268e+04 +3.3020e+00 -3.2726e+00 +9.6918e-01 -2.8417e+00 +1.6498e+00
6 +1.305919455e+04 +1.305919455e+04 +1.301204455e+04 +1.301204455e+04 -3.2866e+00 +4.9343e-01 +1.3855e+00 -1.6507e+00 +9.9691e-01
11 +4.666841261e+03 +4.666841261e+03 +4.619691261e+03 +4.619691261e+03 -3.8861e+00 +6.4871e-01 -8.0322e-01 -1.1555e+00 +1.3355e+00
12 +9.903129719e+02 +9.903129719e+02 +9.431629719e+02 +9.431629719e+02 +1.4553e-01 -2.3876e+00 -1.2567e+00 -3.3523e+00 -1.3959e+00
66 +9.290470595e+01 +9.290470595e+01 +4.575470595e+01 +4.575470595e+01 -6.2401e-01 -6.7090e-01 -1.5457e+00 -3.2192e+00 -4.7311e-01
72 +5.373527533e+01 +5.373527533e+01 +6.585275327e+00 +6.585275327e+00 -5.6450e-01 -7.3807e-01 -1.4808e+00 -3.1243e+00 -4.9429e-01
202 +3.043929204e+01 +3.043929204e+01 -1.671070796e+01 -1.671070796e+01 -5.2357e-01 -8.3665e-01 -1.4984e+00 -3.2028e+00 -4.0006e-01
216 +2.396934869e+01 +2.396934869e+01 -2.318065131e+01 -2.318065131e+01 -4.9048e-01 -8.1038e-01 -1.5655e+00 -3.0349e+00 -3.9715e-01
331 +1.510301112e+01 +1.510301112e+01 -3.204698888e+01 -3.204698888e+01 -4.4276e-01 -8.8117e-01 -1.4848e+00 -3.1169e+00 -4.5524e-01
468 +7.057134306e+00 +7.057134306e+00 -4.009286569e+01 -4.009286569e+01 -4.2614e-01 -9.2422e-01 -1.5848e+00 -3.1178e+00 -3.6384e-01
482 +4.165051658e+00 +4.165051658e+00 -4.298494834e+01 -4.298494834e+01 -4.2537e-01 -9.8085e-01 -1.6784e+00 -3.1041e+00 -3.8386e-01
594 +1.520160902e+00 +1.520160902e+00 -4.562983910e+01 -4.562983910e+01 -4.3648e-01 -1.0580e+00 -1.6260e+00 -3.0347e+00 -3.4892e-01
1851 +7.748023564e-01 +7.748023564e-01 -4.637519764e+01 -4.637519764e+01 -4.6138e-01 -1.0501e+00 -1.6194e+00 -2.9610e+00 -2.4301e-01
% function evaluation | noise-free fitness - Fopt (3.752000000000e+01) | best noise-free fitness - Fopt | measured fitness | best measured fitness | x1 | x2...
1 +3.119058601e+04 +3.119058601e+04 +3.122810601e+04 +3.122810601e+04 -2.8716e+00 -1.4640e+00 +2.4837e+00 -2.0647e+00 +3.5373e+00
7 +1.915147098e+04 +1.915147098e+04 +1.918899098e+04 +1.918899098e+04 -8.3248e-01 +6.9869e-01 +2.5635e+00 -9.0874e-01 -4.1569e-01
22 +2.727713361e+03 +2.727713361e+03 +2.765233361e+03 +2.765233361e+03 -8.7539e-02 -7.6487e-01 +1.7982e+00 -2.4593e+00 +3.5831e+00
60 +2.337094446e+02 +2.337094446e+02 +2.712294446e+02 +2.712294446e+02 +8.7885e-01 -1.6107e+00 +2.9602e+00 -1.5016e+00 +3.7777e+00
216 +1.578207149e+02 +1.578207149e+02 +1.953407149e+02 +1.953407149e+02 +8.2173e-01 -1.6893e+00 +2.9447e+00 -1.4927e+00 +3.6588e+00
337 +8.839518790e+01 +8.839518790e+01 +1.259151879e+02 +1.259151879e+02 +7.5551e-01 -1.7823e+00 +2.9784e+00 -1.4200e+00 +3.6644e+00
486 +3.785103644e+01 +3.785103644e+01 +7.537103644e+01 +7.537103644e+01 +6.8392e-01 -1.9134e+00 +2.9243e+00 -1.3735e+00 +3.6185e+00
611 +2.465174112e+01 +2.465174112e+01 +6.217174112e+01 +6.217174112e+01 +6.4067e-01 -1.9020e+00 +2.8974e+00 -1.2864e+00 +3.6012e+00
724 +1.453208676e+01 +1.453208676e+01 +5.205208676e+01 +5.205208676e+01 +5.5725e-01 -1.9647e+00 +2.8598e+00 -1.3131e+00 +3.5246e+00
748 +9.167865832e+00 +9.167865832e+00 +4.668786583e+01 +4.668786583e+01 +5.3220e-01 -1.9525e+00 +2.9678e+00 -1.3092e+00 +3.5538e+00
1120 +5.571359177e+00 +5.571359177e+00 +4.309135918e+01 +4.309135918e+01 +4.5871e-01 -1.9464e+00 +2.9776e+00 -1.2011e+00 +3.6023e+00
% function evaluation | noise-free fitness - Fopt (-2.980000000000e+01) | best noise-free fitness - Fopt | measured fitness | best measured fitness | x1 | x2...
1 +1.213495158e+04 +1.213495158e+04 +1.210515158e+04 +1.210515158e+04 -3.5766e-01 +2.2931e-01 -5.8278e-01 -6.1428e-01 -1.8478e+00
2 +6.753007576e+03 +6.753007576e+03 +6.723207576e+03 +6.723207576e+03 -2.4679e+00 -5.7980e-01 -1.3139e+00 +3.9191e+00 +3.0363e+00
6 +2.066887194e+03 +2.066887194e+03 +2.037087194e+03 +2.037087194e+03 -1.3043e+00 +1.2364e+00 +4.1730e-01 +3.8188e+00 +2.7083e+00
13 +1.461364878e+03 +1.461364878e+03 +1.431564878e+03 +1.431564878e+03 -2.5999e+00 -1.4259e+00 +2.7120e+00 +1.3629e+00 +8.6054e-01
32 +3.750027783e+02 +3.750027783e+02 +3.452027783e+02 +3.452027783e+02 -1.9350e+00 +1.7009e-01 +2.3309e+00 +2.6302e+00 +1.0476e+00
151 +2.212710971e+02 +2.212710971e+02 +1.914710971e+02 +1.914710971e+02 -2.5180e+00 +1.2590e-01 +2.6177e+00 +2.0433e+00 +1.0988e+00
541 +1.430480146e+02 +1.430480146e+02 +1.132480146e+02 +1.132480146e+02 -2.6331e+00 +8.7634e-02 +2.3797e+00 +1.9787e+00 +1.1520e+00
806 +8.673140568e+01 +8.673140568e+01 +5.693140568e+01 +5.693140568e+01 -2.4201e+00 -4.7956e-02 +2.3141e+00 +1.8883e+00 +1.3787e+00
1063 +6.152131491e+01 +6.152131491e+01 +3.172131491e+01 +3.172131491e+01 -2.3834e+00 +1.1397e-02 +2.1606e+00 +1.7381e+00 +1.3762e+00
1534 +3.657063343e+01 +3.657063343e+01 +6.770633434e+00 +6.770633434e+00 -2.1798e+00 +1.2256e-01 +2.0432e+00 +1.8720e+00 +1.4872e+00
1921 +2.358866275e+01 +2.358866275e+01 -6.211337249e+00 -6.211337249e+00 -2.1405e+00 +2.2675e-01 +1.9228e+00 +1.7103e+00 +1.4617e+00
2188 +1.481079514e+01 +1.481079514e+01 -1.498920486e+01 -1.498920486e+01 -1.9696e+00 +3.3913e-01 +1.6734e+00 +1.7716e+00 +1.4931e+00
2449 +8.546298698e+00 +8.546298698e+00 -2.125370130e+01 -2.125370130e+01 -1.9949e+00 +3.6045e-01 +1.6568e+00 +1.5996e+00 +1.5695e+00
2709 +6.087494478e+00 +6.087494478e+00 -2.371250552e+01 -2.371250552e+01 -2.0212e+00 +4.3708e-01 +1.5266e+00 +1.5735e+00 +1.6230e+00
3829 +3.868380299e+00 +3.868380299e+00 -2.593161970e+01 -2.593161970e+01 -1.9314e+00 +5.9629e-01 +1.5354e+00 +1.5002e+00 +1.5337e+00
5334 +2.481427404e+00 +2.481427404e+00 -2.731857260e+01 -2.731857260e+01 -1.4872e+00 +9.4472e-01 +1.6872e+00 +1.5719e+00 +1.5471e+00
% function evaluation | noise-free fitness - Fopt (8.140000000000e+01) | best noise-free fitness - Fopt | measured fitness | best measured fitness | x1 | x2...
1 +1.656217935e+05 +1.656217935e+05 +1.657031935e+05 +1.657031935e+05 -2.3219e+00 +2.8112e+00 -3.1973e+00 +2.9965e+00 -1.3529e+00
2 +1.550067684e+04 +1.550067684e+04 +1.558207684e+04 +1.558207684e+04 +1.2393e+00 -1.3624e+00 +1.0476e+00 -2.5046e-01 +1.8735e+00
3 +1.156305870e+03 +1.156305870e+03 +1.237705870e+03 +1.237705870e+03 -1.7881e+00 -1.0163e+00 +2.7852e+00 -1.1234e-01 +2.5423e+00
22 +1.669213174e+02 +1.669213174e+02 +2.483213174e+02 +2.483213174e+02 -3.1390e+00 -1.8525e+00 +1.4063e+00 +2.0312e+00 +8.8414e-01
161 +1.511582749e+02 +1.511582749e+02 +2.325582749e+02 +2.325582749e+02 -3.1915e+00 -1.7980e+00 +1.4681e+00 +1.9423e+00 +8.8448e-01
541 +9.225932251e+01 +9.225932251e+01 +1.736593225e+02 +1.736593225e+02 -3.0976e+00 -1.8249e+00 +1.6694e+00 +1.9842e+00 +1.1482e+00
682 +5.927722165e+01 +5.927722165e+01 +1.406772216e+02 +1.406772216e+02 -3.0617e+00 -1.9002e+00 +1.7095e+00 +1.9063e+00 +1.2414e+00
803 +3.839871787e+01 +3.839871787e+01 +1.197987179e+02 +1.197987179e+02 -3.0642e+00 -1.9166e+00 +1.7794e+00 +1.8330e+00 +1.3275e+00
1065 +2.428238794e+01 +2.428238794e+01 +1.056823879e+02 +1.056823879e+02 -3.0486e+00 -1.8892e+00 +1.9043e+00 +1.7834e+00 +1.3867e+00
1075 +1.535735922e+01 +1.535735922e+01 +9.675735922e+01 +9.675735922e+01 -3.0658e+00 -1.9909e+00 +1.9092e+00 +1.7152e+00 +1.5084e+00
1661 +8.499251091e+00 +8.499251091e+00 +8.989925109e+01 +8.989925109e+01 -3.0146e+00 -1.8767e+00 +2.0187e+00 +1.6471e+00 +1.5018e+00
1663 +5.762528609e+00 +5.762528609e+00 +8.716252861e+01 +8.716252861e+01 -2.8875e+00 -2.0617e+00 +2.0024e+00 +1.6200e+00 +1.5679e+00
% function evaluation | noise-free fitness - Fopt (-1.835000000000e+01) | best noise-free fitness - Fopt | measured fitness | best measured fitness | x1 | x2...
1 +1.579785391e+03 +1.579785391e+03 +1.561435391e+03 +1.561435391e+03 +1.2094e+00 -8.6829e-02 +1.0254e+00 +4.5451e-01 +2.7058e+00
18 +7.892643871e+02 +7.892643871e+02 +7.709143871e+02 +7.709143871e+02 -6.8588e-01 +1.2054e+00 +4.1671e-01 +8.2910e-01 +2.3095e-01
75 +1.375303396e+02 +1.375303396e+02 +1.191803396e+02 +1.191803396e+02 -7.0078e-01 +7.4541e-01 +8.6975e-01 +2.9094e+00 -4.8001e-01
342 +9.933879307e+01 +9.933879307e+01 +8.098879307e+01 +8.098879307e+01 -5.8723e-01 +8.4633e-01 +7.8782e-01 +2.8358e+00 -4.3571e-01
1114 +6.257822452e+01 +6.257822452e+01 +4.422822452e+01 +4.422822452e+01 -4.5511e-01 +8.8449e-01 +1.0789e+00 +2.4704e+00 -6.6384e-01
1847 +3.533689366e+01 +3.533689366e+01 +1.698689366e+01 +1.698689366e+01 -3.8605e-01 +8.4899e-01 +1.3327e+00 +2.2140e+00 -9.7101e-01
2234 +2.049569688e+01 +2.049569688e+01 +2.145696882e+00 +2.145696882e+00 -3.4453e-01 +9.2800e-01 +1.4685e+00 +2.1236e+00 -1.1749e+00
2495 +1.296392363e+01 +1.296392363e+01 -5.386076369e+00 -5.386076369e+00 -3.3315e-01 +9.4367e-01 +1.4200e+00 +1.9831e+00 -1.3110e+00
2627 +7.246162308e+00 +7.246162308e+00 -1.110383769e+01 -1.110383769e+01 -3.1119e-01 +8.3498e-01 +1.4797e+00 +1.8724e+00 -1.3978e+00
2757 +6.198619653e+00 +6.198619653e+00 -1.215138035e+01 -1.215138035e+01 -2.2015e-01 +7.7420e-01 +1.5502e+00 +1.8338e+00 -1.3688e+00
3710 +3.661558012e+00 +3.661558012e+00 -1.468844199e+01 -1.468844199e+01 +4.6787e-01 +1.0138e+00 +1.6400e+00 +1.7024e+00 -1.4108e+00
5647 +2.462838443e+00 +2.462838443e+00 -1.588716156e+01 -1.588716156e+01 +6.7154e-01 +1.2113e+00 +1.8070e+00 +1.8378e+00 -1.5181e+00
7050 +1.571692129e+00 +1.571692129e+00 -1.677830787e+01 -1.677830787e+01 +7.6535e-01 +1.3963e+00 +1.9722e+00 +1.9558e+00 -1.4298e+00
% function evaluation | noise-free fitness - Fopt (-9.987000000000e+01) | best noise-free fitness - Fopt | measured fitness | best measured fitness | x1 | x2...
1 +2.687936179e+03 +2.687936179e+03 +2.588066179e+03 +2.588066179e+03 -2.7205e+00 -2.0700e+00 -3.5589e+00 +1.9781e+00 +3.2876e+00
42 +1.757381512e+03 +1.757381512e+03 +1.657511512e+03 +1.657511512e+03 -2.0702e+00 -2.2732e+00 -3.3118e+00 +6.5306e-01 +5.9015e-02
45 +3.343223822e+02 +3.343223822e+02 +2.344523822e+02 +2.344523822e+02 -1.6480e+00 -3.5992e+00 -2.2454e+00 -8.8395e-01 +6.6350e-01
340 +2.368837292e+02 +2.368837292e+02 +1.370137292e+02 +1.370137292e+02 -1.7811e+00 -3.6737e+00 -2.1506e+00 -1.0064e+00 +4.4957e-01
748 +1.584655175e+02 +1.584655175e+02 +5.859551754e+01 +5.859551754e+01 -1.7816e+00 -3.6814e+00 -1.9516e+00 -1.1064e+00 +2.8920e-01
1243 +9.507483586e+01 +9.507483586e+01 -4.795164141e+00 -4.795164141e+00 -1.8600e+00 -3.7604e+00 -1.8547e+00 -1.1990e+00 +5.1258e-03
1972 +6.215196823e+01 +6.215196823e+01 -3.771803177e+01 -3.771803177e+01 -1.8867e+00 -3.7057e+00 -1.8472e+00 -1.0936e+00 -2.8682e-01
2377 +3.973488818e+01 +3.973488818e+01 -6.013511182e+01 -6.013511182e+01 -1.8921e+00 -3.8589e+00 -1.6511e+00 -1.0301e+00 -5.4853e-01
2756 +2.320763724e+01 +2.320763724e+01 -7.666236276e+01 -7.666236276e+01 -1.9322e+00 -3.8928e+00 -1.7884e+00 -8.3361e-01 -7.3988e-01
3229 +1.269759576e+01 +1.269759576e+01 -8.717240424e+01 -8.717240424e+01 -1.7989e+00 -3.7498e+00 -1.8496e+00 -7.5088e-01 -8.8771e-01
3368 +9.919383503e+00 +9.919383503e+00 -8.995061650e+01 -8.995061650e+01 -1.7841e+00 -3.7340e+00 -1.8266e+00 -6.8999e-01 -8.9558e-01
3611 +5.892325500e+00 +5.892325500e+00 -9.397767450e+01 -9.397767450e+01 -1.7433e+00 -3.6558e+00 -1.7145e+00 -6.2526e-01 -9.5274e-01
4147 +3.943254588e+00 +3.943254588e+00 -9.592674541e+01 -9.592674541e+01 -1.7460e+00 -3.6785e+00 -1.7396e+00 -5.5012e-01 -1.0302e+00
5166 +1.341296788e+00 +1.341296788e+00 -9.852870321e+01 -9.852870321e+01 -9.3710e-01 -2.7710e+00 -8.0300e-01 +3.0739e-01 -4.3800e-01
5304 +6.798883310e-01 +6.798883310e-01 -9.919011167e+01 -9.919011167e+01 -9.0568e-01 -2.7282e+00 -7.8006e-01 +3.1538e-01 -3.5799e-01
% function evaluation | noise-free fitness - Fopt (7.680000000000e+00) | best noise-free fitness - Fopt | measured fitness | best measured fitness | x1 | x2...
1 +5.430296209e+04 +5.430296209e+04 +5.431064209e+04 +5.431064209e+04 -3.3620e+00 -5.1707e-01 +6.0472e-01 +3.2811e+00 -1.9337e+00
4 +3.733295504e+04 +3.733295504e+04 +3.734063504e+04 +3.734063504e+04 -2.7014e+00 -3.6136e+00 +1.2326e+00 -2.1494e+00 +3.5261e+00
6 +1.237629027e+04 +1.237629027e+04 +1.238397027e+04 +1.238397027e+04 -1.8371e+00 -2.7029e+00 -1.4225e+00 -2.3781e+00 +2.2527e-01
17 +1.538083027e+03 +1.538083027e+03 +1.545763027e+03 +1.545763027e+03 +2.3748e-01 +2.5506e+00 -1.1250e+00 -2.0141e+00 +1.9871e+00
22 +6.593929462e+02 +6.593929462e+02 +6.670729462e+02 +6.670729462e+02 -1.7528e+00 -8.4950e-01 -1.1574e+00 -2.0954e+00 +1.9604e+00
75 +5.978401414e+02 +5.978401414e+02 +6.055201414e+02 +6.055201414e+02 -3.0831e+00 +2.3886e+00 -5.1017e-01 -1.7108e-01 +1.1598e+00
85 +2.511315662e+02 +2.511315662e+02 +2.588115662e+02 +2.588115662e+02 -2.8331e+00 +9.0279e-01 -2.2390e+00 -1.5033e+00 +2.5356e+00
204 +8.357415903e+01 +8.357415903e+01 +9.125415903e+01 +9.125415903e+01 -1.9635e+00 +2.6614e-01 -1.2966e+00 -8.8256e-01 +9.1612e-01
462 +4.241661462e+01 +4.241661462e+01 +5.009661462e+01 +5.009661462e+01 -1.9850e+00 +3.3329e-01 -1.4762e+00 -9.4086e-01 +1.3603e+00
591 +3.782595573e+01 +3.782595573e+01 +4.550595573e+01 +4.550595573e+01 -2.0628e+00 +2.6447e-01 -1.5795e+00 -9.9303e-01 +1.3465e+00
725 +2.377262438e+01 +2.377262438e+01 +3.145262438e+01 +3.145262438e+01 -1.9113e+00 +3.5185e-01 -1.6489e+00 -1.0438e+00 +1.2846e+00
990 +1.444656302e+01 +1.444656302e+01 +2.212656302e+01 +2.212656302e+01 -1.8970e+00 +4.6165e-01 -1.7606e+00 -1.1029e+00 +1.1571e+00
1243 +8.008336192e+00 +8.008336192e+00 +1.568833619e+01 +1.568833619e+01 -1.7980e+00 +5.3937e-01 -1.8530e+00 -1.1106e+00 +1.2513e+00
1712 +5.595046086e+00 +5.595046086e+00 +1.327504609e+01 +1.327504609e+01 -1.8219e+00 +5.3498e-01 -1.9504e+00 -1.1172e+00 +1.2657e+00
2287 +3.513022468e+00 +3.513022468e+00 +1.119302247e+01 +1.119302247e+01 -1.0352e+00 +1.0846e+00 -1.8807e+00 -1.2088e+00 +1.2108e+00
3139 +2.490365931e+00 +2.490365931e+00 +1.017036593e+01 +1.017036593e+01 -1.0360e+00 +1.0502e+00 -1.8345e+00 -1.1653e+00 +1.2323e+00
% function evaluation | noise-free fitness - Fopt (-1.809300000000e+02) | best noise-free fitness - Fopt | measured fitness | best measured fitness | x1 | x2...
1 +1.065251110e+05 +1.065251110e+05 +1.063441810e+05 +1.063441810e+05 +2.9093e+00 -2.7880e+00 +1.4202e-01 -2.8994e-01 +3.3382e+00
2 +7.587437727e+04 +7.587437727e+04 +7.569344727e+04 +7.569344727e+04 -1.3076e+00 +3.7196e+00 -3.2870e+00 +4.9448e-01 -3.6954e+00
8 +1.084278397e+04 +1.084278397e+04 +1.066185397e+04 +1.066185397e+04 -5.8399e-01 -1.3009e+00 -1.3484e-01 -1.3192e+00 -1.7174e+00
9 +8.682094823e+03 +8.682094823e+03 +8.501164823e+03 +8.501164823e+03 -2.2778e+00 -1.3895e+00 -3.8600e+00 +3.1486e+00 +2.0419e+00
14 +1.277978343e+03 +1.277978343e+03 +1.097048343e+03 +1.097048343e+03 -3.0802e+00 -1.9523e+00 -6.6353e-01 -1.2931e-01 -1.7432e+00
27 +5.958880160e+02 +5.958880160e+02 +4.149580160e+02 +4.149580160e+02 -2.8570e+00 -1.3032e+00 -6.0488e-01 -6.6010e-02 -7.1774e-01
152 +3.854422498e+02 +3.854422498e+02 +2.045122498e+02 +2.045122498e+02 -2.9519e+00 -1.8456e+00 -5.7398e-01 +3.4163e-01 -1.4658e+00
423 +2.484114615e+02 +2.484114615e+02 +6.748146150e+01 +6.748146150e+01 -2.8801e+00 -1.6914e+00 -5.0824e-01 +4.8723e-01 -1.3113e+00
803 +1.467960912e+02 +1.467960912e+02 -3.413390876e+01 -3.413390876e+01 -2.8668e+00 -1.4906e+00 -6.3437e-01 +7.4927e-01 -1.3634e+00
1667 +9.802090611e+01 +9.802090611e+01 -8.290909389e+01 -8.290909389e+01 -2.7752e+00 -1.2630e+00 -8.8249e-01 +9.5673e-01 -1.6650e+00
2311 +6.120960452e+01 +6.120960452e+01 -1.197203955e+02 -1.197203955e+02 -2.7542e+00 -1.4430e+00 -7.4866e-01 +1.2453e+00 -2.0699e+00
3048 +3.528804129e+01 +3.528804129e+01 -1.456419587e+02 -1.456419587e+02 -2.7932e+00 -1.2629e+00 -6.4153e-01 +1.4643e+00 -2.2516e+00
3307 +1.957332975e+01 +1.957332975e+01 -1.613566703e+02 -1.613566703e+02 -2.6985e+00 -1.1944e+00 -6.6629e-01 +1.6051e+00 -2.3960e+00
3433 +1.420087229e+01 +1.420087229e+01 -1.667291277e+02 -1.667291277e+02 -2.9133e+00 -1.1672e+00 -6.7298e-01 +1.6807e+00 -2.4878e+00
3573 +8.817090927e+00 +8.817090927e+00 -1.721129091e+02 -1.721129091e+02 -2.5421e+00 -1.0690e+00 -7.3136e-01 +1.6568e+00 -2.5729e+00
3829 +5.168866487e+00 +5.168866487e+00 -1.757611335e+02 -1.757611335e+02 -2.5176e+00 -1.0137e+00 -7.1161e-01 +1.7617e+00 -2.7239e+00
4089 +3.720194959e+00 +3.720194959e+00 -1.772098050e+02 -1.772098050e+02 -2.3527e+00 -1.0181e+00 -7.0903e-01 +1.7996e+00 -2.7001e+00
7176 +2.357325775e+00 +2.357325775e+00 -1.785726742e+02 -1.785726742e+02 -1.9796e+00 -6.7230e-01 -5.6467e-01 +1.8486e+00 -2.6905e+00
% function evaluation | noise-free fitness - Fopt (-3.674000000000e+01) | best noise-free fitness - Fopt | measured fitness | best measured fitness | x1 | x2...
1 +2.118366515e+05 +2.118366515e+05 +2.117999115e+05 +2.117999115e+05 +3.8123e+00 -1.1060e+00 -1.6830e+00 -5.1686e-01 -3.8625e+00
2 +1.020089351e+05 +1.020089351e+05 +1.019721951e+05 +1.019721951e+05 -2.3282e+00 -3.5603e+00 +2.6321e+00 -2.4750e+00 -2.5713e+00
3 +1.082222456e+04 +1.082222456e+04 +1.078548456e+04 +1.078548456e+04 -2.7452e+00 -1.4195e+00 +1.2956e-01 -2.9559e+00 -2.3987e-01
13 +8.915524815e+03 +8.915524815e+03 +8.878784815e+03 +8.878784815e+03 -1.3014e+00 -2.2216e+00 +1.8489e-01 +8.2978e-02 -8.8287e-01
20 +3.436892233e+03 +3.436892233e+03 +3.400152233e+03 +3.400152233e+03 -8.2664e-01 +2.6452e+00 -2.1795e+00 -3.1824e-01 -3.7222e+00
21 +1.138410665e+03 +1.138410665e+03 +1.101670665e+03 +1.101670665e+03 -2.2345e+00 -1.0998e+00 -1.0571e+00 -9.5150e-01 -3.5857e+00
93 +8.752988370e+02 +8.752988370e+02 +8.385588370e+02 +8.385588370e+02 -1.2699e+00 +5.1564e-01 -2.7063e+00 -1.1056e+00 -8.4557e-01
98 +6.018087817e+02 +6.018087817e+02 +5.650687817e+02 +5.650687817e+02 -1.5517e+00 -6.1123e-03 -2.4099e+00 -2.1074e+00 -2.3878e+00
230 +3.906703432e+02 +3.906703432e+02 +3.539303432e+02 +3.539303432e+02 -1.4707e+00 +2.5094e-01 -2.5509e+00 -1.1909e+00 -2.3865e+00
472 +2.108185660e+02 +2.108185660e+02 +1.740785660e+02 +1.740785660e+02 -1.6123e+00 +4.2970e-01 -2.5191e+00 -1.3204e+00 -2.4021e+00
599 +1.552778230e+02 +1.552778230e+02 +1.185378230e+02 +1.185378230e+02 -1.6609e+00 +4.8621e-01 -2.5711e+00 -1.2480e+00 -2.4932e+00
721 +8.629028084e+01 +8.629028084e+01 +4.955028084e+01 +4.955028084e+01 -1.7566e+00 +5.7062e-01 -2.6437e+00 -1.2030e+00 -2.5559e+00
855 +6.202326721e+01 +6.202326721e+01 +2.528326721e+01 +2.528326721e+01 -1.8419e+00 +5.3718e-01 -2.6785e+00 -1.1307e+00 -2.5226e+00
988 +3.655053032e+01 +3.655053032e+01 -1.894696803e-01 -1.894696803e-01 -1.9222e+00 +6.1034e-01 -2.6194e+00 -1.0963e+00 -2.4548e+00
1111 +1.749797945e+01 +1.749797945e+01 -1.924202055e+01 -1.924202055e+01 -2.0166e+00 +7.8512e-01 -2.5536e+00 -1.1565e+00 -2.4485e+00
1244 +1.278537124e+01 +1.278537124e+01 -2.395462876e+01 -2.395462876e+01 -2.0117e+00 +8.6078e-01 -2.4742e+00 -1.1286e+00 -2.5252e+00
1583 +4.315469536e+00 +4.315469536e+00 -3.242453046e+01 -3.242453046e+01 -2.1658e+00 +6.5668e-01 -2.5164e+00 -1.0943e+00 -2.6752e+00
1726 +3.096632656e+00 +3.096632656e+00 -3.364336734e+01 -3.364336734e+01 -2.1766e+00 +7.4964e-01 -2.5257e+00 -1.0189e+00 -2.7134e+00
1843 +2.458762355e+00 +2.458762355e+00 -3.428123764e+01 -3.428123764e+01 -2.1053e+00 +7.7247e-01 -2.4997e+00 -1.0018e+00 -2.7536e+00
2755 +1.451595905e+00 +1.451595905e+00 -3.528840410e+01 -3.528840410e+01 -2.0958e+00 +8.0743e-01 -2.3566e+00 -8.6470e-01 -2.6986e+00
4735 +9.623747945e-01 +9.623747945e-01 -3.577762521e+01 -3.577762521e+01 -2.0190e+00 +9.4573e-01 -2.2115e+00 -7.6889e-01 -2.6683e+00
% function evaluation | noise-free fitness - Fopt (1.151100000000e+02) | best noise-free fitness - Fopt | measured fitness | best measured fitness | x1 | x2...
1 +2.129769958e+04 +2.129769958e+04 +2.141280958e+04 +2.141280958e+04 +2.6392e+00 +2.7409e-02 +1.3213e+00 -1.0088e-01 -7.7127e-01
9 +5.388597921e+03 +5.388597921e+03 +5.503707921e+03 +5.503707921e+03 +2.8357e+00 -1.6237e+00 -2.9147e-01 -2.5666e+00 +1.7302e+00
26 +2.749914519e+03 +2.749914519e+03 +2.865024519e+03 +2.865024519e+03 -1.2152e+00 -2.0521e+00 +2.3027e-01 -3.4451e-02 +2.2400e+00
29 +3.309693838e+02 +3.309693838e+02 +4.460793838e+02 +4.460793838e+02 +2.0861e+00 -2.6179e+00 -7.9115e-01 +4.2494e-01 +3.1008e-01
167 +2.480942240e+02 +2.480942240e+02 +3.632042240e+02 +3.632042240e+02 +2.1001e+00 -2.7056e+00 -8.0653e-01 +3.5032e-01 +3.0113e-01
424 +1.488909806e+02 +1.488909806e+02 +2.640009806e+02 +2.640009806e+02 +2.1146e+00 -2.7948e+00 -7.3377e-01 +3.4807e-01 +4.8545e-01
560 +9.441678493e+01 +9.441678493e+01 +2.095267849e+02 +2.095267849e+02 +2.1338e+00 -2.8849e+00 -7.4892e-01 +2.8128e-01 +5.4490e-01
680 +4.784075341e+01 +4.784075341e+01 +1.629507534e+02 +1.629507534e+02 +2.1345e+00 -2.9624e+00 -6.5456e-01 +2.4371e-01 +5.9628e-01
801 +2.625212023e+01 +2.625212023e+01 +1.413621202e+02 +1.413621202e+02 +2.1598e+00 -3.0263e+00 -6.3932e-01 +2.1194e-01 +6.5588e-01
941 +1.797095658e+01 +1.797095658e+01 +1.330809566e+02 +1.330809566e+02 +2.1800e+00 -2.9869e+00 -5.7566e-01 +1.9718e-01 +7.7811e-01
1065 +1.304326276e+01 +1.304326276e+01 +1.281532628e+02 +1.281532628e+02 +2.1069e+00 -3.0453e+00 -6.1503e-01 +1.0582e-01 +7.8574e-01
1074 +9.701198459e+00 +9.701198459e+00 +1.248111985e+02 +1.248111985e+02 +2.1659e+00 -3.0823e+00 -6.0955e-01 +2.3565e-01 +8.5902e-01
1203 +3.341027367e+00 +3.341027367e+00 +1.184510274e+02 +1.184510274e+02 +2.1272e+00 -3.1461e+00 -5.3021e-01 +2.5964e-01 +8.9214e-01
1534 +1.346580110e+00 +1.346580110e+00 +1.164565801e+02 +1.164565801e+02 +2.0821e+00 -3.1969e+00 -5.8250e-01 +1.4140e-01 +8.9566e-01
1674 +8.374338923e-01 +8.374338923e-01 +1.159474339e+02 +1.159474339e+02 +2.1216e+00 -3.1540e+00 -5.2545e-01 +1.6664e-01 +9.7546e-01
3691 +5.502614202e-01 +5.502614202e-01 +1.156602614e+02 +1.156602614e+02 +2.1801e+00 -3.0896e+00 -3.9504e-01 +3.0818e-01 +1.0545e+00
% function evaluation | noise-free fitness - Fopt (1.759000000000e+01) | best noise-free fitness - Fopt | measured fitness | best measured fitness | x1 | x2...
1 +1.866876043e+05 +1.866876043e+05 +1.867051943e+05 +1.867051943e+05 -2.5015e+00 -1.6626e+00 +2.1793e+00 +3.3777e+00 +3.4826e+00
2 +3.608034913e+04 +3.608034913e+04 +3.609793913e+04 +3.609793913e+04 -2.9617e+00 -3.9601e-02 +2.2022e+00 +7.6674e-01 +2.0472e+00
5 +9.855673389e+03 +9.855673389e+03 +9.873263389e+03 +9.873263389e+03 -1.4591e+00 +3.3236e+00 +2.3238e+00 -2.9343e+00 +1.7815e+00
8 +6.176296697e+03 +6.176296697e+03 +6.193886697e+03 +6.193886697e+03 -2.5014e+00 +1.1702e+00 -2.8744e+00 -2.7034e+00 +8.5491e-01
50 +2.198653584e+03 +2.198653584e+03 +2.216243584e+03 +2.216243584e+03 -3.3030e-01 +2.4144e+00 +2.1400e-01 -1.1913e+00 +3.5337e+00
114 +1.310314106e+03 +1.310314106e+03 +1.327904106e+03 +1.327904106e+03 -7.4724e-02 +1.0000e+00 -1.9524e+00 -3.6017e+00 -3.7547e-01
378 +8.945555557e+02 +8.945555557e+02 +9.121455557e+02 +9.121455557e+02 -1.1254e-01 +8.2561e-01 -1.7259e+00 -3.5927e+00 -2.4159e-01
728 +5.484894378e+02 +5.484894378e+02 +5.660794378e+02 +5.660794378e+02 -5.7959e-01 +2.0391e+00 +5.8378e-01 -1.5218e+00 +3.5244e+00
986 +3.959980172e+02 +3.959980172e+02 +4.135880172e+02 +4.135880172e+02 -5.6547e-01 +1.8631e+00 +6.9698e-01 -1.4731e+00 +3.5323e+00
1127 +2.438803785e+02 +2.438803785e+02 +2.614703785e+02 +2.614703785e+02 -6.2042e-01 +1.8024e+00 +6.4657e-01 -1.5957e+00 +3.5592e+00
1256 +1.384755799e+02 +1.384755799e+02 +1.560655799e+02 +1.560655799e+02 -6.4817e-01 +1.7725e+00 +7.8467e-01 -1.8648e+00 +3.5759e+00
1609 +9.621890284e+01 +9.621890284e+01 +1.138089028e+02 +1.138089028e+02 -6.8534e-01 +1.7099e+00 +7.2353e-01 -1.8313e+00 +3.6043e+00
1842 +4.834232580e+01 +4.834232580e+01 +6.593232580e+01 +6.593232580e+01 -7.5091e-01 +1.6149e+00 +6.1991e-01 -1.8621e+00 +3.7249e+00
1860 +3.581900166e+01 +3.581900166e+01 +5.340900166e+01 +5.340900166e+01 -7.6255e-01 +1.5310e+00 +6.5066e-01 -1.8634e+00 +3.5601e+00
1988 +2.477844785e+01 +2.477844785e+01 +4.236844785e+01 +4.236844785e+01 -8.2190e-01 +1.5263e+00 +6.4909e-01 -1.8762e+00 +3.7098e+00
2106 +1.321886132e+01 +1.321886132e+01 +3.080886132e+01 +3.080886132e+01 -8.6053e-01 +1.3906e+00 +5.3547e-01 -1.9172e+00 +3.6456e+00
2246 +7.569907786e+00 +7.569907786e+00 +2.515990779e+01 +2.515990779e+01 -9.4054e-01 +1.4694e+00 +5.5915e-01 -1.8824e+00 +3.7342e+00
2511 +5.087977774e+00 +5.087977774e+00 +2.267797777e+01 +2.267797777e+01 -1.0133e+00 +1.5295e+00 +6.0918e-01 -1.8293e+00 +3.7963e+00
5601 +3.890239040e+00 +3.890239040e+00 +2.148023904e+01 +2.148023904e+01 +1.7895e-01 +4.3356e-01 -5.6993e-01 -3.2214e+00 +1.7204e+00
% function evaluation | noise-free fitness - Fopt (1.000000000000e+03) | best noise-free fitness - Fopt | measured fitness | best measured fitness | x1 | x2...
1 +8.742044598e+04 +8.742044598e+04 +8.842044598e+04 +8.842044598e+04 -3.8665e+00 -3.4366e+00 +1.5707e+00 -1.1700e+00 +2.0597e-01
5 +6.987489160e+03 +6.987489160e+03 +7.987489160e+03 +7.987489160e+03 -3.8196e+00 -1.5735e-01 -1.3335e+00 -3.7172e+00 -5.7110e-01
38 +3.593730048e+03 +3.593730048e+03 +4.593730048e+03 +4.593730048e+03 -1.2090e+00 -9.6574e-01 -1.9573e+00 -3.2241e+00 -3.4041e-01
63 +1.817743865e+03 +1.817743865e+03 +2.817743865e+03 +2.817743865e+03 -3.4990e+00 -3.7674e+00 -1.7262e+00 -3.7568e-01 +6.5939e-01
94 +1.550743846e+03 +1.550743846e+03 +2.550743846e+03 +2.550743846e+03 -3.5879e+00 -3.7206e+00 -1.7984e+00 -4.4015e-01 +6.4745e-01
478 +9.388330285e+02 +9.388330285e+02 +1.938833028e+03 +1.938833028e+03 -3.5537e+00 -3.6229e+00 -2.0199e+00 -5.3667e-01 +8.0743e-01
855 +6.307717801e+02 +6.307717801e+02 +1.630771780e+03 +1.630771780e+03 -3.4175e+00 -3.5060e+00 -2.1683e+00 -6.0275e-01 +7.7660e-01
1111 +3.801697147e+02 +3.801697147e+02 +1.380169715e+03 +1.380169715e+03 -3.6509e+00 -3.3997e+00 -2.3833e+00 -8.3418e-01 +8.7237e-01
1713 +2.438415694e+02 +2.438415694e+02 +1.243841569e+03 +1.243841569e+03 -3.4187e+00 -3.2761e+00 -2.5024e+00 -9.4171e-01 +7.2169e-01
2108 +1.530485302e+02 +1.530485302e+02 +1.153048530e+03 +1.153048530e+03 -3.4543e+00 -3.0562e+00 -2.6221e+00 -7.9109e-01 +9.3002e-01
3095 +9.887818706e+01 +9.887818706e+01 +1.098878187e+03 +1.098878187e+03 -3.3318e+00 -2.6841e+00 -2.8277e+00 -9.6473e-01 +8.4472e-01
3822 +5.919014745e+01 +5.919014745e+01 +1.059190147e+03 +1.059190147e+03 -2.3401e+00 -1.1922e+00 -3.4392e+00 -2.7276e+00 -9.1901e-01
4090 +3.718008480e+01 +3.718008480e+01 +1.037180085e+03 +1.037180085e+03 -2.4352e+00 -1.1904e+00 -3.4494e+00 -2.6829e+00 -1.1020e+00
4186 +1.900088292e+01 +1.900088292e+01 +1.019000883e+03 +1.019000883e+03 -2.4257e+00 -1.2050e+00 -3.1605e+00 -1.5394e+00 -8.4840e-01
4309 +1.278004335e+01 +1.278004335e+01 +1.012780043e+03 +1.012780043e+03 -2.5161e+00 -1.1989e+00 -3.1672e+00 -1.6147e+00 -7.6001e-01
4654 +8.118021337e+00 +8.118021337e+00 +1.008118021e+03 +1.008118021e+03 -2.3997e+00 -1.1405e+00 -3.1858e+00 -1.6143e+00 -8.1226e-01
4781 +5.093554100e+00 +5.093554100e+00 +1.005093554e+03 +1.005093554e+03 -2.3546e+00 -1.0546e+00 -3.2019e+00 -1.6524e+00 -8.5743e-01
4790 +2.853066070e+00 +2.853066070e+00 +1.002853066e+03 +1.002853066e+03 -2.3829e+00 -9.9475e-01 -3.1093e+00 -1.6629e+00 -7.4926e-01
4910 +2.164074062e+00 +2.164074062e+00 +1.002164074e+03 +1.002164074e+03 -2.3666e+00 -9.4454e-01 -3.0653e+00 -1.6531e+00 -8.2493e-01
4914 +1.102955222e+00 +1.102955222e+00 +1.001102955e+03 +1.001102955e+03 -2.3100e+00 -9.7035e-01 -3.0719e+00 -1.6950e+00 -8.2301e-01
7327 +5.946837865e-01 +5.946837865e-01 +1.000594684e+03 +1.000594684e+03 -2.3632e+00 -1.0590e+00 -3.2429e+00 -1.9622e+00 -1.2401e+00
