% function evaluation | noise-free fitness - Fopt (1.026100000000e+02) | best noise-free fitness - Fopt | measured fitness | best measured fitness | x1 | x2...
1 +6.133283428e+02 +6.133283428e+02 +7.159383428e+02 +7.159383428e+02 +1.7717e+00 -3.9093e+00 +1.6294e+00 -3.6894e+00 -1.7745e+00 -7.5434e-02 +9.4451e-01 +1.9492e+00 +4.0765e-01 +2.5189e+00 +1.7006e+00 +3.2576e+00 -3.9200e+00 +8.0569e-01 -2.6587e+00 -1.6843e+00 +1.8632e-01 -7.7518e-01 +2.0376e+00 +1.7828e+00
10 +3.842458636e+02 +3.842458636e+02 +4.868558636e+02 +4.868558636e+02 +9.2349e-01 +1.8465e+00 +1.2010e+00 +2.8392e+00 -1.8280e+00 +1.8774e-01 -2.5469e+00 +1.2914e+00 +3.6963e-01 +1.7913e+00 +1.6338e+00 +3.2620e+00 +1.0466e+00 +2.1969e+00 -7.1256e-01 +6.1631e-01 +6.3756e-01 -2.6809e+00 -5.3760e-01 -6.9328e-01
549 +2.143753077e+02 +2.143753077e+02 +3.169853077e+02 +3.169853077e+02 -1.6661e+00 -2.3306e+00 +3.1569e+00 +1.5006e+00 +1.8452e+00 +9.0570e-02 -1.5195e+00 +1.3786e+00 +2.9071e+00 -5.5496e-01 +2.1231e+00 +9.1228e-01 +3.0601e+00 -1.2483e-01 +1.2354e+00 -5.5821e-01 +1.3186e+00 +1.6884e+00 -1.7063e+00 -1.2104e+00
% function evaluation | noise-free fitness - Fopt (9.330000000000e+01) | best noise-free fitness - Fopt | measured fitness | best measured fitness | x1 | x2...
1 +7.077278681e+02 +7.077278681e+02 +8.010278681e+02 +8.010278681e+02 +3.5602e+00 -9.8480e-01 +1.3597e+00 +3.5836e+00 -2.5814e+00 +5.6513e-02 -6.3584e-01 +3.5494e-01 +2.8462e+00 -2.0190e+00 -1.9671e+00 +3.5341e+00 -1.4130e+00 +6.9523e-01 -6.9514e-01 +1.1604e+00 -3.5028e+00 -3.4817e+00 +3.6776e+00 +5.4812e-01
3 +5.654936986e+02 +5.654936986e+02 +6.587936986e+02 +6.587936986e+02 +5.8359e-01 +3.5702e+00 -2.9213e+00 +8.7449e-01 -8.8050e-01 -2.0552e+00 +1.8077e-01 +1.1250e+00 -6.0516e-01 +2.9717e+00 -1.2952e+00 +3.7067e-01 -2.9638e+00 +5.7051e-01 -3.2844e-01 +1.7797e+00 +1.8161e+00 -2.6422e+00 +4.3657e-01 -3.8737e+00
30 +3.906236013e+02 +3.906236013e+02 +4.839236013e+02 +4.839236013e+02 -1.8893e-01 +3.6552e+00 -8.4261e-01 +3.7594e-02 -1.6820e+00 -2.1506e-01 +2.8193e-01 +8.2644e-01 -8.8454e-01 +2.6361e+00 -3.2684e+00 +4.2934e-01 -8.8524e-01 +7.9483e-01 -2.0637e-01 +1.7942e+00 +1.8952e+00 -2.3738e+00 +2.7395e-01 -2.0376e+00
3491 +2.508555529e+02 +2.508555529e+02 +3.441555529e+02 +3.441555529e+02 -1.7277e+00 +2.7185e+00 +5.7334e-01 +1.8424e+00 +1.8449e+00 -3.4607e+00 +1.5031e+00 +1.1975e-01 -1.8535e-01 +3.0226e+00 -3.1724e+00 -2.6326e+00 -3.2465e+00 -3.3995e+00 -1.4042e-01 +2.6529e+00 -5.1661e-01 -1.6310e+00 +3.4051e-01 +3.6474e-01
29435 +1.557584433e+02 +1.557584433e+02 +2.490584433e+02 +2.490584433e+02 -1.8264e+00 +2.5578e+00 +7.3154e-01 +1.4894e+00 +1.5005e+00 -2.2616e+00 +5.8092e-01 -3.9983e-01 +6.3599e-01 +2.0267e+00 -2.8611e+00 -2.0216e+00 -2.3116e+00 -1.8819e+00 +6.8812e-01 +8.9273e-01 +1.2451e+00 -1.5395e+00 +1.2336e+00 +1.9539e-01
% function evaluation | noise-free fitness - Fopt (1.364000000000e+01) | best noise-free fitness - Fopt | measured fitness | best measured fitness | x1 | x2...
1 +5.383689011e+02 +5.383689011e+02 +5.520089011e+02 +5.520089011e+02 +2.0383e+00 -1.8076e+00 -1.6286e+00 +3.9631e-01 +2.5895e+00 -3.8527e-01 -3.4906e+00 +1.5842e+00 +2.9622e-01 +9.3673e-01 +2.3832e+00 -3.0127e-01 +3.9113e+00 -3.7492e+00 +2.2664e+00 +9.7122e-01 +1.0188e+00 -5.4119e-01 +1.3477e+00 +3.2164e+00
93 +3.673994764e+02 +3.673994764e+02 +3.810394764e+02 +3.810394764e+02 +7.9818e-01 +1.6447e+00 -2.2050e+00 +1.7597e+00 -1.0423e+00 +1.4647e+00 -1.4913e+00 -2.0920e+00 +1.8398e-01 -7.6536e-01 -2.6804e+00 +1.2746e+00 +1.9896e+00 +1.5883e+00 +5.7091e-01 -6.5958e-01 +9.9210e-01 -4.6316e-01 +1.0236e+00 -2.3171e-02
13921 +2.459642370e+02 +2.459642370e+02 +2.596042370e+02 +2.596042370e+02 +8.1506e-01 +9.5911e-01 -1.5555e+00 +1.3884e+00 +2.0855e-01 +1.3502e+00 -4.5409e-01 -1.7054e+00 -1.6036e-01 -8.5433e-01 -2.6382e+00 +9.3611e-01 +1.5556e+00 +1.1365e+00 +1.1024e+00 -1.2150e+00 -3.7318e-01 -1.3073e+00 +1.4539e+00 +5.5602e-01
26274 +1.492277013e+02 +1.492277013e+02 +1.628677013e+02 +1.628677013e+02 -1.3281e-01 +1.3484e+00 -1.6170e-01 +1.9094e+00 +2.9780e-02 +4.8032e-01 -9.2917e-01 -1.6629e+00 -1.1637e+00 -1.0068e+00 -2.2942e+00 +1.4186e+00 +1.7809e+00 +8.6548e-01 +1.1168e+00 -1.7277e+00 -8.6076e-01 -1.6892e+00 +1.1913e+00 +1.5206e-01
% function evaluation | noise-free fitness - Fopt (1.948000000000e+02) | best noise-free fitness - Fopt | measured fitness | best measured fitness | x1 | x2...
1 +5.315135201e+02 +5.315135201e+02 +7.263135201e+02 +7.263135201e+02 +2.0818e+00 +8.0263e-01 -2.8722e+00 -3.2834e+00 +2.5663e+00 -1.0850e+00 +8.7046e-01 -1.9262e+00 +4.8690e-01 +2.5832e+00 -1.0058e+00 -3.4064e+00 -9.5055e-01 +3.4126e+00 +5.9128e-01 +1.9606e+00 +8.3247e-01 +2.9656e+00 +5.9547e-02 -1.0705e+00
33 +3.463722715e+02 +3.463722715e+02 +5.411722715e+02 +5.411722715e+02 -2.0065e-01 -1.2496e+00 +1.9308e+00 +1.2110e+00 +1.1628e+00 +1.7460e+00 -7.9126e-03 -1.2107e+00 +9.7232e-01 -1.1676e+00 +1.1505e-01 +4.5289e-03 +1.2124e+00 -5.6173e-01 -2.1132e+00 -3.9212e-01 -3.2264e+00 +9.6369e-02 +4.2892e-01 -4.0229e-01
339 +2.449249647e+02 +2.449249647e+02 +4.397249647e+02 +4.397249647e+02 +2.9065e-01 -2.1650e+00 +1.1400e+00 +1.5429e+00 -1.5790e+00 +2.0342e+00 +7.7452e-01 -1.1083e+00 +1.2603e+00 +2.7310e+00 +1.4358e+00 -3.2536e-01 -1.5542e+00 +1.5146e+00 +6.8528e-01 -2.1641e-01 +8.2300e-01 -1.9596e-01 -9.3746e-01 +1.4151e+00
15708 +1.532867402e+02 +1.532867402e+02 +3.480867402e+02 +3.480867402e+02 +6.2885e-01 -1.8160e+00 +6.6146e-01 +2.0482e+00 -1.6800e+00 +1.1986e+00 -4.5442e-02 -6.4379e-01 +1.6894e+00 +2.0991e+00 +1.3170e+00 -1.6173e+00 -1.2610e+00 +1.6313e+00 +1.4934e+00 -9.7633e-01 +6.3469e-01 -2.0854e-01 -1.4089e+00 +8.6355e-01
% function evaluation | noise-free fitness - Fopt (-1.335900000000e+02) | best noise-free fitness - Fopt | measured fitness | best measured fitness | x1 | x2...
1 +6.556677066e+02 +6.556677066e+02 +5.220777066e+02 +5.220777066e+02 +1.9063e+00 +2.3932e+00 -2.4038e+00 -6.1580e-01 +2.5659e+00 -8.1104e-01 +2.5565e+00 +8.6303e-01 +5.0856e-01 -2.3977e+00 -8.0507e-01 +2.8555e+00 -6.7148e-02 +2.2301e-01 +1.5751e+00 -3.9170e+00 -3.0591e+00 -3.7638e+00 -3.4836e+00 -3.3718e-01
4 +6.216484216e+02 +6.216484216e+02 +4.880584216e+02 +4.880584216e+02 +3.7301e+00 -3.7737e+00 +3.6821e+00 +3.3072e+00 +7.9854e-01 -2.2156e+00 -2.2802e+00 -2.2948e+00 -8.2349e-01 +1.9661e+00 +1.2613e+00 +3.9078e+00 +2.9279e+00 +2.4209e+00 -3.7229e+00 -2.4582e-01 +4.4463e-02 +2.7818e+00 -2.9176e+00 -3.9074e+00
74 +3.373128449e+02 +3.373128449e+02 +2.037228449e+02 +2.037228449e+02 +7.6522e-01 -5.6463e-01 -3.9659e-01 +1.5395e+00 +2.5840e+00 -2.4778e+00 +6.8738e-03 -1.1697e+00 +7.9661e-01 -3.4145e+00 +1.0162e+00 -2.6901e+00 -2.6593e-01 -8.8714e-01 -1.8661e+00 +2.0845e+00 -6.6973e-01 -1.8109e+00 -9.7131e-01 -1.9035e+00
3104 +2.418670209e+02 +2.418670209e+02 +1.082770209e+02 +1.082770209e+02 +2.6858e-01 -3.7738e-01 -8.2738e-01 +1.4959e+00 +2.4313e+00 -2.4801e+00 +9.3233e-03 -1.3137e+00 +7.8487e-01 -3.0346e+00 +1.0270e+00 -2.6905e+00 -6.1924e-01 -5.4469e-01 -1.7163e+00 +2.1229e+00 -3.4104e-01 -1.8350e+00 -1.3328e+00 -2.0813e+00
% function evaluation | noise-free fitness - Fopt (-8.468100000000e+02) | best noise-free fitness - Fopt | measured fitness | best measured fitness | x1 | x2...
1 +6.262926024e+02 +6.262926024e+02 -2.205173976e+02 -2.205173976e+02 -3.0570e+00 +3.4026e+00 +3.4563e+00 -1.6460e+00 +7.9481e-01 +2.3933e+00 -2.7693e+00 +2.7043e+00 -3.9918e+00 +3.0853e+00 +2.4355e+00 +3.5153e+00 +3.1147e+00 -1.5878e+00 +2.1105e+00 -4.1755e-01 +3.3698e+00 -2.2144e+00 +6.3228e-01 +2.4080e+00
21 +3.848306221e+02 +3.848306221e+02 -4.619793779e+02 -4.619793779e+02 -3.1555e+00 -3.6672e+00 +4.7532e-01 -3.5855e+00 +7.9461e-01 +2.9431e+00 +2.2677e+00 -1.4485e-04 +1.3899e+00 +3.3297e+00 -4.8652e-01 -1.4727e+00 -3.0792e+00 +1.7925e+00 -2.2822e+00 -1.7449e+00 -2.5997e+00 +2.3760e+00 -8.9431e-01 +1.8464e+00
299 +2.358164187e+02 +2.358164187e+02 -6.109935813e+02 -6.109935813e+02 +1.5712e+00 -2.9070e+00 +5.8524e-01 -1.6033e+00 -5.7291e-01 +2.5604e+00 +1.9547e+00 -3.9694e-01 +5.4483e-01 +4.9901e-01 +1.2211e+00 -1.2706e+00 -2.6461e+00 +3.1925e-01 -1.6917e+00 -1.6917e+00 -2.2480e+00 +9.5209e-01 -1.5483e+00 +1.9282e+00
% function evaluation | noise-free fitness - Fopt (1.363000000000e+01) | best noise-free fitness - Fopt | measured fitness | best measured fitness | x1 | x2...
1 +6.258034783e+02 +6.258034783e+02 +6.394334783e+02 +6.394334783e+02 -3.5795e+00 +1.3241e+00 -1.4452e+00 +6.8779e-02 -1.0132e+00 +9.4706e-01 +2.9148e+00 -3.2233e+00 -6.3522e-01 -3.9375e+00 +2.5274e+00 -3.8189e+00 +1.1430e+00 -2.7254e+00 -3.7385e+00 -1.6085e-01 +1.1664e+00 +4.8824e-01 +4.1175e-01 -6.9537e-01
37 +3.484099664e+02 +3.484099664e+02 +3.620399664e+02 +3.620399664e+02 -1.3490e+00 -1.9044e+00 +3.2739e+00 -1.0839e-01 -1.1250e+00 +4.1109e-01 +9.4672e-01 +3.1282e+00 +8.5968e-01 -4.7914e-01 -6.2129e-01 -1.0908e+00 +1.0132e+00 -1.2362e+00 -1.3184e+00 +1.2699e+00 -8.6436e-01 +9.1969e-01 +4.0322e-01 -2.0017e+00
1938 +2.495045095e+02 +2.495045095e+02 +2.631345095e+02 +2.631345095e+02 +3.0627e-01 +1.8401e-01 +1.6215e+00 -5.3931e-01 -1.6808e-01 -2.0060e-01 +7.0055e-01 +3.1894e+00 +6.0280e-01 +1.0346e+00 -5.8056e-01 -1.1837e+00 -2.4218e+00 -1.1011e+00 -2.2340e+00 +1.8106e+00 -1.0194e+00 +1.7840e+00 +5.4555e-02 +3.5511e-01
% function evaluation | noise-free fitness - Fopt (-3.718000000000e+01) | best noise-free fitness - Fopt | measured fitness | best measured fitness | x1 | x2...
1 +6.808548351e+02 +6.808548351e+02 +6.436748351e+02 +6.436748351e+02 +2.4509e+00 -2.2848e+00 -2.3550e-01 +1.6793e+00 -3.2826e+00 -3.4191e+00 -1.6960e+00 +2.7916e+00 +1.6321e+00 +2.0777e+00 +3.9241e+00 -3.4618e+00 -2.4362e+00 -5.9443e-01 +2.9748e+00 +3.5377e+00 +1.3160e+00 -2.0130e+00 -1.0786e+00 +2.7410e+00
2 +5.943745026e+02 +5.943745026e+02 +5.571945026e+02 +5.571945026e+02 +5.6852e-01 -7.7973e-01 +1.6560e+00 +1.4862e+00 +3.1915e+00 +2.5339e-01 -3.6812e-01 +3.4779e+00 +2.6650e+00 -2.7185e+00 -3.7154e+00 -2.4398e+00 -3.9065e+00 +2.7955e-01 +2.6765e+00 -1.4590e+00 -3.0937e+00 -4.6314e-02 -2.3265e+00 -3.6398e+00
56 +3.906990754e+02 +3.906990754e+02 +3.535190754e+02 +3.535190754e+02 +1.4363e+00 -3.1459e+00 -2.6319e+00 -1.7451e+00 -2.5236e-01 -3.6867e+00 +4.3423e-01 +3.5405e-01 -1.0671e-01 +2.4158e+00 +6.0407e-02 +8.2782e-01 +1.2246e+00 -4.0826e-01 -8.3911e-02 -1.4119e+00 -1.1970e+00 -3.8491e+00 +2.0894e+00 +1.5571e+00
470 +2.489526758e+02 +2.489526758e+02 +2.117726758e+02 +2.117726758e+02 +7.9459e-02 -3.0853e+00 +3.1078e-01 +9.7876e-01 -9.7458e-01 -2.7377e-01 -2.6168e+00 +3.3578e-01 -3.3133e-01 +7.5334e-01 -1.7649e+00 +2.9272e-01 -1.3673e+00 +7.2009e-01 -1.2793e+00 -5.8485e-01 -6.5562e-01 -1.0371e-01 +1.5365e+00 +1.3464e-01
18990 +1.570354613e+02 +1.570354613e+02 +1.198554613e+02 +1.198554613e+02 +1.1881e+00 -2.5270e+00 +2.6828e-01 +1.3363e+00 -1.1867e+00 -1.2120e+00 -1.8408e+00 +4.4426e-01 -9.7038e-01 +2.0546e-01 -6.2104e-01 -6.5259e-01 -4.1837e-01 -4.5454e-01 -2.4720e-01 -1.1939e+00 -1.0628e+00 -7.8633e-01 +8.5612e-01 +4.5595e-01
% function evaluation | noise-free fitness - Fopt (2.275200000000e+02) | best noise-free fitness - Fopt | measured fitness | best measured fitness | x1 | x2...
1 +5.000019111e+02 +5.000019111e+02 +7.275219111e+02 +7.275219111e+02 +1.8251e+00 +3.5185e+00 +1.9043e+00 -4.3952e-01 -9.9473e-01 +2.4261e+00 -2.3548e+00 -2.4308e+00 +9.6400e-02 -2.7112e-01 +1.7116e-02 +3.5054e+00 -3.5838e+00 +3.1872e-02 -3.4624e+00 -3.2109e+00 +3.2381e+00 +1.3498e+00 -1.6300e+00 +3.7869e+00
37 +3.590022307e+02 +3.590022307e+02 +5.865222307e+02 +5.865222307e+02 +1.4590e+00 -2.1157e+00 +2.9761e+00 +1.8134e+00 +7.7775e-01 -1.9984e+00 +2.3957e+00 +8.1830e-01 -5.3502e-01 -4.9044e-01 -1.3705e+00 +1.1979e+00 +3.7381e-01 -4.3422e-01 -1.4990e+00 +3.1612e+00 -2.8029e+00 +5.1469e-01 -1.1979e+00 +7.3314e-01
341 +2.505689109e+02 +2.505689109e+02 +4.780889109e+02 +4.780889109e+02 -1.9663e+00 -1.7941e+00 -1.2646e+00 +1.6220e-01 +8.4774e-01 -2.2853e+00 +1.3356e+00 +1.1117e+00 +1.5413e+00 +1.3754e+00 +1.3847e+00 -2.3314e+00 +1.1480e+00 -1.6099e+00 +3.0437e+00 +3.8582e-01 +9.6462e-02 +8.4002e-01 +6.7903e-02 -1.0580e+00
18193 +1.510181323e+02 +1.510181323e+02 +3.785381323e+02 +3.785381323e+02 -1.6107e+00 -1.8660e+00 +4.9798e-01 +8.2010e-01 +1.5483e+00 -8.2992e-01 +1.8566e+00 +1.2434e-01 +1.5285e+00 +1.1669e+00 -2.1425e+00 -6.4200e-01 +7.6808e-01 -1.6729e+00 +1.8815e+00 +8.8535e-01 -5.0523e-01 +4.8539e-01 +5.9493e-01 -7.1283e-01
% function evaluation | noise-free fitness - Fopt (6.370000000000e+00) | best noise-free fitness - Fopt | measured fitness | best measured fitness | x1 | x2...
1 +6.791274371e+02 +6.791274371e+02 +6.854974371e+02 +6.854974371e+02 +3.7880e+00 +3.3500e-01 +1.5122e+00 -3.3550e+00 -4.8700e-02 -3.9885e+00 +2.8398e+00 +2.3520e+00 +3.4429e+00 -2.2080e-01 -7.0126e-01 +4.4369e-01 -1.6568e+00 +6.3906e-01 +3.0445e+00 -1.3101e+00 -3.6915e+00 -7.6189e-01 -2.8086e+00 +9.7365e-01
2 +5.210058480e+02 +5.210058480e+02 +5.273758480e+02 +5.273758480e+02 -9.4434e-01 -9.4834e-01 -3.3852e+00 +1.6719e+00 -1.7814e+00 +2.6142e+00 -2.9385e-01 +7.2045e-01 +2.6283e+00 -2.8541e+00 -3.2982e+00 -3.8577e-01 +3.1513e-01 -8.6331e-01 -6.7033e-01 -1.3343e+00 +2.8949e+00 +9.9391e-01 +2.9713e+00 -1.2170e+00
13 +3.867480911e+02 +3.867480911e+02 +3.931180911e+02 +3.931180911e+02 +2.5964e+00 +4.7951e-01 -8.3735e-02 +1.0154e+00 +1.6566e+00 +1.6955e+00 +2.2188e+00 -6.8764e-01 -2.5963e+00 -1.8516e-01 -2.7413e+00 -4.8175e-01 -1.3689e+00 -3.3850e+00 -1.7489e-01 -3.1813e+00 -1.9385e+00 -1.5888e+00 +8.1290e-01 -8.4639e-01
10092 +2.419532460e+02 +2.419532460e+02 +2.483232460e+02 +2.483232460e+02 -1.3740e+00 -2.6795e+00 +2.6552e+00 +2.8472e+00 +3.4004e+00 -1.9136e-01 -3.2682e-02 -3.1099e+00 -1.1992e+00 +1.5225e+00 -2.9160e+00 -1.9603e-02 -6.1829e-01 -1.8189e+00 +1.3379e+00 -8.6087e-01 -1.4526e+00 -5.9379e-01 -5.8320e-01 +4.2814e-01
% function evaluation | noise-free fitness - Fopt (-1.082600000000e+02) | best noise-free fitness - Fopt | measured fitness | best measured fitness | x1 | x2...
1 +6.990508523e+02 +6.990508523e+02 +5.907908523e+02 +5.907908523e+02 +2.9855e+00 +2.7964e+00 -3.7449e+00 +1.2423e+00 -9.8582e-01 -3.5948e+00 +2.3242e+00 -1.9949e+00 +1.1343e+00 -8.6956e-01 +3.2665e+00 +9.0194e-01 -6.9994e-01 +3.5086e+00 -2.3032e+00 -3.9868e+00 -8.9221e-02 +2.3157e+00 +8.8940e-01 -7.2063e-01
2 +5.688665228e+02 +5.688665228e+02 +4.606065228e+02 +4.606065228e+02 +1.5594e+00 +7.3002e-01 +1.4401e+00 +2.3989e+00 +1.8140e+00 +2.4730e+00 -1.7017e+00 -2.3740e+00 -1.8390e+00 +3.3308e+00 +2.3170e+00 +3.1644e+00 -2.7604e+00 -2.0443e+00 -3.0435e+00 +3.4552e+00 -3.2640e+00 -1.5691e+00 -1.3886e+00 +3.4608e+00
72 +2.980520082e+02 +2.980520082e+02 +1.897920082e+02 +1.897920082e+02 -1.2701e+00 -7.9638e-01 +4.0827e-01 +6.4922e-01 -2.1115e+00 -4.2451e-01 -5.7662e-01 +1.6315e+00 -1.3413e+00 -1.7955e+00 +9.5130e-01 -9.7457e-01 -8.3142e-01 -1.7977e+00 +3.5801e+00 +1.2220e+00 +1.1697e+00 +1.2500e+00 +3.1055e-02 -1.0368e+00
3115 +2.363890397e+02 +2.363890397e+02 +1.281290397e+02 +1.281290397e+02 -1.1081e+00 -6.0123e-01 +6.9898e-01 +8.7142e-01 -2.1001e+00 -6.8089e-01 -6.0382e-01 +1.9463e+00 -1.6909e+00 -1.9372e+00 +8.2249e-01 -1.2395e+00 -6.9631e-01 -1.7371e+00 +3.4505e+00 +1.3242e+00 +9.3370e-01 +1.2631e+00 -2.5746e-01 -9.6405e-01
% function evaluation | noise-free fitness - Fopt (-1.000000000000e+03) | best noise-free fitness - Fopt | measured fitness | best measured fitness | x1 | x2...
1 +5.732247071e+02 +5.732247071e+02 -4.267752929e+02 -4.267752929e+02 +1.4749e+00 +2.6712e+00 -1.4369e+00 +2.8508e+00 +2.6532e+00 -1.4080e+00 -1.6448e+00 +3.9248e+00 +2.9732e+00 +1.5864e+00 -5.6820e-01 +3.0005e+00 +3.0546e+00 -2.7956e+00 -2.0074e+00 -1.1647e-02 -7.2924e-01 +8.4585e-01 +2.7142e+00 +2.0375e+00
203 +3.929124533e+02 +3.929124533e+02 -6.070875467e+02 -6.070875467e+02 +5.2520e-02 +2.4680e+00 +2.6851e+00 +4.7177e-01 -1.0205e+00 +1.7904e+00 +6.8921e-02 +1.5536e+00 +5.3777e-01 +3.5575e+00 +1.3942e+00 -1.4035e+00 -3.4472e-01 +3.1929e+00 +4.8238e-01 -2.1322e+00 +2.9911e+00 +3.7451e+00 -2.1955e+00 +3.4893e+00
6787 +2.189751212e+02 +2.189751212e+02 -7.810248788e+02 -7.810248788e+02 +7.4582e-01 +6.2020e-01 +1.0689e+00 +9.4033e-01 -1.4000e+00 +1.2783e+00 -4.3311e-01 +1.6283e+00 +1.2903e+00 -4.7359e-01 +1.5203e+00 +5.5635e-01 -1.0578e+00 +1.0894e+00 +4.4537e-01 -1.4711e+00 +2.1572e+00 +1.9675e+00 -1.8919e+00 +1.0950e+00
% function evaluation | noise-free fitness - Fopt (-8.434000000000e+01) | best noise-free fitness - Fopt | measured fitness | best measured fitness | x1 | x2...
1 +7.261872915e+02 +7.261872915e+02 +6.418472915e+02 +6.418472915e+02 -3.2739e+00 -3.7374e+00 +2.7495e+00 -1.0421e+00 +4.8357e-02 -1.7571e-01 +2.0537e+00 -3.4122e+00 -8.5567e-01 -3.2374e-01 +7.6740e-01 -2.5633e+00 +1.1440e+00 -5.7052e-01 -3.5750e-01 -5.2253e-01 +2.8074e+00 -3.8946e+00 +3.9340e+00 -3.9638e+00
2 +5.220806036e+02 +5.220806036e+02 +4.377406036e+02 +4.377406036e+02 +1.7740e+00 +3.3440e+00 -3.4840e+00 -5.8321e-01 +3.8681e+00 -1.4402e+00 -3.4019e-01 -1.8540e+00 +1.8653e+00 -1.2661e+00 -3.9868e+00 -1.0556e+00 -2.4032e+00 +1.7160e-02 +8.2140e-01 -2.7369e+00 +3.6285e+00 +9.0826e-01 +1.3701e+00 -1.3922e+00
78 +3.973954410e+02 +3.973954410e+02 +3.130554410e+02 +3.130554410e+02 -2.1054e+00 -1.3009e+00 -1.7661e+00 +4.5397e-01 -6.9257e-01 -1.3259e+00 +1.2164e+00 +1.2006e+00 +2.6819e+00 +4.6407e-02 -4.1096e-01 -1.4115e-01 -2.0009e+00 -1.8147e+00 +2.1421e-01 -1.0260e+00 +5.2587e-01 +3.5266e+00 +1.9182e+00 -1.8787e+00
2105 +2.386837012e+02 +2.386837012e+02 +1.543437012e+02 +1.543437012e+02 -9.8697e-01 -1.6278e+00 -1.1027e+00 -2.5947e-01 -7.8566e-01 -1.3743e+00 +7.1670e-01 -8.6365e-01 +2.5044e+00 +8.3521e-01 -8.0981e-01 +1.2775e+00 -2.0510e+00 -1.4207e+00 +7.2459e-01 -1.2994e+00 +5.6107e-01 +3.3898e+00 +1.5906e+00 +1.3864e+00
% function evaluation | noise-free fitness - Fopt (7.213000000000e+01) | best noise-free fitness - Fopt | measured fitness | best measured fitness | x1 | x2...
1 +7.188115291e+02 +7.188115291e+02 +7.909415291e+02 +7.909415291e+02 -3.6890e+00 +3.6249e+00 -8.9322e-01 -2.2987e-02 +3.2451e+00 -7.3902e-01 +3.9773e+00 -1.4472e+00 +1.7001e+00 +2.5082e+00 -3.9145e-01 -3.1085e+00 +2.2625e+00 +3.0804e+00 -4.1582e-01 +1.5529e+00 -3.0522e+00 +2.8689e+00 +2.9821e+00 +1.4252e+00
5 +4.805817625e+02 +4.805817625e+02 +5.527117625e+02 +5.527117625e+02 -1.0014e+00 +1.8992e-01 +3.2362e-01 -2.0067e+00 -2.1385e+00 +6.3542e-01 +6.9841e-01 +3.2801e-01 +8.2053e-01 +2.4472e-01 -9.3367e-01 +3.7487e+00 +3.9180e+00 -1.0663e+00 -3.5910e+00 +2.8023e+00 +2.7828e+00 +3.6503e+00 +1.6713e+00 +1.6238e+00
24 +3.628360382e+02 +3.628360382e+02 +4.349660382e+02 +4.349660382e+02 -1.0031e+00 -1.9849e+00 -3.6527e+00 +2.8661e+00 -3.0359e+00 -2.7127e+00 +2.3079e+00 -1.7540e+00 -2.0644e+00 -1.1648e+00 -2.6359e+00 +1.3099e-01 +7.6370e-01 -1.8560e+00 +7.5381e-01 +1.1351e+00 -2.2710e+00 +2.2841e+00 -7.8139e-01 -1.4978e+00
874 +2.462480163e+02 +2.462480163e+02 +3.183780163e+02 +3.183780163e+02 -2.0006e+00 -1.3253e+00 +1.1130e+00 -3.3868e+00 +2.8463e-01 +1.2496e-01 -8.8029e-01 -6.6743e-01 +1.7061e+00 -1.6422e+00 -1.9071e+00 +2.2376e+00 +9.4213e-02 -3.2388e-01 -3.1732e+00 -3.0187e+00 -1.2375e+00 -1.5241e+00 +1.9562e+00 +2.5410e+00
% function evaluation | noise-free fitness - Fopt (-1.338000000000e+02) | best noise-free fitness - Fopt | measured fitness | best measured fitness | x1 | x2...
1 +5.810103714e+02 +5.810103714e+02 +4.472103714e+02 +4.472103714e+02 +1.9491e+00 +2.0475e+00 -2.7824e+00 +2.2199e+00 -2.4645e+00 +1.0114e+00 +3.6968e+00 +1.1015e+00 -1.0595e+00 -1.6868e+00 -3.1246e+00 +9.7527e-01 +3.6007e+00 +6.8560e-01 -8.5228e-01 -6.9102e-01 +1.7441e+00 +2.3401e+00 +2.3733e+00 +4.0016e-01
35 +3.454884417e+02 +3.454884417e+02 +2.116884417e+02 +2.116884417e+02 -2.3729e+00 -2.0267e+00 -1.1725e-01 +1.5974e+00 +2.3057e+00 -6.7326e-01 -1.2580e+00 -1.4731e+00 +9.7406e-01 +4.8910e-01 -7.2526e-03 +6.9829e-01 +1.6579e+00 -4.7274e-01 -2.1467e+00 +1.1054e+00 -2.1647e+00 +3.1645e+00 -2.4935e+00 -1.4977e+00
464 +2.509024426e+02 +2.509024426e+02 +1.171024426e+02 +1.171024426e+02 -5.0098e-01 +2.1781e+00 -5.5522e-01 +2.7802e-01 -6.4041e-01 -1.3807e+00 -1.0156e+00 +2.1710e+00 +1.2040e-01 -1.1559e-01 +6.1154e-01 +3.4679e-01 -1.2181e+00 -8.9642e-02 +1.3031e-01 +1.8216e+00 +8.5142e-01 +1.0748e+00 +3.6977e-01 -7.7113e-02
24755 +1.561844297e+02 +1.561844297e+02 +2.238442970e+01 +2.238442970e+01 -8.8214e-01 +2.3040e+00 -1.2503e+00 -8.6402e-03 -1.6762e+00 -1.3930e+00 -3.4432e-01 +2.0481e+00 +9.8996e-01 +5.8050e-02 +3.4158e-01 -1.3367e+00 -8.4423e-01 -2.2826e-01 +1.5838e+00 +1.2853e+00 +5.4529e-01 +4.4452e-01 +5.0810e-02 +6.3944e-01
