% function evaluation | noise-free fitness - Fopt (-1.025500000000e+02) | best noise-free fitness - Fopt | measured fitness | best measured fitness | x1 | x2...
1 +6.875014055e+01 +6.875014055e+01 -3.379985945e+01 -3.379985945e+01 -8.1046e-02 -3.2106e+00 -2.9449e+00
3 +4.854171350e+00 +4.854171350e+00 -9.769582865e+01 -9.769582865e+01 -2.8246e+00 +1.2939e+00 +1.5201e-01
12 +1.802997099e+00 +1.802997099e+00 -1.007470029e+02 -1.007470029e+02 -1.7141e+00 +2.2258e+00 -1.4946e+00
90 +1.453710104e+00 +1.453710104e+00 -1.010962899e+02 -1.010962899e+02 -3.6952e+00 +2.7244e+00 -2.8797e+00
335 +2.035451604e-01 +2.035451604e-01 -1.023464548e+02 -1.023464548e+02 -3.7858e+00 +2.7708e+00 -2.8316e+00
4081 +5.747182573e-02 +5.747182573e-02 -1.024925282e+02 -1.024925282e+02 -1.6769e+00 +1.6959e+00 -1.5503e+00
% function evaluation | noise-free fitness - Fopt (7.169000000000e+01) | best noise-free fitness - Fopt | measured fitness | best measured fitness | x1 | x2...
1 +5.684170301e+00 +5.684170301e+00 +7.737417030e+01 +7.737417030e+01 +1.3334e+00 -2.6250e-01 +7.7748e-02
39 +1.021214156e+00 +1.021214156e+00 +7.271121416e+01 +7.271121416e+01 +1.3914e+00 -3.4732e-01 -1.4583e-03
384 +9.926353439e-01 +9.926353439e-01 +7.268263534e+01 +7.268263534e+01 +3.6060e+00 +2.2790e+00 -3.6945e+00
949 +4.135797674e-01 +4.135797674e-01 +7.210357977e+01 +7.210357977e+01 +2.5701e-01 -9.2195e-01 +1.5650e-02
1069 +1.798049605e-01 +1.798049605e-01 +7.186980496e+01 +7.186980496e+01 +2.6604e-01 -8.9223e-01 +5.6372e-02
2184 +9.298270534e-02 +9.298270534e-02 +7.178298271e+01 +7.178298271e+01 +4.4722e-01 -7.9792e-01 -1.6804e-01
3433 +5.753050132e-02 +5.753050132e-02 +7.174753050e+01 +7.174753050e+01 +5.9580e-01 -5.9053e-01 +1.8952e-02
3438 +2.014398275e-02 +2.014398275e-02 +7.171014398e+01 +7.171014398e+01 +5.5781e-01 -6.4885e-01 -2.0714e-01
% function evaluation | noise-free fitness - Fopt (2.140100000000e+02) | best noise-free fitness - Fopt | measured fitness | best measured fitness | x1 | x2...
1 +6.495303126e+01 +6.495303126e+01 +2.789630313e+02 +2.789630313e+02 +3.5130e+00 -1.5610e+00 +3.4178e+00
2 +3.192247202e+01 +3.192247202e+01 +2.459324720e+02 +2.459324720e+02 -4.3239e-02 +1.9232e+00 -3.1824e+00
3 +1.114826237e+01 +1.114826237e+01 +2.251582624e+02 +2.251582624e+02 -1.7650e+00 -1.2274e+00 -3.4709e+00
4 +8.260812337e+00 +8.260812337e+00 +2.222708123e+02 +2.222708123e+02 +2.3479e-01 -5.6840e-01 +3.8473e+00
31 +2.293007836e+00 +2.293007836e+00 +2.163030078e+02 +2.163030078e+02 +2.0446e+00 -1.9423e+00 +3.4018e-01
123 +1.531244092e+00 +1.531244092e+00 +2.155412441e+02 +2.155412441e+02 -1.1117e+00 -1.6838e-01 +3.7248e+00
1607 +9.634803113e-01 +9.634803113e-01 +2.149734803e+02 +2.149734803e+02 -2.9741e-01 +5.6863e-01 +2.5379e+00
% function evaluation | noise-free fitness - Fopt (-5.848000000000e+01) | best noise-free fitness - Fopt | measured fitness | best measured fitness | x1 | x2...
1 +1.600451663e+01 +1.600451663e+01 -4.247548337e+01 -4.247548337e+01 +2.8173e+00 -1.6058e+00 -2.1117e+00
2 +1.298672110e+01 +1.298672110e+01 -4.549327890e+01 -4.549327890e+01 -2.6037e+00 -1.8049e+00 -2.6484e+00
5 +1.073581146e+00 +1.073581146e+00 -5.740641885e+01 -5.740641885e+01 +2.7101e-01 -8.4516e-01 +1.0014e+00
164 +7.015425722e-01 +7.015425722e-01 -5.777845743e+01 -5.777845743e+01 +2.3515e-01 -8.2265e-01 +8.9538e-01
254 +4.002787119e-01 +4.002787119e-01 -5.807972129e+01 -5.807972129e+01 +6.7758e-01 +9.2777e-01 +1.5284e-01
258 +1.657236199e-01 +1.657236199e-01 -5.831427638e+01 -5.831427638e+01 +7.5186e-01 +9.5302e-01 +1.4615e-01
2196 +2.085721788e-02 +2.085721788e-02 -5.845914278e+01 -5.845914278e+01 -3.0024e-01 -9.3889e-01 +4.3115e-01
2578 +7.440111770e-03 +7.440111770e-03 -5.847255989e+01 -5.847255989e+01 -3.1808e-01 -1.0030e+00 +4.1660e-01
2705 +1.372334981e-03 +1.372334981e-03 -5.847862767e+01 -5.847862767e+01 -2.9737e-01 -9.3931e-01 +4.2017e-01
% function evaluation | noise-free fitness - Fopt (-6.130800000000e+02) | best noise-free fitness - Fopt | measured fitness | best measured fitness | x1 | x2...
1 +4.760786327e+01 +4.760786327e+01 -5.654721367e+02 -5.654721367e+02 -1.0245e+00 -9.8600e-01 -3.9865e+00
3 +1.180729878e+01 +1.180729878e+01 -6.012727012e+02 -6.012727012e+02 +1.9892e+00 -1.2503e+00 -1.4808e+00
10 +9.813659119e+00 +9.813659119e+00 -6.032663409e+02 -6.032663409e+02 +1.0001e+00 -5.6246e-02 -1.2000e+00
20 +5.044283057e+00 +5.044283057e+00 -6.080357169e+02 -6.080357169e+02 +1.2523e+00 +8.0178e-01 +2.6399e+00
22 +7.731675917e-01 +7.731675917e-01 -6.123068324e+02 -6.123068324e+02 +1.0904e+00 +1.2896e-02 -1.1230e+00
551 +6.070693414e-01 +6.070693414e-01 -6.124729307e+02 -6.124729307e+02 +1.0621e+00 -9.3510e-02 -1.1049e+00
% function evaluation | noise-free fitness - Fopt (-1.000000000000e+03) | best noise-free fitness - Fopt | measured fitness | best measured fitness | x1 | x2...
1 +1.707912887e+01 +1.707912887e+01 -9.829208711e+02 -9.829208711e+02 +2.2970e+00 -2.0915e+00 +3.0498e+00
3 +1.462636717e+01 +1.462636717e+01 -9.853736328e+02 -9.853736328e+02 -3.3627e+00 +2.4782e+00 +2.3481e+00
22 +5.360376991e+00 +5.360376991e+00 -9.946396230e+02 -9.946396230e+02 +2.6228e+00 -3.3173e+00 -1.9126e+00
93 +1.404273515e+00 +1.404273515e+00 -9.985957265e+02 -9.985957265e+02 -1.3486e+00 -9.8078e-01 -8.6108e-01
333 +3.618239871e-01 +3.618239871e-01 -9.996381760e+02 -9.996381760e+02 -1.0055e+00 -1.0283e+00 -5.0940e-01
594 +1.940585784e-01 +1.940585784e-01 -9.998059414e+02 -9.998059414e+02 +2.1039e-01 -1.0283e+00 -2.4311e-01
3615 +1.531393262e-01 +1.531393262e-01 -9.998468607e+02 -9.998468607e+02 -8.6864e-01 -1.0574e+00 -6.4730e-01
% function evaluation | noise-free fitness - Fopt (-4.841800000000e+02) | best noise-free fitness - Fopt | measured fitness | best measured fitness | x1 | x2...
1 +1.752880378e+01 +1.752880378e+01 -4.666511962e+02 -4.666511962e+02 -9.8452e-01 -6.7432e-01 -2.5069e+00
2 +1.345434331e+01 +1.345434331e+01 -4.707256567e+02 -4.707256567e+02 -2.5499e+00 -1.2937e+00 +1.0819e+00
5 +3.448138766e+00 +3.448138766e+00 -4.807318612e+02 -4.807318612e+02 -6.5463e-01 -1.2634e+00 +7.3155e-01
154 +4.809364741e-01 +4.809364741e-01 -4.836990635e+02 -4.836990635e+02 -9.2307e-01 -8.7163e-01 +1.1245e+00
558 +3.796512773e-01 +3.796512773e-01 -4.838003487e+02 -4.838003487e+02 -6.4635e-01 -1.2993e+00 +7.5530e-01
2455 +2.432673780e-01 +2.432673780e-01 -4.839367326e+02 -4.839367326e+02 -3.4542e-01 -9.5883e-01 +9.4000e-01
% function evaluation | noise-free fitness - Fopt (-2.504000000000e+01) | best noise-free fitness - Fopt | measured fitness | best measured fitness | x1 | x2...
1 +4.707639122e+01 +4.707639122e+01 +2.203639122e+01 +2.203639122e+01 -1.7568e+00 -9.6328e-01 -3.3457e+00
2 +2.449787354e+01 +2.449787354e+01 -5.421264567e-01 -5.421264567e-01 +3.4776e+00 +1.8972e+00 -2.2397e-01
3 +4.605826693e+00 +4.605826693e+00 -2.043417331e+01 -2.043417331e+01 +7.6982e-01 +1.9876e+00 -3.1058e+00
86 +3.805806396e+00 +3.805806396e+00 -2.123419360e+01 -2.123419360e+01 +2.3956e+00 +7.7993e-01 +5.4041e-01
114 +1.608454951e+00 +1.608454951e+00 -2.343154505e+01 -2.343154505e+01 -6.3831e-01 +2.0583e+00 -1.4109e+00
203 +5.116065238e-01 +5.116065238e-01 -2.452839348e+01 -2.452839348e+01 +1.2419e+00 +4.0906e-01 +4.9249e-01
% function evaluation | noise-free fitness - Fopt (-1.411900000000e+02) | best noise-free fitness - Fopt | measured fitness | best measured fitness | x1 | x2...
1 +4.073177511e+01 +4.073177511e+01 -1.004582249e+02 -1.004582249e+02 -7.9710e-01 -3.3882e+00 -2.6718e+00
2 +1.557534664e+01 +1.557534664e+01 -1.256146534e+02 -1.256146534e+02 -3.6164e+00 +9.0300e-01 -1.5972e+00
13 +2.791392473e+00 +2.791392473e+00 -1.383986075e+02 -1.383986075e+02 -3.1119e-01 -1.9504e+00 +8.2731e-01
24 +3.502720328e-01 +3.502720328e-01 -1.408397280e+02 -1.408397280e+02 -1.7082e+00 +3.3891e-01 +2.6073e-01
294 +1.484525662e-01 +1.484525662e-01 -1.410415474e+02 -1.410415474e+02 -1.9594e-01 -1.8960e+00 +8.7704e-01
3563 +9.100433448e-02 +9.100433448e-02 -1.410989957e+02 -1.410989957e+02 -6.2273e-01 -1.5326e+00 +4.6137e-01
% function evaluation | noise-free fitness - Fopt (4.889000000000e+02) | best noise-free fitness - Fopt | measured fitness | best measured fitness | x1 | x2...
1 +1.110630552e+02 +1.110630552e+02 +5.999630552e+02 +5.999630552e+02 -3.3307e+00 -3.7538e+00 +1.6534e-01
2 +1.320370527e+01 +1.320370527e+01 +5.021037053e+02 +5.021037053e+02 +1.9641e+00 -3.9149e+00 -3.5267e+00
16 +6.919454284e+00 +6.919454284e+00 +4.958194543e+02 +4.958194543e+02 +9.4482e-01 +9.7480e-01 -8.3339e-01
23 +4.781838761e+00 +4.781838761e+00 +4.936818388e+02 +4.936818388e+02 -6.5250e-01 -9.0187e-01 -5.4952e-01
31 +1.439865453e+00 +1.439865453e+00 +4.903398655e+02 +4.903398655e+02 +1.0046e+00 +9.9395e-01 -9.1127e-01
40 +3.309721417e-01 +3.309721417e-01 +4.892309721e+02 +4.892309721e+02 +9.2455e-01 +9.6667e-01 -7.5074e-01
428 +2.078353631e-01 +2.078353631e-01 +4.891078354e+02 +4.891078354e+02 +4.5357e-01 -1.8689e-01 -6.9618e-01
% function evaluation | noise-free fitness - Fopt (1.190000000000e+00) | best noise-free fitness - Fopt | measured fitness | best measured fitness | x1 | x2...
1 +8.900619320e+01 +8.900619320e+01 +9.019619320e+01 +9.019619320e+01 +2.7591e+00 +3.9166e+00 +3.0124e+00
2 +4.590504311e+01 +4.590504311e+01 +4.709504311e+01 +4.709504311e+01 +3.9513e+00 -2.7945e+00 -1.3161e+00
3 +1.271363108e+01 +1.271363108e+01 +1.390363108e+01 +1.390363108e+01 +1.7268e+00 +1.8300e+00 -3.9103e+00
6 +5.105899086e+00 +5.105899086e+00 +6.295899086e+00 +6.295899086e+00 -2.1159e-01 -1.2294e-01 -1.3656e+00
29 +1.543967733e+00 +1.543967733e+00 +2.733967733e+00 +2.733967733e+00 -3.0514e-01 -5.0576e-02 -1.2686e+00
74 +7.277746273e-01 +7.277746273e-01 +1.917774627e+00 +1.917774627e+00 -5.1950e-01 +1.2444e-01 +1.1179e+00
356 +6.286674268e-01 +6.286674268e-01 +1.818667427e+00 +1.818667427e+00 -4.3983e-01 +1.6170e-01 +1.0905e+00
4149 +3.298245547e-01 +3.298245547e-01 +1.519824555e+00 +1.519824555e+00 -6.2183e-01 +1.6431e-01 -1.4974e+00
% function evaluation | noise-free fitness - Fopt (-6.097000000000e+01) | best noise-free fitness - Fopt | measured fitness | best measured fitness | x1 | x2...
1 +3.917616590e+01 +3.917616590e+01 -2.179383410e+01 -2.179383410e+01 +3.4660e+00 -3.6878e+00 -5.1093e-01
3 +2.370236169e+01 +2.370236169e+01 -3.726763831e+01 -3.726763831e+01 -8.7156e-01 -3.8134e+00 -1.9020e+00
6 +1.117142845e+01 +1.117142845e+01 -4.979857155e+01 -4.979857155e+01 +7.8704e-01 +3.6919e+00 +1.8319e+00
12 +8.408900639e+00 +8.408900639e+00 -5.256109936e+01 -5.256109936e+01 +1.2495e+00 +3.4364e+00 -2.7152e+00
29 +4.412703239e+00 +4.412703239e+00 -5.655729676e+01 -5.655729676e+01 -6.7898e-01 +1.6883e+00 -1.0724e+00
30 +3.188669384e+00 +3.188669384e+00 -5.778133062e+01 -5.778133062e+01 -5.8613e-01 +1.7343e+00 -1.2286e+00
39 +2.380201153e+00 +2.380201153e+00 -5.858979885e+01 -5.858979885e+01 +7.7814e-01 +3.7712e+00 +1.7942e+00
85 +1.135138166e+00 +1.135138166e+00 -5.983486183e+01 -5.983486183e+01 -2.5483e+00 +1.3954e+00 +7.4122e-02
127 +8.274692452e-01 +8.274692452e-01 -6.014253075e+01 -6.014253075e+01 -6.0227e-01 -1.5930e+00 -1.3371e+00
215 +3.281710912e-01 +3.281710912e-01 -6.064182891e+01 -6.064182891e+01 +3.0151e-01 -7.4710e-01 -2.7122e-01
221 +1.111678473e-01 +1.111678473e-01 -6.085883215e+01 -6.085883215e+01 +3.5112e-01 -7.1011e-01 -2.7371e-01
745 +1.591376779e-02 +1.591376779e-02 -6.095408623e+01 -6.095408623e+01 +3.5076e-01 +6.3226e-01 +3.9644e-01
2760 +1.082506940e-02 +1.082506940e-02 -6.095917493e+01 -6.095917493e+01 +2.2313e-01 +1.1047e-01 +4.0442e-01
% function evaluation | noise-free fitness - Fopt (1.000000000000e+03) | best noise-free fitness - Fopt | measured fitness | best measured fitness | x1 | x2...
1 +7.071422568e+00 +7.071422568e+00 +1.007071423e+03 +1.007071423e+03 -2.6603e+00 +6.3347e-01 +3.4238e-01
3 +2.610229909e+00 +2.610229909e+00 +1.002610230e+03 +1.002610230e+03 -4.3840e-01 +5.8271e-01 -2.2053e-01
38 +1.897113110e+00 +1.897113110e+00 +1.001897113e+03 +1.001897113e+03 +6.2185e-01 +2.6734e+00 +2.5620e+00
229 +9.244014182e-01 +9.244014182e-01 +1.000924401e+03 +1.000924401e+03 +1.3872e+00 +1.7554e+00 -3.1684e-01
1248 +4.378838726e-01 +4.378838726e-01 +1.000437884e+03 +1.000437884e+03 +1.7388e+00 +1.0106e+00 -8.5079e-01
% function evaluation | noise-free fitness - Fopt (5.100000000000e-01) | best noise-free fitness - Fopt | measured fitness | best measured fitness | x1 | x2...
1 +2.256630689e+01 +2.256630689e+01 +2.307630689e+01 +2.307630689e+01 -1.6938e+00 -1.3052e+00 -2.6781e-01
3 +5.679309580e+00 +5.679309580e+00 +6.189309580e+00 +6.189309580e+00 -2.0689e+00 +1.6033e+00 -8.7618e-01
36 +2.906147444e+00 +2.906147444e+00 +3.416147444e+00 +3.416147444e+00 -1.1469e+00 -2.2714e-01 -3.9401e-01
85 +2.098227808e+00 +2.098227808e+00 +2.608227808e+00 +2.608227808e+00 +5.1959e-02 +1.4656e+00 +1.9679e+00
210 +1.051680010e+00 +1.051680010e+00 +1.561680010e+00 +1.561680010e+00 -9.7384e-01 +2.4509e+00 +9.9015e-01
% function evaluation | noise-free fitness - Fopt (9.318000000000e+01) | best noise-free fitness - Fopt | measured fitness | best measured fitness | x1 | x2...
1 +5.828206958e+00 +5.828206958e+00 +9.900820696e+01 +9.900820696e+01 -9.0544e-01 -1.7688e+00 -6.9281e-01
36 +1.572791735e+00 +1.572791735e+00 +9.475279173e+01 +9.475279173e+01 +2.8170e-03 +9.4038e-01 -1.0022e+00
225 +3.928252645e-01 +3.928252645e-01 +9.357282526e+01 +9.357282526e+01 +4.0680e-01 +1.0812e+00 +1.4832e+00
421 +2.477055244e-01 +2.477055244e-01 +9.342770552e+01 +9.342770552e+01 +7.0976e-02 +1.1080e+00 -9.6848e-01
429 +8.103764160e-02 +8.103764160e-02 +9.326103764e+01 +9.326103764e+01 -3.7536e-02 +9.3903e-01 -1.0200e+00
1937 +3.747448228e-03 +3.747448228e-03 +9.318374745e+01 +9.318374745e+01 -1.2654e-01 +5.4506e-01 -5.3317e-01
4086 +1.501850837e-03 +1.501850837e-03 +9.318150185e+01 +9.318150185e+01 -1.9188e-01 +3.9570e-01 -4.4186e-01
