% function evaluation | noise-free fitness - Fopt (-2.098800000000e+02) | best noise-free fitness - Fopt | measured fitness | best measured fitness | x1 | x2...
1 +9.144831557e+06 +9.144831557e+06 +9.144621677e+06 +9.144621677e+06 +3.4957e+00 -2.6401e+00
2 +4.093143137e+06 +4.093143137e+06 +4.092933257e+06 +4.092933257e+06 -1.0346e-01 -1.5546e+00
8 +3.919354828e+06 +3.919354828e+06 +3.919144948e+06 +3.919144948e+06 -3.1733e+00 -1.4935e+00
12 +2.900342191e+05 +2.900342191e+05 +2.898243391e+05 +2.898243391e+05 +9.4006e-01 +9.6908e-01
16 +1.663855436e+05 +1.663855436e+05 +1.661756636e+05 +1.661756636e+05 -1.4551e+00 +8.8051e-01
35 +4.042333216e+03 +4.042333216e+03 +3.832453216e+03 +3.832453216e+03 +2.3065e+00 +3.7867e-01
106 +4.996233256e+01 +4.996233256e+01 -1.599176674e+02 -1.599176674e+02 +7.5787e-01 +4.4039e-01
218 +2.015804344e+01 +2.015804344e+01 -1.897219566e+02 -1.897219566e+02 -3.0725e+00 +4.4665e-01
535 +7.711721472e+00 +7.711721472e+00 -2.021682785e+02 -2.021682785e+02 +1.2151e-01 +4.4539e-01
907 +7.553147142e-01 +7.553147142e-01 -2.091246853e+02 -2.091246853e+02 +1.1347e+00 +4.4709e-01
929 +3.346009267e-01 +3.346009267e-01 -2.095453991e+02 -2.095453991e+02 +1.3399e+00 +4.4856e-01
% function evaluation | noise-free fitness - Fopt (-9.209000000000e+01) | best noise-free fitness - Fopt | measured fitness | best measured fitness | x1 | x2...
1 +1.882097655e+06 +1.882097655e+06 +1.882005565e+06 +1.882005565e+06 +2.5356e+00 +3.8849e+00
4 +6.607734492e+05 +6.607734492e+05 +6.606813592e+05 +6.606813592e+05 +1.6380e+00 +3.5074e+00
6 +1.102146718e+05 +1.102146718e+05 +1.101225818e+05 +1.101225818e+05 -3.7314e+00 +2.9462e+00
18 +6.756561743e+04 +6.756561743e+04 +6.747352743e+04 +6.747352743e+04 -1.3406e+00 +2.3611e+00
19 +2.159805981e+03 +2.159805981e+03 +2.067715981e+03 +2.067715981e+03 -2.4995e+00 +2.5781e+00
126 +8.681383766e+00 +8.681383766e+00 -8.340861623e+01 -8.340861623e+01 -6.0183e-01 +2.6242e+00
448 +2.253179031e+00 +2.253179031e+00 -8.983682097e+01 -8.983682097e+01 +1.9782e+00 +2.6210e+00
% function evaluation | noise-free fitness - Fopt (-8.789000000000e+01) | best noise-free fitness - Fopt | measured fitness | best measured fitness | x1 | x2...
1 +4.120827182e+06 +4.120827182e+06 +4.120739292e+06 +4.120739292e+06 -3.6063e+00 +1.6334e+00
4 +2.494298266e+06 +2.494298266e+06 +2.494210376e+06 +2.494210376e+06 +1.3237e+00 +2.2001e+00
7 +5.559335624e+02 +5.559335624e+02 +4.680435624e+02 +4.680435624e+02 -3.8648e+00 +3.6680e+00
101 +1.872770380e+02 +1.872770380e+02 +9.938703805e+01 +9.938703805e+01 +1.9288e+00 +3.6590e+00
114 +4.105340828e+01 +4.105340828e+01 -4.683659172e+01 -4.683659172e+01 -2.8550e+00 +3.6516e+00
374 +3.568602960e+01 +3.568602960e+01 -5.220397040e+01 -5.220397040e+01 -5.1589e+00 +3.6488e+00
536 +1.958671230e+01 +1.958671230e+01 -6.830328770e+01 -6.830328770e+01 -1.6958e+00 +3.6419e+00
855 +5.021695633e+00 +5.021695633e+00 -8.286830437e+01 -8.286830437e+01 +1.1636e-01 +3.6477e+00
1399 +1.463858862e+00 +1.463858862e+00 -8.642614114e+01 -8.642614114e+01 +6.7542e-01 +3.6467e+00
% function evaluation | noise-free fitness - Fopt (3.201900000000e+02) | best noise-free fitness - Fopt | measured fitness | best measured fitness | x1 | x2...
1 +2.165498291e+07 +2.165498291e+07 +2.165530310e+07 +2.165530310e+07 -3.6777e-01 +2.3136e+00
2 +3.025407517e+06 +3.025407517e+06 +3.025727707e+06 +3.025727707e+06 -2.3901e+00 -5.1896e-01
4 +3.387990088e+05 +3.387990088e+05 +3.391191988e+05 +3.391191988e+05 +3.2876e+00 -1.8134e+00
5 +1.004480919e+05 +1.004480919e+05 +1.007682819e+05 +1.007682819e+05 +3.2587e+00 -2.0529e+00
18 +2.674700308e+04 +2.674700308e+04 +2.706719308e+04 +2.706719308e+04 -3.3322e+00 -2.1953e+00
20 +2.003709493e+04 +2.003709493e+04 +2.035728493e+04 +2.035728493e+04 -1.3921e+00 -2.2133e+00
63 +1.463901298e+04 +1.463901298e+04 +1.495920298e+04 +1.495920298e+04 +3.3898e+00 -2.2408e+00
103 +1.829618324e+03 +1.829618324e+03 +2.149808324e+03 +2.149808324e+03 +3.0970e+00 -2.4005e+00
144 +1.127145204e+03 +1.127145204e+03 +1.447335204e+03 +1.447335204e+03 -4.0077e+00 -2.3928e+00
161 +2.894276263e+02 +2.894276263e+02 +6.096176263e+02 +6.096176263e+02 +3.4825e+00 -2.3770e+00
173 +2.875005722e+01 +2.875005722e+01 +3.489400572e+02 +3.489400572e+02 -5.6911e-01 -2.3658e+00
296 +2.296985033e+00 +2.296985033e+00 +3.224869850e+02 +3.224869850e+02 -1.2045e+00 -2.3594e+00
997 +8.402932075e-01 +8.402932075e-01 +3.210302932e+02 +3.210302932e+02 -1.1340e-01 -2.3599e+00
% function evaluation | noise-free fitness - Fopt (-1.042400000000e+02) | best noise-free fitness - Fopt | measured fitness | best measured fitness | x1 | x2...
1 +1.530249168e+05 +1.530249168e+05 +1.529206768e+05 +1.529206768e+05 -2.7934e+00 -3.5050e+00
10 +4.381720493e+02 +4.381720493e+02 +3.339320493e+02 +3.339320493e+02 -2.2722e+00 -3.8991e+00
51 +2.013953661e+02 +2.013953661e+02 +9.715536611e+01 +9.715536611e+01 +3.0717e+00 -3.9337e+00
60 +4.074839010e+01 +4.074839010e+01 -6.349160990e+01 -6.349160990e+01 -1.7713e+00 -3.9137e+00
69 +7.371032419e+00 +7.371032419e+00 -9.686896758e+01 -9.686896758e+01 -1.3599e+00 -3.9221e+00
676 +8.227733599e-01 +8.227733599e-01 -1.034172266e+02 -1.034172266e+02 -2.2817e-01 -3.9193e+00
% function evaluation | noise-free fitness - Fopt (-1.000000000000e+03) | best noise-free fitness - Fopt | measured fitness | best measured fitness | x1 | x2...
1 +9.605994340e+04 +9.605994340e+04 +9.505994340e+04 +9.505994340e+04 +2.0444e-01 -3.9474e+00
10 +5.025928780e+02 +5.025928780e+02 -4.974071220e+02 -4.974071220e+02 +3.5940e+00 -3.6202e+00
128 +7.183434481e+01 +7.183434481e+01 -9.281656552e+02 -9.281656552e+02 +3.3682e+00 -3.6477e+00
232 +1.701310512e+01 +1.701310512e+01 -9.829868949e+02 -9.829868949e+02 +1.5556e+00 -3.6423e+00
2075 +7.532097841e-02 +7.532097841e-02 -9.999246790e+02 -9.999246790e+02 -2.4783e+00 -3.6419e+00
% function evaluation | noise-free fitness - Fopt (-3.629000000000e+01) | best noise-free fitness - Fopt | measured fitness | best measured fitness | x1 | x2...
1 +1.557679864e+07 +1.557679864e+07 +1.557676235e+07 +1.557676235e+07 +3.4493e+00 +8.1647e-01
7 +3.859055284e+06 +3.859055284e+06 +3.859018994e+06 +3.859018994e+06 -2.3614e-01 -1.1570e+00
13 +3.953731285e+04 +3.953731285e+04 +3.950102285e+04 +3.950102285e+04 +1.3509e+00 -2.9460e+00
93 +2.577829287e+01 +2.577829287e+01 -1.051170713e+01 -1.051170713e+01 +2.8053e+00 -3.1375e+00
380 +2.144824867e+01 +2.144824867e+01 -1.484175133e+01 -1.484175133e+01 +3.6360e+00 -3.1466e+00
1208 +8.290395662e+00 +8.290395662e+00 -2.799960434e+01 -2.799960434e+01 -2.6174e-02 -3.1433e+00
1382 +6.107939730e+00 +6.107939730e+00 -3.018206027e+01 -3.018206027e+01 +3.3960e-01 -3.1417e+00
% function evaluation | noise-free fitness - Fopt (-4.840000000000e+01) | best noise-free fitness - Fopt | measured fitness | best measured fitness | x1 | x2...
1 +1.894155330e+06 +1.894155330e+06 +1.894106930e+06 +1.894106930e+06 +2.7888e+00 -1.6547e+00
2 +1.057059296e+05 +1.057059296e+05 +1.056575296e+05 +1.056575296e+05 +3.6157e+00 -3.2446e+00
20 +1.002050234e+03 +1.002050234e+03 +9.536502345e+02 +9.536502345e+02 +7.2977e-02 -2.8911e+00
59 +2.941122875e+01 +2.941122875e+01 -1.898877125e+01 -1.898877125e+01 +1.5506e+00 -2.9201e+00
278 +1.003609013e+01 +1.003609013e+01 -3.836390987e+01 -3.836390987e+01 +2.3913e+00 -2.9282e+00
1952 +9.938739098e+00 +9.938739098e+00 -3.846126090e+01 -3.846126090e+01 +3.5854e+00 -2.9248e+00
% function evaluation | noise-free fitness - Fopt (1.000000000000e+03) | best noise-free fitness - Fopt | measured fitness | best measured fitness | x1 | x2...
1 +8.208661172e+06 +8.208661172e+06 +8.209661172e+06 +8.209661172e+06 -2.7667e+00 -1.2297e-01
6 +1.118767999e+06 +1.118767999e+06 +1.119767999e+06 +1.119767999e+06 +2.3236e+00 -1.9567e+00
8 +2.058994548e+05 +2.058994548e+05 +2.068994548e+05 +2.068994548e+05 -2.3007e+00 -2.5184e+00
13 +4.092474234e+04 +4.092474234e+04 +4.192474234e+04 +4.192474234e+04 +1.2066e+00 -3.1849e+00
69 +1.433080206e+04 +1.433080206e+04 +1.533080206e+04 +1.533080206e+04 -1.8741e+00 -2.8698e+00
103 +9.924581858e+03 +9.924581858e+03 +1.092458186e+04 +1.092458186e+04 +5.4515e-01 -3.0899e+00
113 +9.518622503e+02 +9.518622503e+02 +1.951862250e+03 +1.951862250e+03 +1.0904e+00 -2.9550e+00
174 +1.707347168e+02 +1.707347168e+02 +1.170734717e+03 +1.170734717e+03 -5.6760e-01 -2.9746e+00
301 +8.078166335e+00 +8.078166335e+00 +1.008078166e+03 +1.008078166e+03 -6.6315e-01 -2.9868e+00
929 +4.911477219e-01 +4.911477219e-01 +1.000491148e+03 +1.000491148e+03 -2.7438e+00 -2.9872e+00
% function evaluation | noise-free fitness - Fopt (3.261100000000e+02) | best noise-free fitness - Fopt | measured fitness | best measured fitness | x1 | x2...
1 +1.991771126e+07 +1.991771126e+07 +1.991803737e+07 +1.991803737e+07 -3.1657e+00 -2.0352e+00
2 +1.405498344e+07 +1.405498344e+07 +1.405530955e+07 +1.405530955e+07 -2.7481e+00 -1.3021e+00
3 +9.492714052e+05 +9.492714052e+05 +9.495975152e+05 +9.495975152e+05 -6.5086e-01 +3.4302e+00
7 +4.416675037e+03 +4.416675037e+03 +4.742785037e+03 +4.742785037e+03 -3.8916e+00 +2.5167e+00
45 +2.860487911e+03 +2.860487911e+03 +3.186597911e+03 +3.186597911e+03 +3.3090e+00 +2.3915e+00
104 +8.319389903e+01 +8.319389903e+01 +4.093038990e+02 +4.093038990e+02 -1.3249e+00 +2.4526e+00
259 +1.811079539e+01 +1.811079539e+01 +3.442207954e+02 +3.442207954e+02 -3.3089e+00 +2.4401e+00
838 +4.183756166e+00 +4.183756166e+00 +3.302937562e+02 +3.302937562e+02 -1.5234e+00 +2.4436e+00
1485 +3.973365687e+00 +3.973365687e+00 +3.300833657e+02 +3.300833657e+02 -1.8501e+00 +2.4452e+00
% function evaluation | noise-free fitness - Fopt (-4.682000000000e+01) | best noise-free fitness - Fopt | measured fitness | best measured fitness | x1 | x2...
1 +1.142233608e+07 +1.142233608e+07 +1.142228926e+07 +1.142228926e+07 -2.2946e+00 +3.9701e+00
2 +9.415729765e+06 +9.415729765e+06 +9.415682945e+06 +9.415682945e+06 -1.7813e+00 -2.6252e+00
4 +4.319138704e+05 +4.319138704e+05 +4.318670504e+05 +4.318670504e+05 -5.8799e-01 -2.1545e-01
5 +1.562747418e+04 +1.562747418e+04 +1.558065418e+04 +1.558065418e+04 -2.7254e+00 +6.3110e-01
75 +3.908028015e+03 +3.908028015e+03 +3.861208015e+03 +3.861208015e+03 +2.6943e+00 +4.3536e-01
129 +4.221714166e+01 +4.221714166e+01 -4.602858340e+00 -4.602858340e+00 +1.5436e+00 +4.9640e-01
325 +3.022674053e+00 +3.022674053e+00 -4.379732595e+01 -4.379732595e+01 -2.0018e-01 +5.0231e-01
% function evaluation | noise-free fitness - Fopt (-5.563000000000e+01) | best noise-free fitness - Fopt | measured fitness | best measured fitness | x1 | x2...
1 +4.087059169e+06 +4.087059169e+06 +4.087003539e+06 +4.087003539e+06 +3.8226e+00 -1.5781e+00
2 +5.488747291e+05 +5.488747291e+05 +5.488190991e+05 +5.488190991e+05 +9.6516e-01 +1.2343e+00
21 +1.828741447e+03 +1.828741447e+03 +1.773111447e+03 +1.773111447e+03 +1.1821e+00 +4.6502e-01
111 +1.060624054e+03 +1.060624054e+03 +1.004994054e+03 +1.004994054e+03 +3.5606e+00 +3.9107e-01
164 +1.463062419e+02 +1.463062419e+02 +9.067624191e+01 +9.067624191e+01 -2.3398e+00 +4.3373e-01
169 +1.275383977e+01 +1.275383977e+01 -4.287616023e+01 -4.287616023e+01 +2.0867e+00 +4.2600e-01
234 +6.063261742e+00 +6.063261742e+00 -4.956673826e+01 -4.956673826e+01 -4.1875e-01 +4.2134e-01
% function evaluation | noise-free fitness - Fopt (3.460000000000e+01) | best noise-free fitness - Fopt | measured fitness | best measured fitness | x1 | x2...
1 +1.031421282e+06 +1.031421282e+06 +1.031455882e+06 +1.031455882e+06 +3.3489e+00 +2.4651e+00
3 +3.706091374e+05 +3.706091374e+05 +3.706437374e+05 +3.706437374e+05 +6.2044e-01 +2.0218e+00
9 +4.835977311e+04 +4.835977311e+04 +4.839437311e+04 +4.839437311e+04 +3.7879e+00 +1.6763e+00
75 +2.381443312e+04 +2.381443312e+04 +2.384903312e+04 +2.384903312e+04 +1.7719e+00 +1.6150e+00
112 +4.343559023e+03 +4.343559023e+03 +4.378159023e+03 +4.378159023e+03 +1.8735e+00 +1.3844e+00
135 +7.794891093e+02 +7.794891093e+02 +8.140891093e+02 +8.140891093e+02 -2.6446e+00 +1.4823e+00
200 +5.578786669e+01 +5.578786669e+01 +9.038786669e+01 +9.038786669e+01 +2.9448e+00 +1.4642e+00
398 +1.489053306e+01 +1.489053306e+01 +4.949053306e+01 +4.949053306e+01 +4.5156e+00 +1.4536e+00
1126 +9.388959820e+00 +9.388959820e+00 +4.398895982e+01 +4.398895982e+01 +2.0502e+00 +1.4601e+00
1265 +4.769782141e+00 +4.769782141e+00 +3.936978214e+01 +3.936978214e+01 +2.9151e+00 +1.4545e+00
% function evaluation | noise-free fitness - Fopt (8.816000000000e+01) | best noise-free fitness - Fopt | measured fitness | best measured fitness | x1 | x2...
1 +3.447865402e+07 +3.447865402e+07 +3.447874218e+07 +3.447874218e+07 +1.5301e+00 -2.3737e+00
2 +4.171668317e+06 +4.171668317e+06 +4.171756477e+06 +4.171756477e+06 +2.8552e+00 +1.8136e+00
5 +2.545885736e+06 +2.545885736e+06 +2.545973896e+06 +2.545973896e+06 +3.4212e+00 +2.3818e+00
11 +6.660065035e+05 +6.660065035e+05 +6.660946635e+05 +6.660946635e+05 -1.0987e+00 +2.9794e+00
36 +5.405898953e+05 +5.405898953e+05 +5.406780553e+05 +5.406780553e+05 +2.2746e+00 +3.0479e+00
40 +4.710801762e+04 +4.710801762e+04 +4.719617762e+04 +4.719617762e+04 -3.7258e+00 +3.6280e+00
63 +1.508168631e+04 +1.508168631e+04 +1.516984631e+04 +1.516984631e+04 -1.6904e+00 +3.7233e+00
104 +3.146098196e+01 +3.146098196e+01 +1.196209820e+02 +1.196209820e+02 +2.0294e+00 +3.8387e+00
271 +6.661409992e+00 +6.661409992e+00 +9.482140999e+01 +9.482140999e+01 -1.2465e-01 +3.8457e+00
506 +2.349599442e+00 +2.349599442e+00 +9.050959944e+01 +9.050959944e+01 -7.1598e-01 +3.8417e+00
1668 +1.117478186e+00 +1.117478186e+00 +8.927747819e+01 +8.927747819e+01 -8.0593e-01 +3.8442e+00
% function evaluation | noise-free fitness - Fopt (-1.866200000000e+02) | best noise-free fitness - Fopt | measured fitness | best measured fitness | x1 | x2...
1 +5.324227183e+05 +5.324227183e+05 +5.322360983e+05 +5.322360983e+05 -3.0807e+00 -3.5423e+00
9 +5.284667030e+04 +5.284667030e+04 +5.266005030e+04 +5.266005030e+04 -1.6192e+00 -2.9817e+00
12 +2.504360522e+04 +2.504360522e+04 +2.485698522e+04 +2.485698522e+04 +2.6237e+00 -2.5907e+00
50 +6.588444187e+03 +6.588444187e+03 +6.401824187e+03 +6.401824187e+03 -1.6878e+00 -2.8400e+00
104 +5.872391127e+03 +5.872391127e+03 +5.685771127e+03 +5.685771127e+03 +2.5051e+00 -2.8359e+00
105 +3.105916026e+03 +3.105916026e+03 +2.919296026e+03 +2.919296026e+03 +3.0850e+00 -2.7015e+00
114 +1.217583585e+03 +1.217583585e+03 +1.030963585e+03 +1.030963585e+03 -9.0521e-01 -2.7851e+00
155 +2.984093345e+02 +2.984093345e+02 +1.117893345e+02 +1.117893345e+02 +1.6254e-01 -2.7340e+00
229 +1.735893965e+02 +1.735893965e+02 -1.303060348e+01 -1.303060348e+01 -2.3160e+00 -2.7644e+00
239 +7.002143650e+01 +7.002143650e+01 -1.165985635e+02 -1.165985635e+02 +8.3494e-01 -2.7609e+00
247 +6.309899984e+00 +6.309899984e+00 -1.803101000e+02 -1.803101000e+02 +4.0869e-01 -2.7502e+00
1078 +2.219691699e+00 +2.219691699e+00 -1.844003083e+02 -1.844003083e+02 +1.3488e+00 -2.7505e+00
1525 +1.355037304e+00 +1.355037304e+00 -1.852649627e+02 -1.852649627e+02 +2.8415e+00 -2.7511e+00
1843 +8.036560332e-01 +8.036560332e-01 -1.858163440e+02 -1.858163440e+02 +1.1234e+00 -2.7521e+00
