% function evaluation | noise-free fitness - Fopt (1.238300000000e+02) | best noise-free fitness - Fopt | measured fitness | best measured fitness | x1 | x2...
1 +9.347850146e+04 +9.347850146e+04 +9.360233146e+04 +9.360233146e+04 -2.1087e+00 +2.9805e+00 +2.1949e+00 +6.8043e-01 -6.9150e-01 -2.1073e+00 +2.6980e+00 +2.2047e+00 +4.7353e-01 -6.7572e-01 +3.7053e+00 +2.5401e+00 +3.3261e+00 +1.0375e+00 -8.4181e-01 -1.7738e+00 +2.2564e+00 +9.2119e-01 +2.8708e-01 +2.5430e+00
5 +5.734111911e+04 +5.734111911e+04 +5.746494911e+04 +5.746494911e+04 -4.0496e-01 +1.4957e+00 -1.9612e+00 +1.4469e+00 +2.7205e+00 -1.4469e+00 +3.2612e+00 -1.5039e+00 +2.6977e+00 +2.5759e+00 -2.3017e-01 +9.1529e-01 +8.0706e-01 -3.2241e+00 +2.7158e+00 +7.4682e-01 -5.3847e-01 +4.4920e-02 -3.9387e-01 -3.5215e+00
13 +3.761256536e+04 +3.761256536e+04 +3.773639536e+04 +3.773639536e+04 -1.4148e+00 -1.0878e+00 -9.8331e-01 -1.9240e+00 +1.5836e+00 +2.8193e+00 -5.3042e-02 -8.8032e-01 -8.6666e-01 +1.6682e+00 +5.4264e-01 -1.7967e+00 -9.8044e-01 +3.4459e+00 +4.4593e-01 +1.0659e+00 +1.8329e+00 +2.3071e+00 +1.5551e+00 +9.4556e-01
31 +2.169556756e+04 +2.169556756e+04 +2.181939756e+04 +2.181939756e+04 -1.8356e+00 -5.6408e-01 -9.2194e-01 +1.2627e+00 -1.0595e+00 +8.4231e-02 +2.0267e-01 -5.3906e-02 -1.4871e+00 +2.6950e+00 +6.7114e-01 +1.6036e-01 +1.5122e+00 +1.2241e+00 -2.3760e+00 +1.1366e+00 +5.5233e-01 +9.5283e-01 +1.0698e+00 +4.6308e-02
75 +1.060196987e+04 +1.060196987e+04 +1.072579987e+04 +1.072579987e+04 +2.0749e+00 +8.6077e-01 +8.1665e-01 +2.5432e+00 -1.7960e+00 +1.3495e+00 +1.3949e+00 -1.7220e-01 +4.9109e-01 -8.3443e-01 -1.1105e+00 +1.4936e+00 +3.2879e-01 -1.8191e+00 +1.4614e+00 +2.7442e-01 -6.9773e-01 +6.8462e-01 +1.2564e-01 +8.5317e-01
206 +6.803368300e+03 +6.803368300e+03 +6.927198300e+03 +6.927198300e+03 +9.2735e-01 +1.8975e+00 +1.4580e+00 +1.9108e+00 -1.2876e+00 +9.2502e-01 +1.8210e+00 +6.2516e-02 -1.2407e-01 -6.1052e-01 -2.1896e+00 +1.3290e+00 +4.2780e-02 -7.3775e-01 +1.4076e+00 +2.8429e-01 -1.9123e+00 +6.3791e-01 +7.9094e-01 +2.2017e-01
463 +5.947906928e+03 +5.947906928e+03 +6.071736928e+03 +6.071736928e+03 +8.7250e-01 +1.9934e+00 +1.3326e+00 +1.8611e+00 -1.2274e+00 +9.4668e-01 +1.8240e+00 +1.5065e-03 -2.4893e-01 -6.0906e-01 -2.1165e+00 +1.3002e+00 +1.6651e-01 -8.4889e-01 +1.3243e+00 +2.0901e-01 -1.8377e+00 +6.6225e-01 +7.9690e-01 +2.3834e-01
1244 +3.910699486e+03 +3.910699486e+03 +4.034529486e+03 +4.034529486e+03 +8.8695e-01 +1.9314e+00 +1.1340e+00 +1.7790e+00 -8.6178e-01 +7.3966e-01 +1.4326e+00 -7.3016e-02 -2.9082e-01 -5.9872e-01 -2.0313e+00 +1.0840e+00 +2.1554e-01 -8.2452e-01 +1.1227e+00 +3.7040e-02 -1.7088e+00 +4.8239e-01 +7.8083e-01 +1.3626e-01
2102 +2.428351747e+03 +2.428351747e+03 +2.552181747e+03 +2.552181747e+03 +8.0013e-01 +1.8116e+00 +1.1815e+00 +1.5958e+00 -8.4075e-01 +1.1544e+00 +1.2691e+00 -2.2473e-01 -4.1836e-01 -2.8185e-01 -1.7122e+00 +8.8296e-01 +1.7349e-01 -1.1091e+00 +1.0479e+00 +1.2988e-01 -1.6142e+00 +6.5223e-01 +4.6488e-01 -2.1126e-01
3106 +1.567216586e+03 +1.567216586e+03 +1.691046586e+03 +1.691046586e+03 +9.3033e-01 +1.7609e+00 +9.7044e-01 +1.3256e+00 -1.0953e+00 +1.1623e+00 +1.2764e+00 -1.8088e-01 -3.6704e-01 -1.3825e-01 -1.5822e+00 +5.9684e-01 +2.6107e-01 -1.0582e+00 +8.4693e-01 +6.7515e-02 -1.5550e+00 +6.2391e-01 +3.0915e-01 -2.3074e-01
4004 +9.337350083e+02 +9.337350083e+02 +1.057565008e+03 +1.057565008e+03 +8.9573e-01 +1.6019e+00 +7.0058e-01 +1.2324e+00 -9.7554e-01 +1.1463e+00 +1.5270e+00 +3.2916e-02 -5.2985e-01 -1.8921e-02 -1.3032e+00 +2.8034e-01 +3.2474e-01 -1.0977e+00 +6.5602e-01 -9.6142e-02 -1.4835e+00 +5.2362e-01 +2.7379e-01 -4.6147e-01
4879 +6.220690193e+02 +6.220690193e+02 +7.458990193e+02 +7.458990193e+02 +7.0708e-01 +1.3888e+00 +5.8326e-01 +9.8898e-01 -1.0771e+00 +1.1014e+00 +1.7283e+00 +6.5986e-02 -6.1983e-01 -3.8147e-03 -1.2216e+00 +9.8098e-02 +4.1412e-01 -8.7321e-01 +6.8751e-01 -1.0409e-01 -1.4456e+00 +5.4824e-01 +2.0214e-01 -4.9319e-01
6111 +3.938727133e+02 +3.938727133e+02 +5.177027133e+02 +5.177027133e+02 +3.4760e-01 +1.3255e+00 +3.5305e-01 +7.3238e-01 -7.5998e-01 +9.0080e-01 +1.5409e+00 -8.8527e-03 -5.5367e-01 -4.6309e-01 -9.5680e-01 +3.4874e-02 +2.1615e-01 -6.6543e-01 +6.5437e-01 -8.4602e-02 -1.4455e+00 +4.6839e-01 -4.0959e-02 -4.1292e-01
6891 +2.504864349e+02 +2.504864349e+02 +3.743164349e+02 +3.743164349e+02 +1.6592e-01 +9.3322e-01 +5.3747e-01 +5.4448e-01 -7.0385e-01 +8.1972e-01 +1.4910e+00 -4.4981e-02 -5.9730e-01 -2.4017e-01 -8.0416e-01 +1.7419e-02 +6.1668e-01 -3.9665e-01 +8.0455e-01 -6.5139e-01 -1.3512e+00 +5.3253e-01 +5.8767e-02 -1.3087e-01
8533 +1.484463047e+02 +1.484463047e+02 +2.722763047e+02 +2.722763047e+02 +1.7789e-02 +4.4011e-01 +6.3586e-01 +3.2506e-01 -6.9477e-01 +7.2886e-01 +1.3154e+00 +1.0522e-01 -2.8593e-01 -3.7671e-01 -5.2643e-01 -1.0216e-01 +5.5448e-01 -4.0315e-01 +9.3598e-01 -1.0498e-01 -1.2434e+00 +3.2744e-01 -6.1061e-02 -2.5495e-02
10049 +9.985924916e+01 +9.985924916e+01 +2.236892492e+02 +2.236892492e+02 +1.0080e-02 +2.1933e-01 +6.4355e-01 +2.9284e-01 -6.1217e-01 +3.1441e-01 +1.0637e+00 +5.0987e-02 -2.4811e-01 -7.6921e-01 -4.8221e-01 -2.9948e-02 +4.0441e-01 -4.4703e-02 +9.4013e-01 +2.2594e-02 -1.2270e+00 +3.0520e-01 -1.2304e-01 +6.3968e-02
10777 +6.203918953e+01 +6.203918953e+01 +1.858691895e+02 +1.858691895e+02 +8.3098e-02 +9.2713e-02 +6.9249e-01 +1.5365e-01 -6.6673e-01 +3.3897e-01 +1.0367e+00 +2.3386e-01 -2.2224e-01 -8.5626e-01 -2.4731e-01 +2.3815e-01 +2.8035e-01 +8.6126e-02 +1.0776e+00 +2.5829e-01 -1.1827e+00 +3.0689e-01 -3.5890e-01 -4.4797e-02
11564 +3.829670784e+01 +3.829670784e+01 +1.621267078e+02 +1.621267078e+02 -1.1174e-01 +7.9214e-02 +8.2137e-01 +1.2035e-01 -6.3951e-01 +2.2442e-01 +8.1372e-01 +2.4692e-01 -9.5155e-02 -1.0924e+00 -1.2614e-01 +1.1863e-01 +8.2300e-02 +1.0290e-01 +1.0603e+00 +2.8473e-01 -9.8882e-01 +2.9647e-01 -3.1527e-01 +3.6005e-03
15382 +2.479989814e+01 +2.479989814e+01 +1.486298981e+02 +1.486298981e+02 -1.9394e-01 +5.3891e-01 +8.8862e-01 -1.0863e-01 -4.3016e-01 -1.4782e-01 +4.0940e-01 +7.2631e-02 +4.0473e-02 -7.7333e-01 -2.7568e-02 +3.2668e-01 -2.0994e-01 +2.5209e-01 +6.0942e-01 +5.3831e-01 -8.7746e-01 -2.7067e-01 +2.2445e-01 -9.5819e-03
% function evaluation | noise-free fitness - Fopt (4.751000000000e+01) | best noise-free fitness - Fopt | measured fitness | best measured fitness | x1 | x2...
1 +2.090146485e+05 +2.090146485e+05 +2.090621585e+05 +2.090621585e+05 +1.2152e+00 -3.4521e+00 -3.4701e+00 +3.8440e+00 -3.4674e-01 -1.3874e+00 -1.8509e+00 -3.1338e+00 +1.9655e+00 +2.6120e+00 +1.2652e+00 +9.4704e-01 +1.6793e-01 +1.3431e+00 -3.6823e+00 -3.4902e-01 -2.0091e+00 -2.7213e+00 -1.5120e+00 -9.1671e-01
2 +1.360598334e+05 +1.360598334e+05 +1.361073434e+05 +1.361073434e+05 +6.6480e-01 +3.4848e+00 +3.2741e+00 +3.3867e+00 -1.8618e+00 +1.1533e+00 -3.0336e+00 -1.5830e+00 -8.5976e-01 -8.4697e-01 -6.9719e-01 +2.9437e+00 +2.7652e+00 -3.2195e+00 +2.1953e+00 +8.0200e-01 -1.3706e+00 +1.0694e+00 -1.6898e+00 -3.5103e+00
4 +6.968351731e+04 +6.968351731e+04 +6.973102731e+04 +6.973102731e+04 -2.0205e+00 -9.3059e-01 +2.4827e+00 -2.4640e-01 +1.9390e+00 +2.7964e+00 +6.0585e-01 +1.8284e-01 +2.0240e+00 -1.2703e+00 -2.9782e-02 +3.0610e+00 -2.6589e+00 +3.0112e+00 -7.7252e-01 -1.5882e-01 -2.3345e+00 +1.1984e+00 +7.0658e-01 +3.9955e+00
22 +1.713097375e+04 +1.713097375e+04 +1.717848375e+04 +1.717848375e+04 -2.4762e+00 -4.8443e-01 -4.5764e-01 -2.2937e+00 +8.6592e-01 +2.0182e+00 +9.4187e-01 +4.5793e-01 +2.5583e+00 +1.0051e+00 +1.2600e-01 +1.6184e+00 +6.4717e-01 -1.0468e+00 -8.3685e-01 +9.1186e-02 +2.5091e-01 -1.6749e+00 +2.4757e+00 +2.1795e+00
169 +1.539139515e+04 +1.539139515e+04 +1.543890515e+04 +1.543890515e+04 -2.4659e+00 -8.3779e-01 +1.3789e-01 -1.9633e+00 +8.3554e-03 +2.3880e+00 +7.2846e-01 +1.8801e-01 +2.2675e+00 -1.1243e+00 -3.6153e-01 +1.7553e+00 -2.0132e-01 -7.3814e-01 -7.2715e-01 -1.5370e+00 +2.2263e-01 -1.5279e+00 +1.0719e+00 +2.6528e+00
211 +9.361166583e+03 +9.361166583e+03 +9.408676583e+03 +9.408676583e+03 +1.1909e+00 -2.4322e-02 -1.0453e-01 +5.7080e-01 -1.1652e-01 -1.7085e-01 -7.6774e-01 +6.0431e-01 -6.8502e-03 +8.7813e-01 -3.8954e-01 -1.2378e+00 +1.0245e+00 +1.1828e+00 +5.7146e-01 +4.6636e-01 -2.4834e-01 +2.1476e+00 -2.2298e+00 +1.1248e+00
736 +6.274659237e+03 +6.274659237e+03 +6.322169237e+03 +6.322169237e+03 +9.7119e-01 +1.8080e-01 -1.5940e-01 +5.6879e-01 -1.7814e-01 -1.7758e-01 -7.4150e-01 +4.9226e-01 +1.8022e-01 +6.9209e-01 -2.0651e-01 -1.0104e+00 +1.2104e+00 +9.1339e-01 +4.4994e-01 +4.5191e-01 -1.4077e-01 +2.0074e+00 -2.1162e+00 +1.2686e+00
1724 +3.676792507e+03 +3.676792507e+03 +3.724302507e+03 +3.724302507e+03 +8.5337e-01 +1.7609e-01 -2.4723e-01 +3.5608e-01 -3.0246e-01 -3.2625e-01 -5.3334e-01 +4.1333e-01 +4.0859e-01 +5.2863e-01 +4.9204e-02 -8.7481e-01 +8.8131e-01 +7.3909e-01 +5.6368e-01 +4.9425e-01 -1.5388e-01 +1.9840e+00 -1.8724e+00 +1.1529e+00
2238 +2.454374381e+03 +2.454374381e+03 +2.501884381e+03 +2.501884381e+03 +6.1724e-01 +2.0625e-01 -2.3351e-01 +4.2657e-01 -2.4574e-01 -4.4128e-01 -7.2077e-01 +2.2711e-01 +2.9834e-01 +4.8778e-01 +2.5702e-01 -8.0561e-01 +9.4913e-01 +5.6421e-01 +4.8515e-01 +2.1712e-01 -1.6904e-01 +1.6801e+00 -1.8474e+00 +1.0747e+00
2753 +1.532622377e+03 +1.532622377e+03 +1.580132377e+03 +1.580132377e+03 +3.6090e-01 +3.6151e-01 -3.3618e-01 +1.9985e-01 -4.2897e-01 -2.7484e-01 -8.0096e-01 +2.7350e-01 +2.2913e-01 +3.4492e-01 +1.3944e-01 -7.0871e-01 +1.0393e+00 +3.0760e-01 +4.0924e-01 +1.8006e-01 +5.2574e-02 +1.5832e+00 -1.5396e+00 +1.0869e+00
3611 +9.912060785e+02 +9.912060785e+02 +1.038716079e+03 +1.038716079e+03 +3.6914e-01 +2.5856e-01 -4.3878e-01 +1.7214e-02 -5.2504e-01 -3.0916e-01 -1.0433e+00 +3.5088e-01 +6.1196e-02 +3.0980e-01 +1.8095e-01 -5.4533e-01 +1.0967e+00 +1.5818e-01 +3.6529e-01 -9.2042e-02 +5.3412e-02 +1.2906e+00 -1.2616e+00 +9.5622e-01
4015 +6.047572618e+02 +6.047572618e+02 +6.522672618e+02 +6.522672618e+02 +4.0716e-02 +3.5743e-01 -3.0295e-01 -5.6300e-02 -7.0757e-01 -5.0914e-01 -7.3504e-01 +1.4191e-01 +2.5528e-01 +3.4769e-01 +2.7703e-01 -5.7072e-01 +9.1613e-01 +1.5176e-01 +3.8826e-01 -3.3366e-02 +4.2986e-02 +1.2568e+00 -1.0306e+00 +9.1745e-01
4624 +3.907220067e+02 +3.907220067e+02 +4.382320067e+02 +4.382320067e+02 -2.0612e-02 +2.5235e-01 -3.3103e-01 +7.9303e-02 -8.9217e-01 -6.3480e-01 -8.7845e-01 +1.1973e-01 +1.3237e-01 +3.0775e-01 +2.5602e-01 -5.2052e-01 +8.1984e-01 +6.4241e-02 +4.9287e-01 -1.6725e-01 +5.5017e-02 +1.0346e+00 -8.0227e-01 +8.1061e-01
5274 +2.495329162e+02 +2.495329162e+02 +2.970429162e+02 +2.970429162e+02 +4.7410e-02 +1.6797e-01 -1.7735e-01 -1.4170e-01 -7.9484e-01 -5.2735e-01 -7.1932e-01 -1.1821e-02 +1.2797e-01 +1.7765e-01 +3.7365e-01 -5.2088e-01 +7.6336e-01 -1.9980e-01 +7.1497e-01 -2.7576e-01 -1.6967e-01 +6.6955e-01 -6.4619e-01 +7.5395e-01
6763 +1.516262759e+02 +1.516262759e+02 +1.991362759e+02 +1.991362759e+02 -9.5242e-02 -1.0621e-01 -3.6316e-02 -6.5164e-02 -8.2882e-01 -5.2490e-01 -5.2660e-01 -3.4260e-02 +4.6521e-02 +5.2564e-02 +5.8180e-01 -2.3173e-01 +5.0382e-01 -4.1580e-01 +5.8971e-01 -2.8083e-01 -1.4875e-01 +5.7123e-01 -5.2193e-01 +6.5278e-01
8559 +9.892759624e+01 +9.892759624e+01 +1.464375962e+02 +1.464375962e+02 +4.5390e-02 -2.1028e-01 -1.7801e-01 -1.5022e-01 -9.2038e-01 -2.5379e-01 -9.8864e-03 +8.3213e-02 -4.6840e-02 +1.8771e-02 +8.3854e-01 -2.3133e-01 +1.3346e-01 -4.5007e-01 +5.4505e-01 -4.9899e-01 -6.5953e-02 +4.2752e-01 -5.3490e-01 +4.3285e-01
11252 +6.234615299e+01 +6.234615299e+01 +1.098561530e+02 +1.098561530e+02 -5.1399e-01 +1.0498e-01 -3.9036e-01 -1.4492e-01 +3.0426e-01 +7.4997e-01 +8.3404e-01 +5.8259e-02 +3.6176e-01 +1.7199e-01 +4.6155e-01 +6.6199e-01 +1.2871e-01 -2.8577e-01 +5.6539e-01 +3.4058e-01 -4.1192e-02 +1.5937e-01 -6.6603e-02 +6.4226e-01
12885 +3.615478594e+01 +3.615478594e+01 +8.366478594e+01 +8.366478594e+01 -2.2796e-01 +2.8218e-01 -3.2119e-01 +9.9943e-03 +4.2991e-01 +8.8705e-01 +1.1658e+00 -2.0198e-01 +1.3763e-01 +7.4409e-02 +5.1644e-01 +6.4524e-01 +3.8449e-02 -3.5716e-01 +3.8877e-01 +5.6649e-01 -1.0745e-01 +2.1971e-01 +1.1856e-01 +4.7787e-01
17340 +2.456719996e+01 +2.456719996e+01 +7.207719996e+01 +7.207719996e+01 +4.3632e-01 +1.0552e-01 +1.4051e-01 -5.5327e-01 -2.9455e-01 +8.6394e-02 +1.0771e+00 -2.0196e-02 +4.8732e-01 +1.5858e-01 +6.7087e-01 +3.6585e-02 +7.3764e-01 -8.9099e-01 +3.9649e-01 +3.6115e-01 -3.5840e-01 +2.6854e-01 -4.2918e-02 -1.5357e-01
% function evaluation | noise-free fitness - Fopt (5.534000000000e+01) | best noise-free fitness - Fopt | measured fitness | best measured fitness | x1 | x2...
1 +1.016561091e+05 +1.016561091e+05 +1.017114491e+05 +1.017114491e+05 +2.8150e-02 -1.3696e+00 -3.5294e+00 -1.2366e-01 +8.0466e-02 +1.6083e+00 -1.3296e-01 -3.2065e+00 -1.1630e+00 -2.1797e+00 -5.1191e-01 -1.0057e+00 +6.5663e-01 +3.4978e+00 +1.0330e+00 +3.1278e+00 +9.6888e-01 +1.2389e+00 +1.5297e+00 +1.8823e+00
4 +9.989686088e+04 +9.989686088e+04 +9.995220088e+04 +9.995220088e+04 -1.1415e+00 +3.1504e+00 +1.2095e+00 -1.0441e+00 +1.5680e+00 +3.8784e-01 +1.0598e+00 -1.7379e-01 +2.0994e+00 +3.6874e+00 +2.1565e+00 +3.9396e+00 +3.6864e+00 -3.9787e+00 -2.4795e+00 -2.8039e+00 -3.9115e+00 +2.3928e+00 +8.0484e-02 -1.4658e+00
11 +4.230078357e+04 +4.230078357e+04 +4.235612357e+04 +4.235612357e+04 +1.8499e+00 -1.2801e-01 +2.6244e+00 -1.0420e+00 -1.8278e+00 -1.5668e+00 -2.2016e+00 -3.1923e+00 -2.2087e+00 +1.2568e+00 +4.4025e-01 -3.2888e-01 -9.3178e-01 +9.1233e-01 +1.5290e+00 +1.6499e+00 +2.5751e+00 +2.2814e+00 +2.6123e-01 -2.5644e+00
25 +2.068084473e+04 +2.068084473e+04 +2.073618473e+04 +2.073618473e+04 -6.8210e-01 +2.6620e+00 +1.6969e+00 -1.0970e+00 -1.7162e+00 +1.3342e-01 -3.1651e-01 -6.1654e-01 -5.2298e-01 +2.9627e+00 +1.1993e+00 +3.6425e+00 -3.1066e-01 -1.6658e+00 -1.7065e-01 +8.5211e-01 +2.3368e+00 +2.4375e+00 +1.4530e-01 -1.9843e+00
117 +1.079564866e+04 +1.079564866e+04 +1.085098866e+04 +1.085098866e+04 -1.2656e+00 +3.0935e-01 +4.2770e-01 +2.6861e+00 -3.1692e-01 +1.4688e+00 -2.8860e-01 -3.1657e-01 -2.4094e-01 -1.6898e-01 +2.0482e+00 -2.7211e+00 -3.1819e-01 -1.8335e+00 -1.1086e-01 -9.5385e-01 +4.7024e-02 +2.3787e+00 -1.9552e-01 -1.5956e+00
376 +9.904365559e+03 +9.904365559e+03 +9.959705559e+03 +9.959705559e+03 -1.2474e+00 +3.5659e-01 +3.1930e-01 +2.5728e+00 -3.7692e-01 +1.4809e+00 -4.1334e-01 -3.3790e-01 -2.5629e-01 -1.4905e-01 +1.8634e+00 -2.6396e+00 -4.0620e-01 -1.8413e+00 -1.8555e-01 -9.1818e-01 -5.2687e-02 +2.4417e+00 -1.9380e-01 -1.6244e+00
1294 +6.293419125e+03 +6.293419125e+03 +6.348759125e+03 +6.348759125e+03 -1.0471e+00 +3.1444e-01 +3.9902e-01 +2.1898e+00 +4.0799e-02 +1.5109e+00 -6.7136e-01 -5.1608e-01 -3.9979e-01 -1.2705e-01 +1.8867e+00 -2.3661e+00 -2.5280e-01 -1.5949e+00 +1.7013e-01 -8.8299e-01 +2.5709e-01 +2.5619e+00 -2.8555e-01 -1.2639e+00
2410 +3.933403413e+03 +3.933403413e+03 +3.988743413e+03 +3.988743413e+03 -1.0906e+00 +4.2879e-01 +5.0952e-01 +1.9385e+00 -2.0965e-02 +1.4192e+00 -6.7723e-01 -4.7699e-01 -3.5838e-01 +3.5599e-02 +1.9273e+00 -2.1172e+00 +1.2372e-01 -1.1569e+00 +2.8855e-01 -4.8844e-01 +1.2039e-01 +2.1238e+00 -5.9816e-01 -1.2066e+00
3527 +2.506348262e+03 +2.506348262e+03 +2.561688262e+03 +2.561688262e+03 -8.1895e-01 +6.0747e-01 +6.0735e-01 +1.8758e+00 -1.1240e-01 +1.3094e+00 -4.3605e-01 -3.4850e-01 -4.3795e-02 -1.0773e-01 +1.8342e+00 -1.6159e+00 +2.1960e-01 -9.1668e-01 +2.8745e-01 -3.6758e-01 -5.9550e-02 +1.8705e+00 -3.2115e-01 -9.7364e-01
4178 +1.557476241e+03 +1.557476241e+03 +1.612816241e+03 +1.612816241e+03 -8.7425e-01 +5.7039e-01 +5.9552e-01 +1.6034e+00 -2.2050e-01 +1.1161e+00 -6.0678e-01 -2.6643e-01 -3.4908e-01 +1.2486e-01 +1.8745e+00 -1.2956e+00 +1.0574e-01 -6.4587e-01 +2.4948e-01 -2.9805e-01 +7.8561e-02 +1.7946e+00 -4.0958e-01 -8.2257e-01
5426 +9.701898914e+02 +9.701898914e+02 +1.025529891e+03 +1.025529891e+03 -1.1078e+00 +6.8192e-01 +3.2981e-01 +1.1227e+00 -4.5489e-01 +1.1362e+00 -7.5965e-01 -3.7489e-01 -4.7040e-01 +3.7914e-01 +1.6370e+00 -9.0714e-01 +2.7600e-01 -5.6747e-01 +3.0859e-01 -2.3568e-01 +3.2381e-01 +1.6994e+00 -3.7210e-01 -6.5080e-01
6290 +6.252785303e+02 +6.252785303e+02 +6.806185303e+02 +6.806185303e+02 -9.9633e-01 +6.3633e-01 +3.3966e-01 +8.6889e-01 -4.5604e-01 +1.0887e+00 -5.5289e-01 +5.0783e-02 -4.8848e-01 +3.1079e-01 +1.3423e+00 -7.8204e-01 +3.0781e-01 -4.6313e-01 +2.2775e-01 -6.5762e-02 +3.1195e-01 +1.4611e+00 -1.9990e-01 -4.9265e-01
7673 +3.901637497e+02 +3.901637497e+02 +4.455037497e+02 +4.455037497e+02 -9.6824e-01 +7.5475e-01 +2.9531e-01 +9.8917e-01 -5.5752e-01 +9.6176e-01 -6.7478e-01 +1.1363e-01 -3.3345e-01 +4.8278e-01 +1.2664e+00 -4.9716e-01 +4.4960e-01 -1.6320e-01 -8.4281e-02 -1.0596e-01 +5.0269e-01 +1.1328e+00 -2.0215e-01 -3.6818e-01
8662 +2.456582327e+02 +2.456582327e+02 +3.009982327e+02 +3.009982327e+02 +6.0982e-01 -8.7759e-03 +2.6076e-01 -3.4048e-01 +3.0583e-01 -1.2915e+00 +6.1115e-01 +1.0656e+00 -5.8509e-01 -3.0540e-01 +9.8347e-01 +9.2728e-01 -3.3356e-01 -4.0131e-01 +2.1230e-01 +7.4806e-01 +3.9932e-02 -6.9069e-01 +8.2243e-01 -5.1293e-01
9957 +1.578607769e+02 +1.578607769e+02 +2.132007769e+02 +2.132007769e+02 -5.9700e-01 +4.4933e-01 +2.6794e-01 +5.1453e-01 -7.9285e-01 +9.8279e-01 -5.2777e-01 +2.0192e-01 -5.1840e-01 +6.0063e-01 +1.1490e+00 -1.5211e-01 +3.4654e-01 -4.5530e-01 -1.7966e-02 +8.0427e-02 +4.1978e-01 +4.2162e-01 -1.0118e-02 +4.7841e-02
11599 +9.742506850e+01 +9.742506850e+01 +1.527650685e+02 +1.527650685e+02 -6.6985e-01 +3.9524e-01 +6.3022e-02 +5.1203e-01 -8.4482e-01 +7.7433e-01 -5.2237e-01 +3.1618e-01 -5.4945e-01 +6.3005e-01 +9.2611e-01 +3.8366e-02 +1.7399e-01 -3.2300e-01 +1.0978e-01 +4.2676e-02 +8.1044e-01 +1.7583e-01 -4.0511e-02 -6.1757e-02
12854 +5.812559756e+01 +5.812559756e+01 +1.134655976e+02 +1.134655976e+02 -6.3724e-01 +2.1344e-01 +6.2089e-03 +3.8537e-01 -1.1038e+00 +5.0894e-01 -2.7107e-01 +3.6503e-01 -1.4653e-01 +7.0337e-01 +8.1034e-01 +1.1810e-01 +1.3780e-01 -2.9814e-01 +1.8586e-01 +1.0830e-01 +7.5434e-01 -1.6679e-01 +1.1133e-01 -1.4559e-02
13370 +3.821448488e+01 +3.821448488e+01 +9.355448488e+01 +9.355448488e+01 -5.9035e-01 +4.4343e-01 -6.5981e-02 +3.9689e-01 -1.0728e+00 +3.5526e-01 -4.6352e-01 +4.7232e-01 -1.2813e-01 +8.0695e-01 +5.5538e-01 +1.5061e-01 +1.3528e-01 -4.2387e-01 +1.1921e-01 -4.3284e-02 +7.6034e-01 -2.2283e-01 +1.1213e-01 -1.2120e-01
15483 +2.227186281e+01 +2.227186281e+01 +7.761186281e+01 +7.761186281e+01 -7.1604e-01 +4.2078e-01 -1.2779e-01 +3.6834e-01 -1.1695e+00 +5.3886e-01 -2.2635e-01 +5.2308e-01 -3.3080e-01 +7.7502e-01 +3.9368e-01 +1.4976e-01 +1.7515e-01 -3.6616e-01 +1.4278e-01 +1.1649e-02 +5.8998e-01 -3.5828e-01 +2.9400e-01 -1.8118e-01
% function evaluation | noise-free fitness - Fopt (-9.033000000000e+01) | best noise-free fitness - Fopt | measured fitness | best measured fitness | x1 | x2...
1 +8.489184905e+04 +8.489184905e+04 +8.480151905e+04 +8.480151905e+04 +7.6910e-02 +1.7451e+00 +2.5870e+00 +3.2737e+00 +2.1357e+00 +3.2880e+00 +2.4004e+00 +1.4963e+00 +1.6001e-01 +1.7385e+00 +5.0042e-02 -2.3659e+00 -3.3930e+00 +1.6104e+00 -1.7314e+00 +1.9812e+00 -1.4365e+00 +2.6935e+00 -7.7638e-01 +2.8907e+00
21 +4.223074365e+04 +4.223074365e+04 +4.214041365e+04 +4.214041365e+04 -1.0609e-01 -2.0738e-01 +2.5771e+00 +3.0901e+00 +2.0934e+00 -6.2970e-03 -1.4067e+00 +1.7074e+00 -2.5491e+00 +3.9704e-01 +6.4773e-01 -7.0139e-01 -3.4059e+00 +9.0221e-01 -1.8616e+00 -4.0456e-01 -1.4841e+00 +2.0981e+00 +4.6051e-01 +2.5312e+00
26 +3.554143225e+04 +3.554143225e+04 +3.545110225e+04 +3.545110225e+04 -1.0751e-01 +1.8189e+00 +2.1840e+00 +2.8711e+00 -2.0100e+00 -2.1704e+00 +2.1950e+00 +2.5696e+00 +8.9821e-02 +1.4755e+00 -3.0890e-02 -6.9826e-01 -4.1569e-01 -3.4450e-01 +8.1839e-01 +3.3833e+00 +1.0642e+00 +2.2488e+00 -1.2645e+00 +7.6709e-01
84 +2.506965174e+04 +2.506965174e+04 +2.497932174e+04 +2.497932174e+04 +2.6110e+00 +1.6663e+00 +1.6891e-01 -1.7027e+00 -2.8351e+00 -2.0349e+00 +2.1904e+00 -1.2225e+00 +3.0217e-01 +1.8440e-02 -1.0485e+00 -6.1572e-01 -5.9928e-01 +6.3474e-01 -6.8127e-02 +2.0486e+00 -9.4076e-02 -1.6874e+00 -2.1900e+00 -1.3784e+00
227 +1.278370078e+04 +1.278370078e+04 +1.269337078e+04 +1.269337078e+04 +1.0800e+00 +1.3209e+00 +8.4364e-01 -1.5079e+00 -2.3174e+00 -1.7205e+00 +3.0793e+00 -1.4445e+00 +1.2454e-01 +1.6685e+00 -5.4313e-01 -4.8039e-01 +1.3026e-01 -3.6641e-02 +1.3582e-01 +2.3802e-01 +1.8069e+00 +7.3812e-01 -1.9193e+00 -1.4596e+00
858 +9.943638170e+03 +9.943638170e+03 +9.853308170e+03 +9.853308170e+03 +1.0104e+00 +1.2029e+00 +8.3620e-01 -1.4308e+00 -2.1244e+00 -1.5146e+00 +2.9711e+00 -1.4344e+00 +9.0418e-02 +1.5067e+00 -4.2269e-01 -4.7003e-01 -4.2161e-02 -1.2815e-01 +2.9430e-01 +4.0156e-01 +1.7777e+00 +7.8655e-01 -1.9091e+00 -1.2424e+00
2112 +6.062665574e+03 +6.062665574e+03 +5.972335574e+03 +5.972335574e+03 +9.9447e-01 +8.0877e-01 +8.1212e-01 -1.1079e+00 -1.8115e+00 -1.6510e+00 +3.0414e+00 -1.0137e+00 +2.4503e-01 +1.0512e+00 -2.9290e-01 -5.2626e-01 -2.3392e-01 -1.1590e-01 +3.4632e-01 +6.6980e-01 +1.3177e+00 +9.2281e-01 -1.6830e+00 -1.0673e+00
3098 +3.752629974e+03 +3.752629974e+03 +3.662299974e+03 +3.662299974e+03 +8.1669e-01 +8.3830e-01 +7.2849e-01 -7.9538e-01 -1.5851e+00 -1.4092e+00 +2.7362e+00 -8.5150e-01 +3.6616e-01 +8.9766e-01 -5.7887e-01 -5.7598e-01 -4.2973e-01 +1.1145e-01 +3.1056e-01 +5.9264e-01 +1.0992e+00 +7.2697e-01 -1.6297e+00 -1.0867e+00
3751 +2.495411786e+03 +2.495411786e+03 +2.405081786e+03 +2.405081786e+03 +7.5582e-01 +7.8476e-01 +6.2926e-01 -5.8080e-01 -1.5287e+00 -1.2605e+00 +2.3886e+00 -6.7816e-01 +2.6462e-01 +7.2432e-01 -5.1167e-01 -6.4043e-01 -3.7384e-01 +1.8751e-01 +4.6458e-01 +5.7943e-01 +9.3652e-01 +7.3058e-01 -1.3994e+00 -9.8024e-01
4604 +1.546674201e+03 +1.546674201e+03 +1.456344201e+03 +1.456344201e+03 +7.9959e-01 +3.8793e-01 +3.7186e-01 -6.9889e-01 -1.2036e+00 -1.0509e+00 +2.2123e+00 -6.8091e-01 +2.0008e-01 +5.4021e-01 -2.9267e-01 -6.6966e-01 -2.2050e-01 -1.8576e-01 +2.9750e-01 +4.1066e-01 +8.8034e-01 +5.4059e-01 -1.4810e+00 -7.3521e-01
5145 +9.928675396e+02 +9.928675396e+02 +9.025375396e+02 +9.025375396e+02 +7.3217e-01 +3.1451e-01 +2.8366e-01 -6.3990e-01 -1.1171e+00 -8.0219e-01 +1.8906e+00 -5.2456e-01 +2.2887e-01 +4.3364e-01 -2.9418e-01 -7.2903e-01 -2.8379e-01 -1.0032e-01 +3.4979e-01 +2.4703e-01 +7.1453e-01 +6.0299e-01 -1.5990e+00 -7.2288e-01
6132 +6.281415360e+02 +6.281415360e+02 +5.378115360e+02 +5.378115360e+02 +7.2551e-01 +1.7864e-01 +3.2468e-01 -4.0982e-01 -7.8680e-01 -5.0363e-01 +1.6230e+00 -3.4457e-01 +1.2286e-01 +3.7693e-01 -2.4013e-01 -8.0047e-01 -3.3996e-01 +4.9844e-02 +1.0236e-01 +3.9781e-01 +6.4879e-01 +4.6282e-01 -1.6086e+00 -7.9020e-01
7027 +3.740262491e+02 +3.740262491e+02 +2.836962491e+02 +2.836962491e+02 +4.5237e-01 +8.8989e-02 +5.4829e-01 -3.6662e-02 -5.7540e-01 -4.8195e-01 +1.4662e+00 -1.5470e-01 +2.5231e-01 +4.7783e-01 -3.8356e-01 -8.8899e-01 -2.9292e-01 +1.2900e-01 -4.6333e-02 +2.4706e-01 +6.6687e-01 +5.5081e-01 -1.3137e+00 -5.4063e-01
7895 +2.367257048e+02 +2.367257048e+02 +1.463957048e+02 +1.463957048e+02 +4.3193e-01 -4.5994e-02 +2.9230e-01 -1.5543e-01 -4.4576e-01 -2.3503e-01 +1.2010e+00 -2.3616e-01 +1.9275e-01 +2.0118e-01 -5.6344e-01 -6.6396e-01 -2.8856e-01 +2.2814e-01 +2.6163e-02 +2.6462e-01 +7.4913e-01 +5.2349e-01 -1.2263e+00 -2.9871e-01
8668 +1.456549676e+02 +1.456549676e+02 +5.532496762e+01 +5.532496762e+01 +3.6972e-01 -9.5987e-02 +4.0963e-01 +9.6203e-02 -4.4724e-01 -2.9679e-01 +9.2828e-01 -1.4129e-01 +3.0752e-01 -8.3605e-02 -8.3571e-01 -6.2502e-01 -2.1855e-01 +2.3520e-01 -6.6817e-02 +3.6018e-01 +7.4989e-01 +4.5281e-01 -1.0592e+00 -1.6609e-01
9475 +9.934744179e+01 +9.934744179e+01 +9.017441793e+00 +9.017441793e+00 +3.5776e-01 +8.6754e-02 +4.9063e-01 +6.7468e-01 -6.2077e-01 -1.3936e-01 +5.8059e-01 +5.4628e-01 +5.3939e-01 +6.2288e-02 -5.1671e-01 -2.2910e-01 -2.7824e-01 -1.7101e-01 +1.2480e-01 +9.2199e-01 +8.1861e-01 +4.7098e-01 -4.3357e-01 -4.4635e-02
9876 +5.843022810e+01 +5.843022810e+01 -3.189977190e+01 -3.189977190e+01 +3.9507e-01 +1.3322e-02 +3.4467e-01 +5.6787e-01 -5.6022e-01 -2.6622e-01 +4.7472e-01 +5.1396e-01 +7.2382e-01 -2.0951e-01 -5.1611e-01 -1.9367e-01 -5.7804e-01 -3.0375e-01 +5.4337e-02 +8.8407e-01 +8.0197e-01 +3.2558e-01 -4.0665e-01 -1.2008e-01
10592 +3.916267664e+01 +3.916267664e+01 -5.116732336e+01 -5.116732336e+01 +4.7350e-01 -1.1635e-01 +3.6784e-01 +4.7480e-01 -3.4362e-01 -2.4212e-01 +6.0490e-01 +5.0945e-01 +7.0466e-01 -1.0909e-01 -6.2276e-01 -2.2977e-01 -6.1158e-01 -2.5007e-01 +1.1983e-01 +8.4759e-01 +5.8979e-01 +2.5206e-01 -4.5417e-01 -2.3746e-01
12105 +2.472044581e+01 +2.472044581e+01 -6.560955419e+01 -6.560955419e+01 +4.5807e-01 -2.0248e-01 +1.1000e-01 +4.1583e-01 -2.7221e-01 -3.2019e-01 +3.1709e-01 +4.0131e-01 +6.8011e-01 -1.1451e-01 -7.3819e-01 -1.4495e-01 -7.6200e-01 -2.9012e-01 +2.7417e-01 +7.1295e-01 +6.3398e-01 +1.8968e-01 -4.5813e-01 -2.6524e-01
% function evaluation | noise-free fitness - Fopt (6.561000000000e+01) | best noise-free fitness - Fopt | measured fitness | best measured fitness | x1 | x2...
1 +4.748865335e+04 +4.748865335e+04 +4.755426335e+04 +4.755426335e+04 -3.4908e+00 +3.4071e+00 -3.9233e+00 +3.9026e-01 +2.1354e-01 +9.0921e-01 +1.0082e+00 -1.7224e+00 -2.7914e+00 +6.2290e-01 -5.8513e-01 -7.0474e-02 -1.5757e+00 +7.5676e-01 +3.0656e-01 +2.7277e+00 -7.2635e-01 -2.1028e+00 -2.8916e-01 -7.5090e-01
71 +2.649598794e+04 +2.649598794e+04 +2.656159794e+04 +2.656159794e+04 +1.6829e+00 -3.1059e+00 +2.0067e+00 -1.5037e+00 +4.1430e-01 -2.6041e+00 +1.1923e+00 +2.7905e-01 +1.1125e+00 -1.9256e+00 -1.1266e+00 +1.3887e+00 -8.5318e-02 -1.4434e+00 -9.3432e-01 -2.7171e+00 +1.0074e+00 +5.7760e-01 +1.9956e-01 -1.4569e-01
79 +2.339659847e+04 +2.339659847e+04 +2.346220847e+04 +2.346220847e+04 -3.6347e-01 +3.4949e-01 -6.4289e-01 -2.0266e+00 +1.0069e+00 -1.8211e+00 +2.3381e+00 -1.0744e+00 +1.2601e+00 +3.2897e-02 +8.3503e-01 +2.0077e+00 -2.9014e+00 -7.0749e-01 -1.5286e+00 +2.9549e+00 -1.2412e+00 +1.4039e+00 +2.7318e-01 -1.7353e-01
212 +1.088932497e+04 +1.088932497e+04 +1.095493497e+04 +1.095493497e+04 +1.7668e+00 +7.7637e-01 -2.4985e+00 -9.6240e-01 +3.9209e-01 -9.4568e-01 +1.1880e+00 +2.4346e-01 -8.1962e-01 +1.7264e+00 -5.1610e-01 -1.3948e+00 -2.1713e+00 -1.2793e+00 -1.6967e+00 +2.1529e+00 +1.1871e+00 -1.6081e+00 -9.3068e-01 -2.4412e-01
222 +8.847057830e+03 +8.847057830e+03 +8.912667830e+03 +8.912667830e+03 +1.3774e+00 +8.0205e-01 -4.7029e-01 -1.4447e+00 +1.3842e+00 -1.1052e+00 +1.9031e+00 -7.8040e-02 +5.6963e-01 +4.7273e-01 -4.8962e-02 -4.8769e-01 -1.8310e+00 -8.3938e-01 -8.9863e-01 -3.3620e-01 +1.2223e+00 -5.8379e-01 -8.7048e-01 +4.3936e-01
592 +6.264696799e+03 +6.264696799e+03 +6.330306799e+03 +6.330306799e+03 +1.1127e+00 +8.0882e-01 -5.6527e-01 -1.3909e+00 +1.2277e+00 -8.6114e-01 +2.0268e+00 -2.8329e-01 +3.7251e-01 +3.7512e-01 +5.1443e-01 -1.9294e-02 -2.0358e+00 -7.4174e-01 -1.0090e+00 +1.2449e+00 +6.1838e-01 -2.8729e-01 -6.0610e-01 +2.9206e-01
1585 +3.851691313e+03 +3.851691313e+03 +3.917301313e+03 +3.917301313e+03 +1.0383e+00 +5.8115e-01 -5.8326e-01 -1.3615e+00 +1.1706e+00 -8.6047e-01 +1.6998e+00 -2.5980e-01 +1.1704e-01 +4.7268e-01 +2.4128e-01 +1.7227e-01 -1.7190e+00 -7.1417e-01 -8.6442e-01 +1.2479e+00 +5.6058e-01 -3.1619e-01 -7.9194e-01 +3.9476e-02
2232 +2.441976630e+03 +2.441976630e+03 +2.507586630e+03 +2.507586630e+03 +8.7054e-01 +5.3278e-01 -5.8735e-01 -1.2452e+00 +1.0045e+00 -8.4783e-01 +1.4135e+00 -6.5560e-02 -3.7362e-02 +3.6239e-01 +2.2304e-01 +2.2839e-01 -1.5415e+00 -6.5995e-01 -1.0190e+00 +1.4063e+00 +5.6787e-01 -1.8680e-01 -6.5868e-01 +7.3998e-03
3092 +1.579390111e+03 +1.579390111e+03 +1.645000111e+03 +1.645000111e+03 +8.1424e-01 +2.0825e-01 -7.9739e-01 -1.1385e+00 +1.1898e+00 -8.7791e-01 +1.2991e+00 +3.8856e-02 -1.4041e-01 +1.5227e-01 +2.9719e-01 +3.4922e-01 -1.2223e+00 -6.9421e-01 -1.3488e+00 +1.0933e+00 +5.2187e-01 -2.5501e-01 -5.6253e-01 -1.4641e-01
3746 +9.442117061e+02 +9.442117061e+02 +1.009821706e+03 +1.009821706e+03 +4.7879e-01 +4.9484e-01 -7.1371e-01 -1.2600e+00 +8.3729e-01 -7.0416e-01 +9.4478e-01 +1.9798e-01 -2.3700e-01 +4.2125e-01 +3.0631e-01 +4.4127e-01 -1.3698e+00 -3.7331e-01 -1.0898e+00 +1.1437e+00 +1.5738e-01 -1.2357e-02 -3.2466e-01 -2.3787e-01
4268 +6.299426208e+02 +6.299426208e+02 +6.955526208e+02 +6.955526208e+02 +4.6580e-01 +3.4937e-02 -7.0250e-01 -1.1279e+00 +9.7266e-01 -4.8888e-01 +9.6875e-01 +3.1340e-01 -2.6172e-01 +4.7616e-01 +2.6731e-01 +3.8073e-01 -1.0927e+00 -3.8810e-01 -1.0949e+00 +7.7902e-01 -2.8089e-02 +9.4594e-02 -3.0738e-01 -7.2108e-02
5395 +3.970885230e+02 +3.970885230e+02 +4.626985230e+02 +4.626985230e+02 +2.1471e-01 -1.9424e-01 -6.4719e-01 -1.1005e+00 +8.4959e-01 -6.6384e-01 +6.4086e-01 +4.8559e-01 -3.1562e-01 +1.9866e-01 +5.8613e-01 +3.4738e-01 -7.4035e-01 -2.3930e-01 -1.0474e+00 +7.4350e-01 -3.1022e-01 +2.4209e-01 -4.8206e-01 -9.3136e-02
6643 +2.360581180e+02 +2.360581180e+02 +3.016681180e+02 +3.016681180e+02 +5.8368e-01 -9.4736e-02 -7.0907e-01 -1.0257e+00 +7.4412e-01 -8.8633e-02 +1.6837e-01 +3.7924e-01 -1.5419e-01 +3.5708e-01 +3.4940e-01 +2.4691e-01 -6.1608e-01 -1.3855e-01 -8.9335e-01 +6.6325e-01 -6.4840e-01 +3.3387e-01 -3.1566e-01 -4.3779e-01
7886 +1.570021073e+02 +1.570021073e+02 +2.226121073e+02 +2.226121073e+02 +3.3688e-01 -1.2863e-01 -5.1902e-01 -1.0402e+00 +6.8228e-01 +2.1986e-01 +2.0683e-03 +3.9234e-01 -2.4917e-01 +4.9518e-01 +3.2831e-01 -1.0194e-01 -5.2792e-01 -3.6550e-01 -5.4365e-01 +5.9801e-01 -7.3472e-01 +2.7446e-01 -3.2328e-01 -3.3009e-01
9524 +9.817475359e+01 +9.817475359e+01 +1.637847536e+02 +1.637847536e+02 +4.1830e-01 -1.7120e-01 -1.1813e-01 -8.7627e-01 +2.8861e-01 +3.7598e-01 -1.1084e-01 +5.5243e-01 -2.5264e-01 +5.6961e-01 +2.1310e-01 +2.2970e-02 -7.0602e-01 -2.3122e-01 -2.9584e-01 +6.1891e-01 -6.0760e-01 +3.4112e-01 -1.6332e-01 -3.1448e-01
12673 +6.136478151e+01 +6.136478151e+01 +1.269747815e+02 +1.269747815e+02 +1.3117e-01 -1.2104e-01 +2.2019e-01 -8.8442e-01 +2.1862e-01 +5.8863e-01 -3.0990e-01 +6.3036e-01 -1.1604e-01 +4.9779e-01 -1.0690e-01 -2.9879e-01 -5.8162e-01 -1.3735e-01 -3.4670e-01 +4.1404e-01 -4.3518e-01 +4.3600e-01 +2.5363e-01 -5.0706e-01
14054 +3.941286435e+01 +3.941286435e+01 +1.050228643e+02 +1.050228643e+02 -2.4875e-01 -1.9448e-01 +1.7836e-01 -7.4228e-01 +3.4540e-01 +8.3721e-01 -5.6603e-01 +7.4826e-01 +2.4025e-02 +3.3737e-01 -2.0496e-02 -4.1921e-01 -5.7643e-01 -8.4227e-02 -4.6025e-01 +1.7866e-01 -2.1314e-01 +1.7634e-01 +5.6368e-01 -3.8262e-01
17487 +2.347770733e+01 +2.347770733e+01 +8.908770733e+01 +8.908770733e+01 -1.2266e-01 -3.5031e-01 +1.1476e-01 -8.0573e-01 +5.8512e-01 +8.6855e-01 -5.5461e-01 +8.7817e-01 +2.3170e-01 +1.2913e-01 +9.4285e-03 -5.0860e-01 -6.0833e-01 -1.0753e-01 -5.4971e-01 +1.1338e-01 -2.4345e-01 +3.0637e-01 +5.3835e-01 -6.6656e-01
% function evaluation | noise-free fitness - Fopt (-1.536000000000e+01) | best noise-free fitness - Fopt | measured fitness | best measured fitness | x1 | x2...
1 +2.747499881e+05 +2.747499881e+05 +2.747346281e+05 +2.747346281e+05 +1.8638e+00 -1.3151e+00 -2.3850e+00 -2.8928e+00 +2.0334e+00 +1.9106e+00 -3.7589e+00 +3.1441e+00 +3.4617e+00 -5.3980e-01 -2.3979e+00 +3.6926e+00 -3.9955e+00 -6.4374e-01 +3.4615e+00 +3.3065e+00 -1.3471e+00 -2.7720e+00 -1.7559e+00 -2.7156e+00
2 +1.228454342e+05 +1.228454342e+05 +1.228300742e+05 +1.228300742e+05 -1.0540e+00 +3.0774e+00 -2.3195e+00 -1.8798e+00 +1.5037e+00 -2.7236e+00 +9.0336e-01 -1.7709e+00 +1.6229e+00 -2.7688e+00 +3.8758e+00 -3.5751e+00 -3.1557e-01 -2.1419e+00 -3.9848e-01 -3.6027e+00 +3.4642e+00 -4.2890e-01 -3.6838e-02 +7.7124e-01
4 +6.622898411e+04 +6.622898411e+04 +6.621362411e+04 +6.621362411e+04 -3.7888e+00 -7.6583e-02 +1.5790e+00 +1.3482e+00 -1.1473e+00 -1.5148e+00 -1.2170e+00 +2.2978e+00 +2.2128e+00 +2.1858e+00 +1.0744e+00 -2.3099e+00 +3.1768e-01 -1.1779e+00 -5.0185e-01 +3.1453e+00 +3.2603e+00 -4.2055e-01 +7.8665e-01 -2.1013e+00
5 +5.942827228e+04 +5.942827228e+04 +5.941291228e+04 +5.941291228e+04 +1.1579e+00 -3.0836e-01 +3.4610e+00 -2.1002e+00 -8.3385e-01 +2.7222e+00 -1.8697e-01 -1.0811e+00 +1.0017e+00 -5.4194e-01 +6.6630e-01 -6.8570e-03 -3.4910e+00 -2.4358e+00 -2.5657e+00 +9.5331e-01 -1.4274e+00 -7.1893e-01 -2.0130e+00 -1.4964e+00
25 +2.392839894e+04 +2.392839894e+04 +2.391303894e+04 +2.391303894e+04 -5.4241e-02 +2.4358e-02 +1.6422e+00 -1.5296e+00 -1.0050e+00 -2.1886e+00 +1.7936e+00 +1.6157e+00 +2.1760e+00 +2.2114e+00 +1.1434e+00 -2.0204e+00 +7.9387e-02 +1.4126e+00 -1.0228e+00 -1.4281e+00 +1.8717e+00 +9.6245e-01 -8.4909e-01 +6.5709e-01
125 +9.594408231e+03 +9.594408231e+03 +9.579048231e+03 +9.579048231e+03 +3.6137e-01 +1.9840e+00 +7.9701e-01 -1.3349e+00 -1.0549e+00 +1.1266e+00 -2.6779e+00 +1.8098e+00 -1.8626e+00 -2.7335e-01 +9.4403e-01 -2.4984e-01 -5.1695e-01 -5.9277e-01 +1.8034e+00 -2.8662e+00 -2.4530e+00 -2.1888e-01 -3.8206e-02 -1.0251e+00
489 +3.592652397e+03 +3.592652397e+03 +3.577292397e+03 +3.577292397e+03 -1.3278e+00 -1.1168e+00 +8.0601e-01 +2.2715e+00 -7.4185e-01 +5.6863e-01 +4.2715e-01 +1.6600e+00 +3.9154e-01 -1.5828e-02 +5.2416e-01 +4.5858e-02 +2.0906e+00 +1.1519e+00 -2.6364e-02 +2.0629e-01 +1.5664e+00 -1.3842e+00 +7.5434e-01 +3.9592e-01
1111 +2.252456360e+03 +2.252456360e+03 +2.237096360e+03 +2.237096360e+03 -1.3363e+00 -8.3219e-01 +7.3087e-01 +1.9360e+00 -6.1684e-01 +3.5939e-01 +5.8583e-01 +1.3849e+00 +2.7937e-01 -2.1390e-01 +5.9160e-01 -2.1175e-01 +2.2259e+00 +9.5524e-01 -1.6665e-02 +1.0196e-01 +1.5729e+00 -1.3459e+00 +6.5910e-01 +2.5850e-01
1974 +1.581956256e+03 +1.581956256e+03 +1.566596256e+03 +1.566596256e+03 -1.1397e+00 -6.1658e-01 +6.7550e-01 +1.7884e+00 -6.0096e-01 +5.3648e-01 +5.1557e-01 +1.3124e+00 +1.1915e-01 -3.6460e-01 +4.8627e-01 -6.4940e-02 +2.0751e+00 +9.0148e-01 -2.2622e-01 -2.4890e-02 +1.4512e+00 -1.3809e+00 +5.0835e-01 +3.3452e-01
2753 +9.784027498e+02 +9.784027498e+02 +9.630427498e+02 +9.630427498e+02 -1.2271e+00 -5.2185e-01 +9.3260e-01 +1.6128e+00 -5.5663e-01 +3.6339e-01 +5.8643e-01 +1.1986e+00 +2.2466e-01 -5.3138e-01 +3.0135e-01 -2.8184e-01 +2.1043e+00 +5.8983e-01 -2.2103e-01 -1.0838e-01 +1.3342e+00 -1.0905e+00 +6.0650e-01 +5.3941e-01
3749 +6.093218835e+02 +6.093218835e+02 +5.939618835e+02 +5.939618835e+02 -1.1278e+00 -4.1110e-01 +7.5943e-01 +1.1831e+00 -6.0673e-01 +4.1878e-01 +6.3276e-01 +9.2548e-01 +2.5375e-01 -5.3697e-01 +2.3578e-01 -4.5136e-02 +1.9208e+00 +6.9532e-01 -2.3971e-01 -7.6844e-02 +1.3032e+00 -9.6895e-01 +3.5145e-01 +5.0183e-01
4747 +3.980276960e+02 +3.980276960e+02 +3.826676960e+02 +3.826676960e+02 -1.4148e+00 -2.0636e-01 +7.6364e-01 +1.0150e+00 -5.4569e-01 -1.3068e-01 +7.9444e-01 +7.5907e-01 +2.8548e-01 -5.7108e-01 +8.4067e-02 -3.8073e-02 +1.6930e+00 +5.6116e-01 -2.1063e-01 +8.4564e-02 +1.0774e+00 -6.1746e-01 +3.1257e-01 +4.6891e-01
6128 +2.417765905e+02 +2.417765905e+02 +2.264165905e+02 +2.264165905e+02 -1.2387e+00 -1.9996e-01 +7.5435e-01 +7.1985e-01 -5.3514e-01 -9.4042e-02 +3.7489e-01 +2.6179e-01 +1.7383e-01 -7.6620e-01 +9.9526e-02 +2.6640e-01 +1.3339e+00 +2.8367e-01 -4.2080e-01 +2.5029e-02 +7.5585e-01 -6.4185e-01 -9.1772e-03 +5.3022e-01
7165 +1.569001669e+02 +1.569001669e+02 +1.415401669e+02 +1.415401669e+02 -1.1864e+00 +2.3143e-03 +5.6561e-01 +6.6206e-01 -6.6331e-01 -1.8113e-01 +1.3997e-01 -3.4798e-02 +1.2479e-01 -6.1846e-01 +4.1156e-01 +6.9394e-02 +1.0288e+00 +3.7791e-01 -4.2362e-01 +1.9586e-01 +5.5562e-01 -4.3579e-01 -4.1437e-02 +6.2912e-01
8281 +9.970580264e+01 +9.970580264e+01 +8.434580264e+01 +8.434580264e+01 -1.1797e+00 +1.4374e-01 +4.5937e-01 +4.2966e-01 -7.6701e-01 -1.5722e-01 -2.4598e-02 -8.7532e-02 +2.2946e-01 -4.4733e-01 +6.3987e-01 -1.9748e-01 +7.2491e-01 +1.1287e-01 -5.0479e-01 +7.7576e-02 +4.8559e-01 -2.9811e-01 +4.1751e-02 +4.2395e-01
9280 +6.266430635e+01 +6.266430635e+01 +4.730430635e+01 +4.730430635e+01 -1.1797e+00 +3.0092e-01 +3.6377e-01 +3.6924e-01 -8.3023e-01 +6.3084e-02 -1.8997e-01 -1.2872e-01 +6.9152e-02 -3.1342e-01 +6.4968e-01 -2.3320e-01 +3.9744e-01 -3.1467e-05 -9.3256e-02 +8.9791e-02 +2.3502e-01 -1.1341e-01 +2.2235e-02 +3.5793e-01
10068 +3.407800481e+01 +3.407800481e+01 +1.871800481e+01 +1.871800481e+01 -1.1689e+00 +5.3236e-01 +2.9889e-01 +3.5196e-01 -9.3680e-01 -1.3631e-01 -2.0622e-01 -2.1733e-01 -1.4000e-01 -1.5333e-01 +4.1862e-01 -1.2289e-01 +2.9305e-01 -7.2641e-02 -3.0519e-01 -5.5125e-02 +2.5705e-01 -6.6362e-02 -1.1060e-02 +3.5058e-01
11557 +2.341323004e+01 +2.341323004e+01 +8.053230038e+00 +8.053230038e+00 -1.0885e+00 +5.1950e-01 +5.0973e-02 +2.6977e-01 -9.3813e-01 +4.5698e-02 -4.3380e-01 -4.3401e-01 -3.3845e-01 -1.0707e-01 +4.6038e-01 -1.9829e-01 +3.0181e-01 -1.6855e-01 -5.7888e-01 +8.7783e-02 +1.1018e-01 -1.7912e-01 -6.1984e-03 +5.2473e-01
% function evaluation | noise-free fitness - Fopt (-1.318000000000e+01) | best noise-free fitness - Fopt | measured fitness | best measured fitness | x1 | x2...
1 +8.666879138e+04 +8.666879138e+04 +8.665561138e+04 +8.665561138e+04 -4.0621e-01 +1.9986e+00 +2.9271e+00 +2.9608e+00 +2.0298e-01 +2.3573e+00 +1.6677e+00 -3.9919e+00 +7.4498e-02 +5.1781e-01 +2.3156e+00 +3.2077e+00 -2.3394e+00 -9.5312e-01 -2.0262e+00 +1.1124e+00 -2.4154e+00 +1.3244e-02 +1.3968e-01 +2.4475e+00
22 +3.434017095e+04 +3.434017095e+04 +3.432699095e+04 +3.432699095e+04 -3.8733e+00 -2.7808e+00 -6.7950e-01 -1.5989e+00 -1.0031e+00 -1.7124e+00 +7.5981e-01 -1.5827e+00 +1.1513e+00 -1.4568e+00 +1.1085e+00 +5.9157e-02 -1.1741e+00 +1.0683e+00 -1.5775e+00 -8.6555e-01 +2.1102e+00 +9.1323e-01 +3.2120e-01 +1.5829e+00
74 +2.122862671e+04 +2.122862671e+04 +2.121544671e+04 +2.121544671e+04 -9.2968e-01 +2.7998e-01 +1.2384e+00 -1.6182e-01 -3.1358e+00 +2.1578e+00 -2.0721e+00 -1.4978e+00 -3.2055e-01 +2.3375e+00 -6.9266e-01 -2.1601e+00 +2.1995e-01 -1.8145e-01 +2.1068e-01 -8.1900e-02 -8.2060e-01 +2.4682e+00 +2.9129e+00 -3.3222e-02
99 +1.441535324e+04 +1.441535324e+04 +1.440217324e+04 +1.440217324e+04 -1.1849e+00 +1.5154e+00 -1.1174e+00 -1.3070e+00 -1.4082e+00 -1.5001e+00 -1.6639e+00 -3.0155e-01 +7.7212e-01 +1.4188e+00 +9.1584e-01 -3.7386e-01 -2.6251e-01 -4.3892e-01 +1.7483e+00 +1.8812e-01 -2.1347e+00 +1.0598e+00 -1.0395e+00 -1.6422e+00
203 +9.975545620e+03 +9.975545620e+03 +9.962365620e+03 +9.962365620e+03 -1.0865e+00 +6.0992e-01 +1.0385e+00 -1.1647e+00 -1.8892e+00 -2.6093e-01 -2.0410e+00 -4.1270e-01 +7.5334e-01 +1.5420e+00 -4.9996e-01 -1.7457e+00 -3.1978e-01 -1.2425e-01 +3.1948e-01 +1.3366e-01 -1.0106e+00 +1.7421e+00 +9.4855e-01 -4.0197e-01
732 +6.277509995e+03 +6.277509995e+03 +6.264329995e+03 +6.264329995e+03 -1.2609e+00 +5.8016e-01 +1.2126e-01 -1.2420e+00 -1.4111e+00 -1.0078e+00 -1.5746e+00 -2.2406e-01 +8.1195e-01 +1.2400e+00 +1.6344e-01 -1.6045e+00 -1.8927e-01 -3.4383e-01 +3.6980e-01 +3.7826e-01 -1.3658e+00 +1.4030e+00 +6.6729e-02 -1.3242e+00
1711 +3.817964202e+03 +3.817964202e+03 +3.804784202e+03 +3.804784202e+03 -1.2523e+00 +3.7518e-01 +3.0976e-02 -1.4722e+00 -1.3200e+00 -9.4583e-01 -1.1955e+00 -2.1120e-01 +6.5666e-01 +1.0622e+00 +4.8450e-02 -1.5816e+00 +2.7479e-02 -3.7831e-01 +1.2630e-01 +6.5485e-01 -1.1725e+00 +1.1149e+00 -9.6778e-03 -1.1929e+00
2256 +2.485699450e+03 +2.485699450e+03 +2.472519450e+03 +2.472519450e+03 -1.2623e+00 +4.1638e-01 +1.5489e-01 -1.5560e+00 -1.2459e+00 -7.2990e-01 -1.0450e+00 -2.8893e-01 +5.9610e-01 +9.0243e-01 +2.5507e-02 -1.2876e+00 -8.5229e-02 -3.8457e-01 -1.6612e-01 +6.0367e-01 -9.9900e-01 +9.1408e-01 +2.3671e-01 -1.0363e+00
3224 +1.575913466e+03 +1.575913466e+03 +1.562733466e+03 +1.562733466e+03 -1.1789e+00 +5.2265e-01 +1.6720e-01 -1.5637e+00 -9.1961e-01 -6.7615e-01 -9.6528e-01 -2.9958e-01 +8.2917e-01 +7.3803e-01 -1.9178e-01 -9.8085e-01 -8.3948e-02 -4.3039e-01 -9.9402e-02 +6.7601e-01 -8.0688e-01 +9.2813e-01 +3.5373e-01 -1.0126e+00
3741 +9.710947688e+02 +9.710947688e+02 +9.579147688e+02 +9.579147688e+02 -1.2095e+00 +3.1290e-01 +1.7624e-01 -1.4682e+00 -8.8728e-01 -5.8148e-01 -7.8179e-01 -1.6344e-01 +9.0517e-01 +6.6071e-01 -1.7887e-01 -7.6124e-01 -1.9858e-01 -8.5041e-02 +1.7161e-01 +7.1078e-01 -7.3586e-01 +9.2582e-01 +2.7194e-01 -1.1966e+00
4732 +6.071953924e+02 +6.071953924e+02 +5.940153924e+02 +5.940153924e+02 -1.0271e+00 +3.6293e-01 +5.3561e-02 -1.4460e+00 -8.5551e-01 -5.3368e-01 -5.4790e-01 -1.6949e-01 +9.3293e-01 +5.1008e-01 -8.4492e-02 -5.1986e-01 -2.2547e-01 +2.0061e-01 +3.5296e-01 +8.2907e-01 -7.6570e-01 +8.2206e-01 +7.8296e-02 -1.0477e+00
5251 +3.854070025e+02 +3.854070025e+02 +3.722270025e+02 +3.722270025e+02 -8.7105e-01 -1.6896e-01 -3.6738e-02 -1.3736e+00 -6.5531e-01 -7.6665e-01 -4.5414e-01 -2.8930e-01 +7.4051e-01 +3.5873e-01 -8.8724e-02 -1.6788e-01 -2.1742e-01 +2.8268e-01 +1.9818e-01 +7.4783e-01 -6.0899e-01 +7.2542e-01 +3.9416e-01 -8.6312e-01
6393 +2.365155571e+02 +2.365155571e+02 +2.233355571e+02 +2.233355571e+02 -6.6308e-01 -3.2006e-01 +3.4931e-01 -1.4315e+00 -5.2108e-01 -5.9065e-01 -2.9741e-01 -9.7867e-02 +6.0277e-01 +5.0409e-01 -1.1311e-01 -3.5002e-01 -6.0188e-01 +1.2395e-01 +3.0324e-01 +9.1980e-01 -2.7556e-01 +7.0630e-01 +2.0987e-01 -6.4021e-01
8017 +1.568828376e+02 +1.568828376e+02 +1.437028376e+02 +1.437028376e+02 -4.9912e-01 -4.7655e-02 +3.6835e-01 -1.4763e+00 -1.2480e-01 -4.6028e-01 -1.9054e-01 -9.3550e-02 +2.8272e-01 +2.6040e-01 -1.3717e-01 -3.9509e-01 -3.0493e-01 +3.7674e-01 +1.3881e-01 +9.9267e-01 -3.5159e-02 +3.3524e-01 -4.1370e-03 -4.1959e-01
9993 +9.266475435e+01 +9.266475435e+01 +7.948475435e+01 +7.948475435e+01 -4.5790e-01 +5.7942e-01 -9.3380e-02 -4.0559e-01 +4.1609e-01 +8.8559e-01 +5.3641e-01 -5.3783e-01 +5.3003e-01 +5.0902e-01 +7.1590e-01 +9.1555e-01 -4.3669e-01 +1.0260e-01 +2.0157e-01 -3.5756e-01 +1.0196e+00 +4.3562e-01 +5.9859e-01 +1.6997e-01
11120 +5.871905406e+01 +5.871905406e+01 +4.553905406e+01 +4.553905406e+01 -5.2098e-01 +6.5031e-01 -3.3217e-02 -2.1085e-01 +7.5234e-02 +8.3755e-01 +4.2126e-01 -4.6855e-01 +3.9902e-01 +5.0149e-01 +7.7270e-01 +7.5814e-01 -3.7862e-01 +1.4428e-01 +9.0645e-02 -1.5560e-01 +1.0835e+00 +2.0203e-01 +6.3488e-01 +1.4463e-01
12365 +3.823380548e+01 +3.823380548e+01 +2.505380548e+01 +2.505380548e+01 -2.8896e-01 +7.9758e-01 +1.3844e-01 -1.2616e-01 +5.7204e-02 +8.6137e-01 +4.9944e-01 -4.6519e-01 +1.6199e-01 +6.8151e-01 +8.5053e-01 +5.3923e-01 -6.2187e-01 +3.2196e-01 +1.1218e-02 -2.0275e-01 +1.0896e+00 +4.0461e-01 +6.3744e-01 -4.9340e-02
17898 +2.383242600e+01 +2.383242600e+01 +1.065242600e+01 +1.065242600e+01 -4.5033e-01 +2.1032e-01 -3.0760e-02 -9.9429e-01 +4.4132e-01 +7.9084e-01 +7.5582e-01 +3.2601e-01 -2.7977e-01 +1.5813e-01 +4.9774e-01 +4.2389e-01 -1.8578e-01 -8.2553e-02 -1.8269e-01 +4.1272e-02 +3.7475e-01 +1.8284e-01 +3.0432e-01 -4.4876e-01
% function evaluation | noise-free fitness - Fopt (-6.052000000000e+01) | best noise-free fitness - Fopt | measured fitness | best measured fitness | x1 | x2...
1 +3.885089357e+04 +3.885089357e+04 +3.879037357e+04 +3.879037357e+04 +1.9665e+00 +2.6198e+00 -3.1996e+00 -8.8941e-01 -9.0191e-01 +2.3136e+00 -3.6256e-01 +7.9229e-01 +8.4184e-01 +2.9492e+00 +1.7718e+00 +7.0386e-01 +2.7181e+00 +7.7830e-01 -2.8716e+00 +1.6668e+00 +7.9910e-01 +2.0050e+00 +1.7796e+00 +2.5413e+00
50 +1.632282756e+04 +1.632282756e+04 +1.626230756e+04 +1.626230756e+04 -9.4938e-01 +1.6857e+00 -2.7444e-02 +1.7360e+00 -1.9056e+00 -1.3624e+00 -1.3319e+00 -1.3235e+00 -2.9919e-01 -7.1765e-01 -1.1200e-01 -4.7451e-01 +2.3245e+00 +1.0458e-01 -1.3258e+00 +6.2738e-01 -2.2678e-01 -2.6140e+00 +2.5103e+00 +7.3706e-01
79 +1.109140978e+04 +1.109140978e+04 +1.103088978e+04 +1.103088978e+04 -1.5387e-01 +1.0026e+00 +3.8820e-01 -4.2608e-02 -7.4789e-02 +2.3591e-01 +8.1659e-01 -1.6057e-01 +1.9421e-01 -1.0058e+00 +7.2561e-01 +3.5797e-01 +2.4343e+00 +1.1121e-01 -1.4499e+00 -1.2639e+00 +5.5528e-01 -3.6414e+00 +1.8855e+00 +1.0001e+00
217 +9.151492706e+03 +9.151492706e+03 +9.090972706e+03 +9.090972706e+03 -4.7645e-01 +1.1947e+00 +2.5371e-02 +3.1732e-01 -4.9506e-01 -6.1918e-01 -9.3762e-01 -7.4285e-01 +1.1832e-01 -9.9087e-01 +2.4540e-02 +5.2800e-02 +2.4266e+00 +3.3045e-02 -1.3056e+00 -3.2213e-02 +1.5251e-01 -2.8043e+00 +2.1590e+00 +9.8484e-01
604 +6.126816844e+03 +6.126816844e+03 +6.066296844e+03 +6.066296844e+03 -4.7280e-01 +8.6739e-01 +2.5080e-01 -8.1496e-02 -4.3393e-01 -6.0919e-01 -3.5821e-01 -2.1188e-01 +2.5763e-01 -9.0953e-01 +2.6257e-01 +1.2640e-01 +2.2404e+00 -3.9200e-02 -1.3781e+00 +4.0645e-03 +4.0788e-01 -2.8077e+00 +1.8514e+00 +9.7518e-01
1256 +3.853370799e+03 +3.853370799e+03 +3.792850799e+03 +3.792850799e+03 -5.1626e-01 +6.3783e-01 +6.5473e-01 -4.0475e-01 -3.6017e-01 -3.3947e-01 -3.9785e-01 +3.5129e-02 +4.3227e-01 -8.9614e-01 +3.6534e-01 +6.8547e-02 +2.2711e+00 -3.3160e-02 -1.4088e+00 -1.5008e-02 +2.0124e-01 -2.5874e+00 +1.6807e+00 +9.8226e-01
2102 +2.442890712e+03 +2.442890712e+03 +2.382370712e+03 +2.382370712e+03 -3.6036e-01 +8.6027e-01 +7.3933e-01 -1.3265e-01 -4.9116e-01 -1.1905e-01 -4.2528e-01 +2.9749e-01 +8.6001e-02 -9.2375e-01 +1.9649e-01 -4.4904e-02 +2.2749e+00 -6.1821e-02 -1.1881e+00 +3.4312e-01 +1.3648e-01 -2.0904e+00 +1.3879e+00 +8.9448e-01
2637 +1.575866602e+03 +1.575866602e+03 +1.515346602e+03 +1.515346602e+03 -7.2724e-02 +7.6175e-01 +9.2803e-01 -6.2658e-02 -6.2519e-01 -2.0669e-01 -5.2520e-01 -7.1929e-02 +2.1540e-02 -1.0115e+00 -5.7653e-02 +9.1403e-02 +2.2000e+00 -9.8834e-02 -1.3779e+00 +2.0239e-01 +6.3676e-02 -1.8742e+00 +1.1469e+00 +9.2574e-01
3614 +9.485473380e+02 +9.485473380e+02 +8.880273380e+02 +8.880273380e+02 -3.4399e-01 +7.1737e-01 +1.1744e+00 +3.1247e-02 -4.6490e-01 +2.3198e-01 -6.1545e-01 +1.9195e-01 -4.6183e-02 -9.3067e-01 -2.7138e-01 +2.2510e-01 +1.9661e+00 +1.2415e-01 -1.3310e+00 +3.1129e-01 -3.3462e-02 -1.7999e+00 +8.6414e-01 +9.7510e-01
4606 +6.149154556e+02 +6.149154556e+02 +5.543954556e+02 +5.543954556e+02 -5.5347e-02 +3.4322e-01 +1.3520e+00 -2.7864e-01 -6.3505e-02 +1.7204e-01 -5.2476e-01 +2.8462e-01 -1.4304e-01 -6.8626e-01 -2.5700e-01 +1.9290e-01 +1.8875e+00 +1.5789e-01 -1.2855e+00 +7.5609e-02 +8.1766e-02 -1.3410e+00 +8.5390e-01 +6.4991e-01
5395 +3.900147105e+02 +3.900147105e+02 +3.294947105e+02 +3.294947105e+02 -3.3557e-01 +5.5609e-01 +1.0977e+00 -4.4772e-01 +2.2491e-02 +1.9686e-01 -6.4457e-01 +3.4494e-01 -2.1617e-01 -6.7555e-01 -2.8976e-01 +2.7774e-01 +1.6608e+00 +1.8145e-01 -1.2012e+00 -7.5292e-02 -3.5941e-01 -1.0031e+00 +7.7954e-01 +7.5468e-01
6913 +2.454447923e+02 +2.454447923e+02 +1.849247923e+02 +1.849247923e+02 -4.0893e-01 +2.4536e-01 +9.5872e-01 -4.6237e-01 +1.0796e-01 +2.4539e-01 -4.5651e-01 +3.3630e-01 -2.9064e-01 -5.0512e-01 -3.1388e-01 +2.4065e-01 +1.2077e+00 +4.4477e-01 -9.8892e-01 +2.9455e-02 -6.8109e-01 -6.3631e-01 +7.4219e-01 +4.2834e-01
8417 +1.537961975e+02 +1.537961975e+02 +9.327619746e+01 +9.327619746e+01 -5.4952e-01 +4.7227e-02 +8.4204e-01 -4.2759e-01 +1.1455e-01 +5.0273e-02 -1.4949e-01 +2.4674e-01 -1.0780e-01 -8.0433e-02 -1.4896e-01 +4.7721e-01 +9.4465e-01 +2.9041e-01 -3.7909e-01 -8.7303e-02 -8.6102e-01 -5.4991e-01 +6.2228e-01 +2.9473e-01
9283 +9.620389744e+01 +9.620389744e+01 +3.568389744e+01 +3.568389744e+01 -5.2407e-01 -2.4744e-01 +6.6681e-01 -4.6013e-01 -5.0064e-02 -3.4487e-02 +1.2751e-01 +2.2850e-01 -1.0548e-01 +2.1313e-01 +1.2748e-01 +1.5476e-01 +9.1163e-01 +2.5409e-01 -1.8729e-01 -1.0858e-01 -1.3950e+00 -2.6663e-01 +5.5811e-01 +3.0846e-01
10175 +6.187568538e+01 +6.187568538e+01 +1.355685379e+00 +1.355685379e+00 -5.3298e-01 -3.5335e-01 +6.8863e-01 -4.1594e-01 -1.7289e-01 -1.2431e-01 +1.7305e-01 +1.7349e-01 -1.1319e-01 +1.1723e-01 +2.6728e-01 +7.5399e-02 +7.6688e-01 +3.1595e-01 +9.0884e-02 -1.4710e-01 -1.1921e+00 -1.5192e-01 +3.2788e-01 +3.1975e-01
11045 +3.957265499e+01 +3.957265499e+01 -2.094734501e+01 -2.094734501e+01 -4.7115e-01 -5.5918e-01 +7.6077e-01 -2.8860e-01 +1.3158e-02 -1.1766e-01 +3.2431e-01 +7.9890e-02 -1.5056e-01 +2.6702e-01 +3.9269e-01 +1.0528e-02 +6.6524e-01 +7.6165e-02 +2.8146e-01 -2.1401e-01 -1.2084e+00 -2.4874e-01 +1.5432e-01 +3.2376e-01
12548 +2.414617905e+01 +2.414617905e+01 -3.637382095e+01 -3.637382095e+01 -5.6087e-01 -3.4388e-01 +9.8177e-01 -2.8502e-01 +1.2125e-01 -2.2086e-01 +3.0293e-01 +1.5116e-01 -1.5648e-01 -9.9406e-03 +4.4524e-01 +6.3901e-02 +6.4509e-01 +2.0327e-01 +4.6082e-01 -4.1011e-01 -1.1641e+00 -7.3486e-03 +1.7681e-01 +2.5773e-01
% function evaluation | noise-free fitness - Fopt (1.844000000000e+02) | best noise-free fitness - Fopt | measured fitness | best measured fitness | x1 | x2...
1 +1.551648240e+05 +1.551648240e+05 +1.553492240e+05 +1.553492240e+05 -1.0022e+00 -2.0378e+00 -6.8260e-01 -1.5486e+00 -2.3102e-02 -2.8655e+00 +1.4606e+00 +2.9995e+00 +2.8998e+00 +3.8578e+00 -1.5055e+00 -3.3537e+00 -6.2639e-01 +2.8849e+00 +2.4931e+00 +3.0441e+00 +1.4057e+00 +1.8249e-01 -2.3825e+00 -2.5820e-01
6 +9.070964058e+04 +9.070964058e+04 +9.089404058e+04 +9.089404058e+04 +2.0592e+00 +3.2723e+00 +2.4821e-01 -4.1293e-01 +9.6427e-01 -2.8336e+00 -2.7915e-01 -7.0469e-01 -1.6449e+00 +2.8282e+00 -3.6677e+00 -5.9102e-01 +3.6080e+00 -2.5419e+00 +2.0766e+00 -2.6780e+00 -1.9412e-01 +8.5687e-01 -1.3967e+00 +1.8676e+00
14 +5.060223761e+04 +5.060223761e+04 +5.078663761e+04 +5.078663761e+04 -3.3660e+00 -2.6165e+00 -5.5462e-01 -3.2935e-03 -1.5707e-02 -1.4942e+00 +4.0138e-02 +2.8223e+00 -3.9239e+00 +1.4163e+00 -1.7855e+00 -8.1212e-01 +3.5591e+00 -2.8117e+00 -8.6501e-02 +3.7711e-01 +2.7436e+00 -1.6921e+00 +1.4409e-01 +1.0782e-01
27 +3.858519975e+04 +3.858519975e+04 +3.876959975e+04 +3.876959975e+04 -3.3816e+00 -1.0697e+00 -1.4191e+00 +8.0955e-01 +2.9554e-02 -8.9416e-01 +1.6188e+00 +1.9428e+00 -1.2561e+00 +6.3271e-01 -1.8559e+00 -9.8751e-01 -5.6189e-01 -2.3490e+00 +1.0122e+00 +4.8619e-01 +3.4005e+00 -1.8094e+00 +1.5927e+00 -9.1953e-01
124 +1.679070067e+04 +1.679070067e+04 +1.697510067e+04 +1.697510067e+04 -3.6138e-01 +4.2244e-02 +1.5370e-01 -3.7750e-01 +1.5618e+00 -3.0235e+00 -9.3145e-01 +3.0358e+00 +6.5965e-01 -2.1090e+00 +1.5120e-01 +4.8417e-01 -2.1336e+00 +7.9497e-01 +1.3407e+00 +2.6998e-01 -1.1059e+00 +2.9023e-01 +1.3213e+00 +9.8106e-01
168 +1.265860279e+04 +1.265860279e+04 +1.284300279e+04 +1.284300279e+04 -3.2004e-01 +2.3363e+00 -9.9828e-01 +1.2269e+00 +2.1789e+00 -3.5127e-01 +7.7116e-01 +2.1441e+00 -1.5645e+00 +1.1599e+00 -1.7681e+00 -3.0407e-02 +4.8563e-01 -7.1310e-01 +5.1000e-01 +6.0842e-01 +3.2441e+00 -1.9493e-01 -5.2645e-02 +5.3604e-01
544 +9.998441776e+03 +9.998441776e+03 +1.018284178e+04 +1.018284178e+04 -2.4687e-01 +2.2018e+00 -8.1743e-01 +1.4012e+00 +1.9624e+00 -3.7058e-01 +8.0063e-01 +2.0542e+00 -1.4168e+00 +9.6447e-01 -1.7442e+00 +1.8318e-01 +3.7705e-01 -6.1924e-01 +4.9298e-01 +7.3734e-01 +3.1002e+00 -4.1189e-01 +6.6927e-03 +7.0437e-01
1798 +6.121695773e+03 +6.121695773e+03 +6.306095773e+03 +6.306095773e+03 -2.1995e-01 +2.0876e+00 -4.2405e-01 +1.2629e+00 +1.8886e+00 -1.7293e-01 +6.8002e-01 +1.7766e+00 -1.1102e+00 +9.0360e-01 -1.8507e+00 -1.0678e-01 +4.5098e-01 -4.0017e-01 +3.0694e-01 +5.5773e-01 +2.7440e+00 -4.1422e-01 -9.6815e-02 +7.9340e-01
2577 +3.809719663e+03 +3.809719663e+03 +3.994119663e+03 +3.994119663e+03 -2.0750e-01 +1.8232e+00 -2.7590e-01 +9.8568e-01 +1.9419e+00 -7.6524e-02 +7.1580e-01 +1.6067e+00 -1.0469e+00 +6.3648e-01 -1.7928e+00 -2.0847e-01 +4.4486e-01 -3.2052e-01 +2.4535e-01 +2.5971e-01 +2.5276e+00 -5.2992e-01 +7.7548e-03 +7.7517e-01
3613 +2.479575926e+03 +2.479575926e+03 +2.663975926e+03 +2.663975926e+03 +2.7085e-01 -5.2183e-01 +2.2496e-01 +6.7766e-02 +1.6907e+00 -1.5995e-01 +7.2329e-01 -1.0488e-01 -5.1413e-02 -6.6028e-01 -5.0559e-01 +1.7500e-01 -1.9577e-01 -1.2859e+00 +1.9858e+00 -2.1429e+00 -8.0838e-01 -2.2024e-01 +1.6864e+00 +2.7841e-01
4285 +1.553289150e+03 +1.553289150e+03 +1.737689150e+03 +1.737689150e+03 +4.2824e-01 -4.0353e-01 +3.5782e-01 -2.6421e-02 +1.6120e+00 -3.2755e-01 +8.5252e-01 -1.2213e-01 +1.6081e-01 -6.6406e-01 -2.0821e-01 +3.0394e-01 -3.8238e-02 -1.0519e+00 +1.9150e+00 -1.9329e+00 -6.0545e-01 -1.7235e-01 +1.3890e+00 +1.9399e-01
5138 +9.099610905e+02 +9.099610905e+02 +1.094361090e+03 +1.094361090e+03 +7.8336e-01 -5.3147e-01 +3.2721e-01 +1.7591e-01 +1.3732e+00 -1.6724e-01 +6.8688e-01 -2.3542e-01 +1.7567e-01 -2.9812e-01 -3.3385e-01 +1.8174e-01 +6.2415e-02 -8.6098e-01 +1.5364e+00 -1.8507e+00 -5.5124e-01 -3.5327e-02 +1.4002e+00 +2.1858e-01
5643 +6.167185234e+02 +6.167185234e+02 +8.011185234e+02 +8.011185234e+02 +8.1523e-01 -3.7715e-01 +2.8375e-01 +4.6059e-02 +1.3329e+00 -4.5611e-01 +7.3236e-01 -9.0637e-02 +9.9172e-02 -2.4129e-01 -3.4584e-01 +2.8522e-01 +1.5771e-01 -6.2986e-01 +1.4273e+00 -1.8051e+00 -5.0892e-01 -2.5975e-01 +1.2914e+00 +1.6684e-01
6513 +3.831735644e+02 +3.831735644e+02 +5.675735644e+02 +5.675735644e+02 +1.0194e+00 -9.4046e-02 +2.6769e-01 +2.4895e-01 +1.3650e+00 -3.0097e-01 +8.4895e-01 +9.2954e-02 +1.4846e-01 -4.0866e-01 -3.9952e-01 +3.0422e-01 -1.9868e-02 -4.3261e-01 +1.2798e+00 -1.3926e+00 -4.0258e-01 -1.0350e-01 +1.2436e+00 -3.3928e-02
7576 +2.473069200e+02 +2.473069200e+02 +4.317069200e+02 +4.317069200e+02 -2.3198e-01 +9.9441e-01 +5.2615e-02 +2.4196e-01 +1.1925e+00 -1.8399e-01 +9.9412e-01 +9.1988e-01 -4.5139e-01 -3.3195e-02 -6.3277e-01 +1.9905e-01 -5.3743e-01 -3.1220e-01 -3.4484e-01 +2.2744e-01 +9.4084e-01 -3.4643e-01 +4.0572e-01 +8.6409e-01
8483 +1.473437081e+02 +1.473437081e+02 +3.317437081e+02 +3.317437081e+02 -1.7132e-01 +6.7465e-01 +3.7233e-01 +4.0236e-01 +1.0646e+00 -1.2505e-01 +8.4489e-01 +1.0013e+00 -5.0920e-01 -9.8068e-02 -6.8496e-01 +2.4075e-01 -5.6885e-01 -1.5602e-01 -5.0515e-01 +7.1505e-02 +5.1994e-01 -2.6886e-01 +1.5027e-01 +1.0204e+00
9474 +9.441141008e+01 +9.441141008e+01 +2.788114101e+02 +2.788114101e+02 -2.2008e-01 +6.2303e-01 +5.9651e-01 +1.4945e-01 +1.0101e+00 -1.1381e-01 +8.4788e-01 +8.7302e-01 -4.5389e-01 -6.9372e-02 -2.1322e-01 +4.4816e-01 -5.8851e-01 -1.1413e-01 -7.5188e-02 +1.4434e-01 +3.9540e-01 -4.7860e-01 +6.6383e-02 +1.0624e+00
10132 +6.043169562e+01 +6.043169562e+01 +2.448316956e+02 +2.448316956e+02 -8.7856e-02 +7.2515e-01 +6.2295e-01 +2.6273e-01 +1.1322e+00 -2.6815e-03 +8.1327e-01 +8.4799e-01 -4.6516e-01 +3.5989e-02 -1.6525e-01 +3.1029e-01 -5.8630e-01 +2.3412e-02 -5.2313e-02 +1.0058e-01 +1.2796e-01 -3.4262e-01 -6.1632e-02 +8.9980e-01
10865 +3.698099992e+01 +3.698099992e+01 +2.213809999e+02 +2.213809999e+02 +4.6147e-02 +7.6932e-01 +5.9931e-01 +4.6030e-01 +9.4879e-01 +1.1066e-02 +7.4451e-01 +7.2900e-01 -3.6331e-01 +7.2380e-02 -4.4088e-02 +1.5094e-01 -4.3170e-01 +9.6010e-03 -3.0293e-01 +2.0463e-01 -1.4230e-01 -2.9051e-01 -2.4340e-01 +9.2662e-01
12899 +2.278141760e+01 +2.278141760e+01 +2.071814176e+02 +2.071814176e+02 +2.4826e-01 +6.7350e-01 +6.3208e-01 +2.4954e-01 +9.1571e-01 +7.6071e-02 +7.8298e-01 +5.3615e-01 -2.3781e-01 +1.6009e-01 +1.0438e-01 +1.9524e-01 -3.9386e-01 +1.0647e-01 -1.7367e-01 +1.9792e-01 -1.9988e-01 -2.1595e-01 -2.2994e-01 +8.9753e-01
% function evaluation | noise-free fitness - Fopt (2.277700000000e+02) | best noise-free fitness - Fopt | measured fitness | best measured fitness | x1 | x2...
1 +1.839997720e+05 +1.839997720e+05 +1.842275420e+05 +1.842275420e+05 -3.8707e+00 -3.8788e+00 -3.7763e+00 +2.1311e+00 +1.2142e+00 -2.3365e+00 +9.3877e-01 -6.6790e-01 -3.3462e+00 -1.4601e+00 -6.3516e-01 -2.3875e+00 +1.2752e+00 +1.8334e+00 -2.9323e+00 +1.9869e+00 +3.6561e+00 -3.9872e-01 -1.8170e+00 +2.9203e+00
2 +1.367651691e+05 +1.367651691e+05 +1.369929391e+05 +1.369929391e+05 +9.7404e-02 -2.6639e+00 -2.1743e+00 -2.6969e+00 +3.1635e+00 +2.9501e+00 -2.0324e+00 +8.4968e-01 -2.7449e+00 -9.3893e-01 +3.5344e+00 -2.0356e+00 -6.0831e-01 +1.1227e+00 +7.8399e-01 -2.4269e+00 +1.0797e+00 -3.4080e+00 +2.6672e+00 -3.8356e+00
14 +9.144414538e+04 +9.144414538e+04 +9.167191538e+04 +9.167191538e+04 -2.9516e+00 -1.0652e+00 +2.4750e+00 -2.7087e+00 +1.4850e+00 +3.0495e+00 -1.7248e+00 +1.0493e+00 -3.8306e-01 -6.9357e-01 -3.9453e-01 +3.0625e+00 -3.1125e+00 -3.1338e+00 +3.1488e+00 +4.1503e-01 -3.3147e+00 +9.4910e-01 +3.1484e+00 -1.0000e+00
16 +4.242593731e+04 +4.242593731e+04 +4.265370731e+04 +4.265370731e+04 -2.3545e+00 -9.1054e-01 +1.8968e+00 -3.7380e+00 +1.1188e+00 +1.3032e+00 -2.1910e+00 +9.9761e-01 -2.8231e+00 +1.3063e+00 +2.0436e+00 +3.1504e+00 -2.9185e+00 +3.9666e+00 -3.6924e+00 -1.3687e-01 -1.6111e+00 -2.6668e+00 -1.6783e+00 -7.2781e-02
87 +1.152161104e+04 +1.152161104e+04 +1.174938104e+04 +1.174938104e+04 -7.0317e-01 +5.0053e-01 +1.1682e+00 -1.6213e-01 +1.0878e-01 +7.9921e-01 +1.6050e+00 -7.3642e-02 +2.2057e+00 -1.8380e+00 -7.3290e-01 +4.2885e-01 +1.3862e+00 +7.8746e-01 +6.7431e-01 +3.6846e-01 -1.5433e+00 +1.4992e+00 -1.0658e+00 +1.5634e+00
92 +9.393581917e+03 +9.393581917e+03 +9.621351917e+03 +9.621351917e+03 -6.6247e-01 -5.5160e-01 +1.4428e+00 +5.6536e-01 -9.9876e-02 -3.6251e-01 +1.5456e+00 -1.3079e-01 +2.4915e+00 -6.3205e-01 -5.4132e-01 +2.6615e-01 +1.1627e+00 +9.8765e-01 +1.2764e+00 +8.7041e-01 -1.1630e+00 +1.3895e+00 -1.0341e+00 +1.3904e+00
723 +6.263754739e+03 +6.263754739e+03 +6.491524739e+03 +6.491524739e+03 -5.7500e-01 -4.3135e-01 +1.3107e+00 +4.3531e-01 +9.6633e-03 -4.3153e-01 +1.7198e+00 -4.6127e-02 +2.3368e+00 -5.0841e-01 -1.9500e-01 +2.4895e-01 +1.1507e+00 +8.5591e-01 +1.4396e+00 +8.4525e-01 -1.2436e+00 +1.1481e+00 -8.8911e-01 +1.2713e+00
1712 +3.798298777e+03 +3.798298777e+03 +4.026068777e+03 +4.026068777e+03 -7.9496e-01 -7.3825e-01 +1.0445e+00 +3.4453e-01 -1.5958e-01 -3.0085e-01 +1.6311e+00 -2.9903e-01 +1.9179e+00 -2.8066e-01 -2.4118e-01 +3.7430e-01 +9.8109e-01 +8.3333e-01 +1.6178e+00 +6.5787e-01 -1.1756e+00 +1.2360e+00 -7.1338e-01 +1.2093e+00
2258 +2.458300247e+03 +2.458300247e+03 +2.686070247e+03 +2.686070247e+03 -6.7296e-01 -6.1219e-01 +9.3635e-01 +5.5865e-01 -1.6003e-01 -2.3645e-01 +1.5089e+00 -4.5954e-01 +1.6479e+00 -2.5232e-01 -8.6241e-02 +7.8419e-02 +7.4890e-01 +6.3537e-01 +1.7347e+00 +7.0402e-01 -1.2351e+00 +1.1265e+00 -6.0483e-01 +1.3502e+00
2767 +1.571893434e+03 +1.571893434e+03 +1.799663434e+03 +1.799663434e+03 -4.2455e-01 -4.9647e-01 +8.7807e-01 +6.0428e-01 -2.6138e-01 -2.8694e-01 +1.4878e+00 -3.7084e-01 +1.4105e+00 -3.0250e-01 +2.1068e-02 +1.2305e-01 +7.3828e-01 +4.4618e-01 +1.6516e+00 +5.4326e-01 -1.0308e+00 +9.1226e-01 -5.5951e-01 +1.2664e+00
3618 +9.299262161e+02 +9.299262161e+02 +1.157696216e+03 +1.157696216e+03 -4.8559e-01 -3.2475e-01 +8.0227e-01 +4.3201e-01 -6.7525e-02 -1.6538e-01 +1.2371e+00 -5.1659e-01 +1.2949e+00 -2.2707e-02 +4.4337e-02 +1.8043e-01 +6.6482e-01 +3.4237e-01 +1.4887e+00 +3.5929e-01 -8.1256e-01 +7.5539e-01 -3.4401e-01 +1.0700e+00
4271 +6.070195441e+02 +6.070195441e+02 +8.347895441e+02 +8.347895441e+02 -4.6252e-01 -2.2902e-01 +7.0583e-01 +2.3145e-01 -1.4265e-01 -8.0126e-02 +1.0739e+00 -6.0699e-01 +9.8596e-01 -1.1164e-02 +7.3826e-02 +2.3178e-01 +5.5796e-01 +3.2549e-01 +1.4248e+00 +3.0165e-01 -6.3780e-01 +6.4236e-01 -1.5776e-01 +1.1375e+00
5252 +3.674360611e+02 +3.674360611e+02 +5.952060611e+02 +5.952060611e+02 -3.1217e-01 -3.3169e-01 +6.9393e-01 +4.4983e-01 -4.1879e-02 -1.6184e-01 +8.0728e-01 -5.5471e-01 +6.1749e-01 -2.4507e-02 +3.1112e-01 +5.5763e-02 +5.5238e-01 +1.1223e-01 +1.2990e+00 +1.4624e-01 -4.9997e-01 +6.3687e-01 -2.1360e-01 +1.0633e+00
6117 +2.394028098e+02 +2.394028098e+02 +4.671728098e+02 +4.671728098e+02 -3.7912e-01 -4.2426e-01 +5.8956e-01 +1.5990e-01 -1.3465e-02 -4.9185e-03 +6.1703e-01 -1.7645e-01 +3.8874e-01 -1.4697e-01 +2.8388e-01 -1.3564e-02 +6.2789e-01 +2.3823e-01 +1.1119e+00 -4.3661e-03 -3.2069e-01 +6.2071e-01 -2.4781e-02 +9.0931e-01
6764 +1.569314447e+02 +1.569314447e+02 +3.847014447e+02 +3.847014447e+02 -1.5595e-01 -4.8887e-01 +2.3921e-01 +1.4354e-01 -8.4777e-02 +9.3815e-03 +6.5114e-01 -2.7975e-01 +1.9519e-01 -8.6789e-02 +1.8609e-01 +3.0993e-02 +5.7446e-01 +2.5327e-02 +1.0446e+00 -6.7069e-02 -1.5638e-01 +5.3918e-01 -1.6682e-01 +8.5939e-01
8018 +9.524609122e+01 +9.524609122e+01 +3.230160912e+02 +3.230160912e+02 -3.1402e-01 -1.9934e-01 +3.4671e-01 -4.2560e-02 -7.3744e-02 -1.6219e-01 +3.1677e-01 -1.4304e-01 -3.6920e-01 +9.7731e-02 +1.9626e-01 +2.4870e-02 +4.9407e-01 +2.9583e-02 +8.0226e-01 -4.5363e-01 +9.3815e-02 +5.4493e-01 -2.6037e-01 +8.1854e-01
8793 +6.272190700e+01 +6.272190700e+01 +2.904919070e+02 +2.904919070e+02 -3.0238e-01 -2.5000e-01 +3.0937e-01 -2.2977e-02 -2.5816e-02 +1.8060e-02 +5.9055e-02 -1.2726e-01 -7.0246e-01 +1.6752e-01 +3.1559e-01 -9.6297e-02 +4.2541e-01 +1.5731e-01 +8.8372e-01 -4.8573e-01 +1.6097e-01 +8.3549e-01 +7.2649e-02 +7.2127e-01
10188 +3.841584150e+01 +3.841584150e+01 +2.661858415e+02 +2.661858415e+02 -3.0505e-01 -3.3053e-01 +2.9554e-01 -3.5274e-01 -1.7071e-01 +1.4140e-01 -6.5445e-02 -4.5722e-01 -7.8960e-01 +1.5272e-01 +2.6108e-01 -2.3093e-02 +5.6296e-01 +3.5121e-02 +5.9648e-01 -6.4648e-01 +2.9862e-01 +7.6719e-01 +1.9146e-01 +6.7873e-01
13794 +2.503515061e+01 +2.503515061e+01 +2.528051506e+02 +2.528051506e+02 -3.8197e-01 -2.2230e-01 +5.1779e-01 -1.9237e-01 -6.2263e-02 +2.2933e-01 -1.4679e-01 -3.6204e-01 -9.8624e-01 +8.4897e-02 +2.1294e-01 -1.8601e-01 +5.0905e-01 -9.0967e-03 +5.9933e-01 -7.1213e-01 +3.8760e-01 +8.8999e-01 +2.5931e-01 +6.3927e-01
% function evaluation | noise-free fitness - Fopt (9.640000000000e+01) | best noise-free fitness - Fopt | measured fitness | best measured fitness | x1 | x2...
1 +3.487842487e+05 +3.487842487e+05 +3.488806487e+05 +3.488806487e+05 -3.7767e+00 -3.0861e+00 -3.7346e+00 +8.5622e-01 -3.5274e+00 +2.9094e+00 +2.9229e+00 +2.6532e+00 -2.0245e+00 -2.6466e+00 -3.8581e+00 +5.2661e-01 +2.8877e+00 +3.6453e+00 -3.2417e+00 -1.3321e+00 -3.9289e+00 +6.1589e-01 -1.2644e+00 -2.8016e+00
2 +1.664641751e+05 +1.664641751e+05 +1.665605751e+05 +1.665605751e+05 +1.9675e+00 -1.2083e+00 +1.1403e-01 -1.3197e+00 -2.0533e+00 -3.9845e-01 -2.5211e+00 -1.1837e+00 +3.9208e+00 +2.1694e+00 -5.8012e-01 +3.6929e+00 +3.1039e+00 -9.7637e-01 +3.2954e+00 +1.8165e+00 +1.9098e-02 -3.3159e+00 -3.9260e+00 -3.2890e+00
3 +1.362984942e+05 +1.362984942e+05 +1.363948942e+05 +1.363948942e+05 -2.5126e+00 +2.2269e+00 +9.0531e-01 -3.1302e+00 -3.3434e+00 -1.6326e+00 -1.2190e+00 -3.5032e+00 -3.2454e+00 -9.9049e-01 -2.2477e+00 +4.1470e-01 +1.3184e+00 +1.6320e+00 +3.4417e+00 +1.8381e+00 +1.8513e+00 -2.0931e+00 +2.7520e+00 -2.4717e+00
9 +9.886263653e+04 +9.886263653e+04 +9.895903653e+04 +9.895903653e+04 -2.8118e+00 +2.5966e+00 -1.4811e+00 -2.2818e+00 -3.1562e+00 -1.5212e+00 +2.2349e+00 -3.0065e+00 +1.8948e+00 +2.8578e+00 +3.3540e+00 -2.4796e+00 -2.2896e+00 -1.3896e+00 +1.8364e+00 -2.1189e+00 +2.2111e+00 -3.3525e+00 -1.4459e-02 -8.2290e-01
23 +1.656915656e+04 +1.656915656e+04 +1.666555656e+04 +1.666555656e+04 +3.1110e+00 +2.5341e+00 -1.6448e+00 +3.8899e-01 +4.4038e-01 -1.4615e+00 -5.9032e-01 -4.5738e-01 +2.3421e+00 -9.1978e-01 +2.8057e-01 -7.8329e-01 +3.6164e-01 -7.8027e-01 -8.8969e-01 -1.7240e+00 +7.0101e-01 -5.3765e-01 -2.6862e-01 -7.2738e-01
73 +1.500773372e+04 +1.500773372e+04 +1.510413372e+04 +1.510413372e+04 +7.3072e-01 +1.4045e+00 -8.4230e-01 +2.2641e+00 -1.5445e+00 +2.2409e-01 +9.9540e-01 +2.2015e-01 +8.1445e-01 -6.9931e-01 -2.3121e-01 +1.5618e+00 +2.2518e-01 +9.8986e-01 +5.5913e-01 -7.2155e-01 -2.4360e+00 -2.4437e-01 -1.9038e+00 -3.1872e+00
165 +5.514954085e+03 +5.514954085e+03 +5.611354085e+03 +5.611354085e+03 +1.3141e+00 -1.6077e+00 +2.9045e-01 -6.1733e-01 +3.9609e-01 -9.9303e-01 -5.0930e-01 -9.9263e-01 +6.8791e-01 -1.2667e+00 +2.2901e-01 -3.4002e-01 -2.0284e-01 +1.6422e+00 -5.4495e-01 -7.8778e-01 +7.9209e-01 -3.7017e-01 +2.2246e-01 -1.5216e+00
283 +3.779179312e+03 +3.779179312e+03 +3.875579312e+03 +3.875579312e+03 +1.5111e+00 +2.1878e+00 +1.2731e-01 +2.6823e-02 +3.9663e-01 -1.1304e+00 -4.6106e-01 -7.9341e-01 +9.4236e-01 -9.2527e-01 +2.4832e-01 -5.5142e-01 -2.1791e-01 +1.0076e+00 -5.3847e-01 -8.4488e-01 +7.1314e-01 -3.9846e-01 -8.4126e-03 -1.2739e+00
801 +2.480256549e+03 +2.480256549e+03 +2.576656549e+03 +2.576656549e+03 +1.1473e+00 -6.5947e-01 +4.3347e-01 -5.8415e-01 +2.5680e-01 -8.2372e-01 -4.2069e-01 -6.4318e-01 +1.0468e+00 -8.2787e-01 +6.9938e-02 -2.5773e-01 -5.0736e-01 +1.1345e+00 -5.7916e-01 -8.1404e-01 +4.3093e-01 -4.5811e-01 +5.6144e-02 -1.1076e+00
1663 +1.475062333e+03 +1.475062333e+03 +1.571462333e+03 +1.571462333e+03 +1.0396e+00 -3.1237e-01 +3.7824e-01 -3.8083e-01 +2.5856e-01 -7.9124e-01 -3.5600e-01 -3.2060e-01 +7.8225e-01 -6.5866e-01 +1.7667e-01 -1.4946e-01 -4.8255e-01 +1.3090e+00 -4.7543e-01 -5.8819e-01 +3.3732e-01 -5.1158e-01 +1.1781e-01 -9.1967e-01
2187 +9.722128178e+02 +9.722128178e+02 +1.068612818e+03 +1.068612818e+03 +8.3984e-01 -2.5706e-01 +2.8458e-01 -2.4909e-01 +1.0483e-01 -8.1573e-01 -2.5554e-01 -1.4987e-01 +6.1640e-01 -4.6409e-01 +8.3395e-02 -1.5530e-02 -5.6438e-01 +1.1744e+00 -5.0240e-01 -5.1445e-01 +3.0064e-01 -5.5520e-01 +2.0143e-01 -9.5154e-01
3172 +6.255563887e+02 +6.255563887e+02 +7.219563887e+02 +7.219563887e+02 +5.6841e-01 +8.4030e-02 +2.9361e-01 -2.5347e-01 +1.7068e-01 -6.0492e-01 -2.9831e-01 -5.0979e-02 +4.3823e-01 -3.9623e-01 +8.4406e-02 -3.2070e-02 -7.8544e-01 +1.0645e+00 -6.2849e-01 -1.8265e-01 +2.8119e-01 -5.0085e-01 +1.7324e-01 -1.0085e+00
3966 +3.887569740e+02 +3.887569740e+02 +4.851569740e+02 +4.851569740e+02 +7.9600e-01 -2.9499e-01 +2.0037e-01 -3.3772e-02 +8.2092e-02 -4.5363e-01 -2.2318e-02 -1.9385e-01 +2.8519e-01 -3.2567e-01 -3.1496e-02 +3.9225e-02 -9.7063e-01 +8.1891e-01 -5.8143e-01 -2.0335e-01 +1.2484e-01 -4.7019e-01 -5.2238e-02 -8.2867e-01
4811 +2.287328051e+02 +2.287328051e+02 +3.251328051e+02 +3.251328051e+02 +7.4668e-01 -3.4945e-01 +1.6017e-01 +7.9152e-03 -2.7351e-01 -2.4931e-01 -2.6809e-02 -3.3511e-01 +5.4467e-02 -3.6872e-01 -1.9474e-02 +1.5693e-02 -1.0389e+00 +4.6035e-01 -4.1107e-01 +1.2262e-01 +5.2423e-02 -5.3817e-01 -1.3849e-01 -1.0609e+00
5470 +1.552490658e+02 +1.552490658e+02 +2.516490658e+02 +2.516490658e+02 +7.8945e-01 -3.0210e-01 +3.0147e-02 +1.4839e-01 -3.6223e-01 -1.9127e-01 -7.6861e-02 -3.3268e-01 -1.3472e-01 -2.2307e-01 -2.9119e-01 +3.4921e-01 -1.0016e+00 +5.9245e-01 -3.3009e-01 +2.7711e-01 +1.2765e-01 -5.3283e-01 -1.9905e-01 -8.3433e-01
6465 +9.300822591e+01 +9.300822591e+01 +1.894082259e+02 +1.894082259e+02 +6.8448e-01 -1.0777e-01 +5.6428e-02 +2.9557e-01 -3.6371e-01 -2.6021e-01 -1.6220e-01 -2.8074e-01 -3.7449e-01 -3.1967e-01 -5.1964e-01 +3.9039e-01 -1.0643e+00 +5.3025e-01 -2.3826e-01 +3.3633e-01 +8.8191e-02 -6.7081e-01 -1.1135e-01 -6.2764e-01
7571 +5.993347152e+01 +5.993347152e+01 +1.563334715e+02 +1.563334715e+02 +5.3155e-01 -1.9074e-01 -1.0482e-01 +4.1443e-01 -4.2342e-01 +5.6132e-02 -1.6059e-01 -1.7564e-01 -5.5663e-01 -3.3790e-01 -8.0629e-01 +2.7466e-01 -9.8957e-01 +4.3240e-01 -1.5831e-01 +3.7054e-01 +4.6935e-04 -8.8060e-01 -1.3246e-01 -4.4783e-01
8366 +3.930538508e+01 +3.930538508e+01 +1.357053851e+02 +1.357053851e+02 +5.3621e-01 +5.9137e-02 -1.5963e-01 +4.7158e-01 -6.0801e-01 +8.0896e-02 -9.5357e-02 -2.2997e-01 -6.6214e-01 -4.3796e-01 -9.4959e-01 +1.8037e-01 -9.8090e-01 +4.1238e-01 -1.9075e-01 +2.0796e-01 -8.1538e-02 -6.6091e-01 +8.9279e-02 -1.7804e-01
8741 +2.349875697e+01 +2.349875697e+01 +1.198987570e+02 +1.198987570e+02 +6.8622e-01 +1.8628e-01 -2.2816e-01 +4.0163e-01 -6.1962e-01 +1.2036e-01 -3.2901e-01 -2.6112e-01 -5.7216e-01 -3.8622e-01 -9.3761e-01 +2.3191e-01 -9.1138e-01 +4.7146e-01 -2.0496e-01 +2.9397e-01 -1.9653e-01 -6.9479e-01 +4.9106e-02 -1.0118e-01
% function evaluation | noise-free fitness - Fopt (-9.045000000000e+01) | best noise-free fitness - Fopt | measured fitness | best measured fitness | x1 | x2...
1 +1.093044519e+05 +1.093044519e+05 +1.092140019e+05 +1.092140019e+05 +6.5264e-01 +3.3831e+00 +5.2120e-01 +1.8810e+00 +3.4488e+00 -4.1833e-01 +2.2743e+00 +3.5730e+00 +2.7563e+00 +3.6701e+00 -3.7276e+00 +6.3745e-01 -4.4654e-01 +1.1300e-01 -2.4174e+00 -1.1222e+00 +1.5649e+00 -1.2024e+00 +1.8753e+00 +2.2321e+00
16 +9.213424953e+04 +9.213424953e+04 +9.204379953e+04 +9.204379953e+04 -2.3515e+00 -5.2830e-01 -2.9581e+00 +9.2868e-01 +1.3687e+00 -7.4454e-01 -1.1358e+00 -1.1004e-01 -6.3252e-01 -2.0235e+00 -3.6383e+00 -5.1122e-01 -9.2134e-01 +3.6707e-01 +3.9249e+00 +3.5726e+00 +1.2228e+00 +1.5863e+00 +9.3014e-01 -3.9082e+00
34 +5.277801637e+04 +5.277801637e+04 +5.268756637e+04 +5.268756637e+04 -5.6131e-01 +4.4063e-01 +2.7170e-01 +1.2525e+00 +1.2901e+00 -6.6521e-01 +2.0193e+00 +5.9431e-01 +2.6773e+00 +2.5253e+00 -3.6657e+00 +4.3063e-01 -8.5400e-01 +2.0632e-01 +2.9959e+00 +2.1530e+00 +1.4135e+00 +9.7632e-01 +9.2185e-01 -3.5588e+00
38 +3.484216379e+04 +3.484216379e+04 +3.475171379e+04 +3.475171379e+04 +1.4263e-01 -5.7008e-01 -2.8933e+00 +1.3535e+00 +1.0255e+00 +9.4154e-01 +4.2355e-01 -6.9714e-01 -9.1804e-01 -9.5182e-01 -6.8537e-01 +7.6374e-02 +1.9525e-01 -8.8498e-01 +3.4523e-01 +3.4785e+00 -3.4819e-01 +1.7046e+00 +3.9758e-01 -2.9720e+00
75 +2.178972958e+04 +2.178972958e+04 +2.169927958e+04 +2.169927958e+04 -2.8228e+00 -1.0548e+00 -1.5093e+00 +6.1472e-01 +2.5783e-01 -4.8910e-01 +5.6100e-01 -7.2436e-01 -9.1688e-01 +1.6949e+00 -5.0206e-01 -1.7230e+00 -2.4586e-01 -6.7318e-01 +4.1273e-01 -1.4257e+00 -1.2959e+00 -2.6567e+00 -2.4633e+00 -1.6136e+00
218 +7.844493061e+03 +7.844493061e+03 +7.754043061e+03 +7.754043061e+03 -3.9032e-01 -1.0508e+00 -7.6067e-01 +1.8059e+00 +6.7774e-01 -1.7689e-01 +5.5233e-01 -1.3373e+00 +1.1071e+00 +1.4655e+00 -4.1032e-01 -4.4895e-01 +2.1582e-01 +2.3419e-01 -1.5719e+00 -1.0623e+00 -1.2386e+00 -2.2956e+00 -2.1790e+00 -9.2522e-01
342 +5.209915691e+03 +5.209915691e+03 +5.119465691e+03 +5.119465691e+03 +5.3272e-01 -5.7544e-01 -5.4103e-01 +1.8119e+00 +7.3700e-01 -1.1280e-01 +7.2451e-01 -1.2863e+00 +1.4566e+00 +4.1675e-01 -2.9957e-01 +2.8806e-01 +3.9672e-01 +4.2581e-01 -2.1733e+00 -5.9561e-01 -1.1244e+00 -7.7594e-01 -1.5101e+00 -6.4769e-01
721 +3.916780411e+03 +3.916780411e+03 +3.826330411e+03 +3.826330411e+03 -1.2128e-02 -1.0501e+00 -5.8802e-01 +1.7579e+00 +7.0065e-01 -2.8025e-01 +4.3550e-01 -1.3646e+00 +1.1797e+00 +1.3559e+00 -3.6963e-01 -4.4076e-03 +3.8417e-01 +4.4572e-01 -1.7214e+00 -1.0158e+00 -1.3180e+00 -8.4534e-01 -1.4385e+00 -5.6710e-01
1722 +2.477349940e+03 +2.477349940e+03 +2.386899940e+03 +2.386899940e+03 +1.4410e-01 -8.6814e-01 -4.5961e-01 +1.5268e+00 +7.6654e-01 -3.1288e-01 +3.7288e-01 -1.3386e+00 +8.8527e-01 +1.2889e+00 -1.3634e-01 -2.1490e-01 +3.0512e-01 +5.6845e-01 -1.4612e+00 -6.8735e-01 -1.3339e+00 -8.5406e-01 -1.4687e+00 -2.7131e-01
2384 +1.576990919e+03 +1.576990919e+03 +1.486540919e+03 +1.486540919e+03 -1.1348e-01 -8.7172e-01 -2.7932e-01 +1.2479e+00 +2.8173e-01 -2.3223e-01 +2.3126e-01 -1.5146e+00 +6.8137e-01 +1.1578e+00 -7.3632e-02 +3.1471e-02 +1.0348e-01 +6.1923e-01 -1.6088e+00 -1.0999e+00 -1.2123e+00 -9.0654e-01 -1.3409e+00 -2.0677e-01
3380 +9.967637586e+02 +9.967637586e+02 +9.063137586e+02 +9.063137586e+02 +2.2187e-03 -7.0809e-01 -1.7347e-01 +1.0937e+00 -6.5293e-02 -3.5086e-01 +3.0162e-01 -1.4956e+00 +5.3185e-01 +1.0157e+00 +7.1515e-03 +3.2829e-02 -2.7673e-01 +6.2858e-01 -1.1925e+00 -1.1902e+00 -1.2558e+00 -8.5786e-01 -1.4197e+00 -1.4878e-01
3890 +6.091270614e+02 +6.091270614e+02 +5.186770614e+02 +5.186770614e+02 +1.3997e-01 -7.7400e-01 -1.9161e-01 +7.9992e-01 +3.9712e-02 +2.8966e-02 +3.1821e-01 -1.1839e+00 +1.9335e-01 +8.5425e-01 +1.2831e-01 +2.1307e-02 -3.2047e-01 +4.0019e-01 -1.1743e+00 -1.0211e+00 -1.0413e+00 -8.8131e-01 -1.4379e+00 +3.2662e-02
4864 +3.659790246e+02 +3.659790246e+02 +2.755290246e+02 +2.755290246e+02 +1.5892e-01 -8.6321e-01 -3.5482e-01 +4.4036e-01 -1.2817e-01 +2.8057e-01 +1.0964e-01 -1.0017e+00 -4.0741e-02 +8.0175e-01 -1.1545e-01 +1.4303e-01 -3.8056e-01 +5.0883e-01 -1.1063e+00 -8.9044e-01 -1.1345e+00 -8.2451e-01 -1.4522e+00 +1.3086e-01
5656 +2.494806102e+02 +2.494806102e+02 +1.590306102e+02 +1.590306102e+02 +1.9529e-01 -7.4710e-01 -4.0944e-01 +2.4510e-01 -1.8163e-01 +1.2616e-01 -5.1306e-02 -9.4724e-01 +3.2856e-02 +6.9615e-01 +2.7815e-01 +3.7109e-01 -4.8087e-01 +2.1624e-01 -8.3395e-01 -1.0675e+00 -1.2092e+00 -1.1152e+00 -1.2354e+00 +7.4453e-02
7779 +1.538417613e+02 +1.538417613e+02 +6.339176133e+01 +6.339176133e+01 +1.9619e-01 -8.5971e-01 -4.2285e-01 -2.9710e-02 -4.9926e-01 +1.6407e-01 -4.8392e-01 -7.7897e-01 +3.4191e-01 +4.4488e-01 +1.9511e-01 +1.9988e-01 -4.0843e-01 -1.3869e-02 -7.3426e-01 -1.2651e+00 -7.5795e-01 -9.2909e-01 -1.2469e+00 +3.5050e-01
10661 +9.999290517e+01 +9.999290517e+01 +9.542905174e+00 +9.542905174e+00 +4.7958e-01 -7.4991e-01 -9.3032e-02 -4.1524e-01 -7.5607e-01 +4.4287e-01 -6.8011e-01 -5.3479e-01 +4.3388e-01 +1.1854e-01 -1.6643e-01 +5.6417e-02 -6.0316e-02 -1.6501e-01 -3.6690e-01 -1.2046e+00 -4.9772e-01 -5.6927e-01 -9.3912e-01 +2.9328e-01
17124 +6.235142883e+01 +6.235142883e+01 -2.809857117e+01 -2.809857117e+01 +4.6426e-01 -1.8252e-01 +8.2726e-01 +3.6230e-01 -6.0177e-01 +7.2016e-01 -4.4375e-01 +1.3422e-01 -5.3952e-02 +5.9402e-01 +5.6454e-02 +2.3569e-01 -7.8537e-02 +7.4874e-02 +4.3768e-01 -8.9756e-01 +1.4375e-01 +4.5130e-01 +8.1674e-01 +5.5537e-01
17640 +3.828502593e+01 +3.828502593e+01 -5.216497407e+01 -5.216497407e+01 +5.8613e-01 -1.9305e-01 +5.8629e-01 +3.3841e-01 -5.4126e-01 +7.6779e-01 -3.3445e-01 +8.5305e-02 +2.4365e-01 +5.8310e-01 -1.5530e-01 +3.1202e-01 -1.3942e-01 -1.0979e-02 +4.8177e-01 -6.3004e-01 -2.6751e-02 +2.9719e-01 +9.1243e-01 +6.7573e-01
20921 +2.510887865e+01 +2.510887865e+01 -6.534112135e+01 -6.534112135e+01 +4.7699e-01 -1.4675e-01 +6.9686e-01 +1.5456e-01 -4.2897e-01 +5.5302e-01 -2.8052e-01 +3.7325e-02 +2.3849e-01 +5.0777e-01 -4.5934e-03 +4.1307e-01 -2.9130e-01 -4.2630e-02 +7.2186e-01 -7.6165e-01 +1.4118e-01 +4.2285e-01 +8.4469e-01 +7.7031e-01
% function evaluation | noise-free fitness - Fopt (3.995000000000e+01) | best noise-free fitness - Fopt | measured fitness | best measured fitness | x1 | x2...
1 +3.161629005e+05 +3.161629005e+05 +3.162028505e+05 +3.162028505e+05 -3.0601e+00 -1.1255e+00 -1.2129e+00 -3.6563e+00 -2.8410e+00 -3.6356e+00 +3.8407e+00 +1.7869e+00 -1.7569e+00 +1.4522e+00 -2.0038e+00 -2.4101e+00 +1.5781e+00 -1.7949e+00 -3.9308e+00 -2.7237e+00 -2.7750e+00 +2.2304e+00 +1.8938e+00 +1.0664e-01
2 +1.572169713e+05 +1.572169713e+05 +1.572569213e+05 +1.572569213e+05 +3.4494e+00 -1.3329e+00 -2.0099e+00 -3.5718e+00 -3.3377e-01 +1.1767e+00 -1.2607e+00 -3.3735e+00 -1.3333e-01 -2.8649e+00 -3.4302e+00 -3.2876e+00 -1.9005e+00 +3.9691e-01 -6.6530e-01 -1.4239e+00 +2.6227e+00 -2.4127e+00 -3.7032e+00 -1.4062e+00
10 +4.672824531e+04 +4.672824531e+04 +4.676819531e+04 +4.676819531e+04 -1.6941e+00 +1.9976e+00 -6.8828e-02 -5.7808e-01 +2.1107e+00 -5.4101e-01 -2.3582e-01 +2.9972e+00 -1.3952e+00 +4.1621e-01 -5.1368e-02 +1.4277e+00 -1.0793e+00 -3.5877e+00 -1.6752e-01 +1.3181e+00 +2.4012e+00 -2.4833e+00 -4.0865e-02 +2.0880e+00
28 +3.376687280e+04 +3.376687280e+04 +3.380682280e+04 +3.380682280e+04 +7.3850e-01 +1.8917e+00 -2.2263e+00 -7.1788e-01 +8.7977e-01 +8.9033e-02 -1.6653e+00 +2.8527e+00 -3.1808e-01 -2.9384e-01 -2.2840e+00 +1.8348e+00 -1.8874e+00 -1.0519e-01 -2.7446e-01 +1.7808e+00 +2.1730e+00 -2.9113e+00 -9.3541e-01 +7.1444e-03
39 +2.044821342e+04 +2.044821342e+04 +2.048816342e+04 +2.048816342e+04 +8.6737e-01 +1.9373e+00 -8.0025e-02 +4.5515e-01 +1.5223e+00 -5.8337e-01 -2.7105e-01 +3.1170e+00 -9.7742e-01 -1.9631e-01 -1.9576e+00 +1.2121e+00 -8.0338e-01 -1.9140e+00 -1.1069e+00 -6.5806e-01 +2.2959e+00 -2.6584e+00 -1.4544e+00 -1.0584e+00
77 +6.321652601e+03 +6.321652601e+03 +6.361602601e+03 +6.361602601e+03 +1.6290e-02 -1.2305e+00 +2.1823e+00 -3.9454e-01 -1.3144e+00 +2.0573e+00 -1.6805e+00 +5.2461e-03 +2.2666e-01 -1.0707e+00 +1.7319e+00 -5.3571e-02 -1.7524e+00 -8.5910e-01 -3.8640e-01 -1.8427e+00 -1.0603e+00 -9.4570e-02 +5.6590e-01 +1.8813e+00
206 +6.028540706e+03 +6.028540706e+03 +6.068490706e+03 +6.068490706e+03 -7.3393e-02 -1.2122e+00 +2.1099e+00 -3.0128e-01 -1.3934e+00 +2.0632e+00 -1.6205e+00 +1.2819e-02 +2.8259e-01 -1.1227e+00 +1.6361e+00 -1.0851e-01 -1.6616e+00 -9.5583e-01 -3.7521e-01 -1.8444e+00 -1.0404e+00 -1.5048e-01 +6.4700e-01 +1.9766e+00
207 +3.774013654e+03 +3.774013654e+03 +3.813963654e+03 +3.813963654e+03 +1.7963e-01 -1.4306e+00 +1.2709e+00 -9.3605e-01 -1.2486e+00 +3.6427e-01 -1.1960e+00 -6.5951e-02 +2.4086e-01 -5.1814e-01 +1.6797e+00 -5.0839e-02 -1.8565e+00 -1.1903e+00 -4.7665e-01 -1.7064e+00 -1.1334e+00 -3.0628e-01 +3.4792e-01 +1.8490e+00
736 +2.334106591e+03 +2.334106591e+03 +2.374056591e+03 +2.374056591e+03 +2.2052e-01 -1.2979e+00 +1.4541e+00 -8.7684e-01 -1.2745e+00 +2.1615e-01 -9.9397e-01 -1.0684e-01 -3.2297e-02 -4.9497e-01 +1.7036e+00 +1.6559e-01 -1.5800e+00 -1.1084e+00 -2.8367e-01 -1.7244e+00 -1.3687e+00 -3.9330e-01 +4.1189e-01 +1.7790e+00
1241 +1.574772503e+03 +1.574772503e+03 +1.614722503e+03 +1.614722503e+03 +5.8717e-02 -1.1780e+00 +1.5393e+00 -7.4248e-01 -1.1757e+00 +1.9894e-01 -8.7422e-01 -7.4459e-02 +1.1459e-02 -5.3246e-01 +1.7934e+00 +2.3456e-01 -1.2738e+00 -1.2414e+00 -1.2032e-01 -1.5928e+00 -1.6608e+00 -6.0570e-01 +3.8447e-01 +1.7270e+00
2103 +9.927276342e+02 +9.927276342e+02 +1.032677634e+03 +1.032677634e+03 +7.2391e-02 -1.2128e+00 +1.5571e+00 -5.5600e-01 -1.0936e+00 +2.6020e-02 -6.5103e-01 +1.1427e-01 -6.4406e-03 -2.5261e-01 +1.6042e+00 +3.9695e-01 -1.1247e+00 -1.2395e+00 -1.1757e-01 -1.6745e+00 -1.3040e+00 -4.5246e-01 +2.0155e-01 +1.9099e+00
3116 +6.281089824e+02 +6.281089824e+02 +6.680589824e+02 +6.680589824e+02 -1.6459e-01 -1.1830e+00 +1.2647e+00 -3.1376e-01 -7.9970e-01 +4.9762e-02 -6.9533e-01 +4.7920e-01 -4.7645e-01 -2.1438e-01 +1.6488e+00 +4.4173e-01 -1.0633e+00 -1.4917e+00 +4.6796e-02 -1.4624e+00 -9.4556e-01 -6.3391e-01 +5.3080e-02 +1.6497e+00
4868 +3.980337322e+02 +3.980337322e+02 +4.379837322e+02 +4.379837322e+02 -5.1048e-01 -7.4246e-01 +9.8549e-01 -1.8384e-01 -7.1779e-01 +2.2587e-01 -3.0994e-01 +4.8281e-01 -4.1337e-01 -8.8336e-02 +1.4722e+00 +4.9104e-01 -6.5153e-01 -1.0445e+00 +3.2358e-01 -1.6188e+00 -1.0141e+00 -3.1960e-01 -1.4194e-01 +1.2448e+00
6915 +2.498660882e+02 +2.498660882e+02 +2.898160882e+02 +2.898160882e+02 -9.5685e-01 -3.4640e-01 +8.2769e-01 -2.1906e-01 -5.6269e-01 +1.7800e-01 -1.1991e-01 +7.7367e-01 -4.3236e-01 -6.3734e-02 +8.7680e-01 +1.1351e-01 -2.3462e-01 -9.9699e-01 +5.0969e-01 -1.6594e+00 -1.0020e+00 -5.1988e-01 -1.8727e-01 +5.6771e-01
9391 +1.520603799e+02 +1.520603799e+02 +1.920103799e+02 +1.920103799e+02 -1.0585e+00 -1.8645e-01 +2.9616e-01 -5.3160e-01 -4.5178e-01 +5.3652e-02 +9.7568e-02 +6.6371e-01 -4.4731e-01 +2.1079e-01 +7.5525e-01 -6.8476e-02 +3.5277e-02 -7.4611e-01 +5.5536e-01 -1.3677e+00 -8.4330e-01 -5.5650e-01 -7.2235e-01 +1.2965e-01
10642 +9.641538327e+01 +9.641538327e+01 +1.363653833e+02 +1.363653833e+02 -9.7210e-01 -2.2969e-01 +1.8847e-01 -6.3688e-01 -4.1457e-01 +8.7284e-02 -5.4921e-03 +5.7060e-01 -3.4975e-01 +5.0566e-02 +3.2350e-01 -1.3758e-01 -1.5683e-02 -4.1254e-01 +4.4720e-01 -1.2622e+00 -6.9526e-01 -3.8908e-01 -6.6150e-01 -1.4451e-01
11440 +6.216937555e+01 +6.216937555e+01 +1.021193755e+02 +1.021193755e+02 -1.0662e+00 -2.4954e-01 +8.6751e-02 -6.0330e-01 -2.7330e-01 +3.4823e-02 +2.1306e-01 +3.7930e-01 -4.4719e-01 -5.3038e-02 +4.0486e-01 -2.5540e-01 +7.7085e-02 -5.1348e-01 +4.9290e-01 -9.8160e-01 -4.7037e-01 -4.6071e-01 -7.7381e-01 -5.1081e-01
12286 +3.923406157e+01 +3.923406157e+01 +7.918406157e+01 +7.918406157e+01 -8.3529e-01 -1.5968e-01 +2.0215e-01 -9.2241e-01 -3.9727e-02 -1.5850e-02 +1.5363e-01 +5.1078e-01 -4.4691e-01 +2.0612e-03 +9.3620e-02 -2.5071e-01 +1.1478e-01 -1.9335e-01 +4.7076e-01 -8.7304e-01 -5.5146e-01 -4.9745e-01 -9.6020e-01 -5.9614e-01
13209 +2.489869308e+01 +2.489869308e+01 +6.484869308e+01 +6.484869308e+01 -8.3055e-01 -2.0353e-01 +1.3298e-01 -7.0936e-01 +6.4369e-02 -1.1501e-01 +1.0210e-01 +2.9208e-01 -3.1048e-01 +1.4335e-01 +3.8165e-02 -4.5515e-01 +2.6812e-01 -2.1888e-01 +4.3648e-01 -7.9084e-01 -5.0800e-01 -5.1022e-01 -7.8568e-01 -8.5816e-01
% function evaluation | noise-free fitness - Fopt (7.762000000000e+01) | best noise-free fitness - Fopt | measured fitness | best measured fitness | x1 | x2...
1 +6.881170149e+04 +6.881170149e+04 +6.888932149e+04 +6.888932149e+04 -2.3928e+00 +2.9046e+00 +1.4534e+00 +2.6830e+00 -3.7185e+00 -1.0410e+00 -9.5063e-01 -1.5641e+00 -3.4148e-01 +2.5466e-01 +1.7640e-01 -2.1385e+00 +5.2879e-01 -3.9175e+00 -4.5319e-01 -1.0932e+00 -4.4423e-01 -3.4333e-01 +3.4326e-01 +3.4256e+00
39 +5.826569528e+04 +5.826569528e+04 +5.834331528e+04 +5.834331528e+04 +2.5558e+00 -1.9070e+00 -3.4746e-02 -7.9844e-01 -4.2747e-01 -2.6464e+00 +1.1782e+00 -1.5985e+00 -3.6131e+00 -1.2270e+00 -3.3170e+00 -2.4755e+00 -1.8079e-01 -2.5302e+00 -1.0785e+00 -1.6913e+00 +8.6923e-01 -6.5185e-01 -1.4887e+00 +1.7357e+00
73 +3.385784219e+04 +3.385784219e+04 +3.393546219e+04 +3.393546219e+04 -1.3639e+00 -1.4871e+00 +2.2239e+00 +2.0024e+00 -2.6387e+00 -5.4177e-01 +3.0107e-01 -4.3881e-01 +1.5306e+00 -1.9672e+00 -1.0700e+00 -5.5936e-01 -1.7545e+00 -1.6893e+00 +1.6527e+00 +1.7069e-01 +5.7597e-01 +1.3795e+00 -2.8704e+00 +1.7227e+00
339 +2.332255796e+04 +2.332255796e+04 +2.340017796e+04 +2.340017796e+04 -9.8041e-01 +1.0749e+00 +3.0786e+00 -8.8574e-01 -1.1911e+00 -2.1646e-01 +8.3831e-01 +3.6272e-01 -5.0130e-01 -1.3171e+00 -1.0524e+00 -1.6396e+00 -2.5601e+00 -3.2769e+00 +1.5483e+00 -1.1471e-01 -1.1391e+00 +2.2089e+00 -1.8035e+00 +7.0277e-01
356 +6.479769279e+03 +6.479769279e+03 +6.557389279e+03 +6.557389279e+03 -1.0834e+00 +2.5165e+00 +1.3899e+00 -8.6668e-01 -1.3576e-01 -1.1264e-02 +1.6947e+00 -1.0315e+00 -6.8529e-01 -4.1188e-01 -3.6436e-01 -1.2558e+00 -4.9289e-01 +9.1944e-02 +1.0776e+00 +8.2760e-01 +1.8430e+00 +6.1822e-01 +5.7680e-01 -1.4893e-01
463 +5.995148925e+03 +5.995148925e+03 +6.072768925e+03 +6.072768925e+03 -1.0836e+00 +2.4890e+00 +1.3285e+00 -8.2835e-01 -9.0698e-02 -6.4894e-02 +1.6695e+00 -1.0550e+00 -7.5306e-01 -3.5806e-01 -4.5911e-01 -1.2952e+00 -5.2169e-01 +1.7939e-01 +1.1016e+00 +8.1847e-01 +1.8885e+00 +5.7467e-01 +5.3785e-01 -7.4442e-02
1245 +3.719282737e+03 +3.719282737e+03 +3.796902737e+03 +3.796902737e+03 -1.0550e+00 +2.3391e+00 +1.0497e+00 -5.5481e-01 +3.6778e-02 -1.6120e-01 +1.4392e+00 -8.8260e-01 -7.4595e-01 -1.6294e-01 -5.4696e-01 -1.2600e+00 -5.4329e-01 +1.2616e-01 +8.4731e-01 +6.6574e-01 +1.9075e+00 +4.4454e-01 +5.0216e-01 +7.3437e-02
2107 +2.502217705e+03 +2.502217705e+03 +2.579837705e+03 +2.579837705e+03 -1.0426e+00 +1.8756e+00 +1.2519e+00 -5.2142e-01 +3.1144e-01 +1.4706e-01 +1.1499e+00 -1.1976e+00 -6.0898e-01 -2.3471e-01 -4.4108e-01 -1.2793e+00 -2.6687e-01 +6.5972e-02 +9.6646e-01 +5.6443e-01 +1.6305e+00 +5.7144e-01 +1.6865e-01 +3.8544e-02
2752 +1.544970247e+03 +1.544970247e+03 +1.622590247e+03 +1.622590247e+03 -8.8006e-01 +1.5395e+00 +1.0549e+00 -2.6852e-01 +2.4527e-01 +1.5631e-01 +9.3744e-01 -1.1118e+00 -4.5363e-01 +1.4292e-02 -6.2158e-01 -1.2928e+00 -1.3497e-01 +2.4290e-01 +8.5982e-01 +4.4322e-01 +1.6538e+00 +4.6277e-01 +2.0671e-02 +3.0327e-01
3742 +9.524212130e+02 +9.524212130e+02 +1.030041213e+03 +1.030041213e+03 -8.2177e-01 +1.3092e+00 +9.5832e-01 -8.0058e-02 +6.0018e-01 -4.2452e-02 +9.1417e-01 -1.0195e+00 -2.3271e-01 -3.8365e-01 -6.3540e-01 -1.0329e+00 -1.7377e-01 -5.9611e-02 +9.2523e-01 +2.2859e-01 +1.4883e+00 +3.0324e-01 +9.6950e-02 +1.7209e-01
4602 +5.527974943e+02 +5.527974943e+02 +6.304174943e+02 +6.304174943e+02 -5.8279e-01 +1.0193e+00 +7.3231e-01 +6.0906e-03 +6.1904e-01 -9.4267e-02 +6.9193e-01 -9.6105e-01 -2.8358e-01 -3.1509e-01 -6.8627e-01 -1.1110e+00 -4.2057e-02 -1.5448e-01 +8.5267e-01 +3.0158e-02 +1.2824e+00 +2.3689e-01 +1.0563e-01 +2.8122e-01
5261 +3.862354392e+02 +3.862354392e+02 +4.638554392e+02 +4.638554392e+02 -4.1781e-01 +8.6819e-01 +6.3015e-01 -3.1795e-03 +5.9711e-01 -1.3805e-01 +3.7096e-01 -7.6003e-01 -2.0150e-01 -5.2410e-01 -6.2954e-01 -8.0192e-01 -2.2096e-01 -1.8597e-01 +6.6171e-01 +1.4691e-01 +1.2137e+00 +1.9888e-01 +3.0580e-01 +4.3993e-01
5781 +2.483925786e+02 +2.483925786e+02 +3.260125786e+02 +3.260125786e+02 -2.9971e-01 +9.6523e-01 +3.8274e-01 +1.9831e-01 +7.7624e-01 -2.3909e-01 +2.8310e-01 -6.8924e-01 -8.2072e-02 -5.8344e-01 -6.5693e-01 -6.4484e-01 -9.1582e-02 -3.4300e-01 +7.0460e-01 +1.9504e-02 +1.3237e+00 +4.9121e-02 +4.1976e-01 +2.5400e-01
6631 +1.580268305e+02 +1.580268305e+02 +2.356468305e+02 +2.356468305e+02 -2.2931e-01 +8.4429e-01 +3.0155e-01 +3.4088e-01 +6.0094e-01 -5.7494e-01 +6.4723e-02 -4.3268e-01 -1.2985e-01 -5.8420e-01 -3.9311e-01 -5.1380e-01 +9.2123e-02 -9.0123e-02 +7.1135e-01 -1.2558e-01 +1.0423e+00 +1.3929e-01 +6.0725e-01 +1.4614e-01
7888 +9.976293684e+01 +9.976293684e+01 +1.773829368e+02 +1.773829368e+02 -3.2558e-01 +7.7684e-01 +3.3336e-01 +4.1323e-01 +4.4115e-01 -7.0214e-01 -7.5195e-03 -3.9371e-01 +5.2452e-02 -4.6438e-01 -2.6990e-01 -4.8706e-01 +1.0703e-01 -3.4044e-01 +6.3363e-01 -3.3930e-01 +9.7917e-01 -2.5632e-01 +3.7389e-01 +1.0531e-01
9418 +6.245944825e+01 +6.245944825e+01 +1.400794482e+02 +1.400794482e+02 -2.3881e-01 +4.6361e-01 +4.6282e-01 +5.0911e-01 +4.2089e-01 -7.1027e-01 -2.9992e-01 -1.6936e-01 -1.8865e-02 -2.6826e-01 -2.1374e-01 -4.1425e-01 -4.0846e-02 -2.9007e-01 +4.0126e-01 -5.2477e-01 +1.0038e+00 -1.0368e-01 +4.9895e-01 -2.3058e-01
10656 +3.799105707e+01 +3.799105707e+01 +1.156110571e+02 +1.156110571e+02 -2.8576e-01 +9.9980e-02 +4.6388e-01 +4.6436e-01 +2.8866e-01 -9.4015e-01 -5.7085e-01 -5.7167e-02 -1.2941e-01 -3.4266e-01 -6.2022e-02 -3.3212e-01 +1.8238e-02 -2.6941e-01 +3.5211e-01 -5.0619e-01 +8.8970e-01 -5.2204e-02 +5.9317e-01 -5.2600e-02
12416 +2.356442358e+01 +2.356442358e+01 +1.011844236e+02 +1.011844236e+02 -2.5732e-01 +1.5484e-01 +5.1413e-01 +4.5598e-01 +2.1393e-01 -1.1048e+00 -7.3709e-01 +2.9447e-01 -3.6296e-02 -2.9157e-01 +7.0218e-02 -5.0073e-01 -4.1368e-02 -3.2524e-01 +3.7987e-01 -4.2538e-01 +8.6784e-01 +1.4080e-01 +5.9914e-01 -2.8395e-01
% function evaluation | noise-free fitness - Fopt (-1.092400000000e+02) | best noise-free fitness - Fopt | measured fitness | best measured fitness | x1 | x2...
1 +6.344749749e+04 +6.344749749e+04 +6.333825749e+04 +6.333825749e+04 -1.1739e+00 +2.2897e+00 +9.1260e-01 -2.9469e+00 -2.2763e+00 +1.4853e+00 -1.0697e+00 -3.5250e+00 -3.7518e+00 +2.9601e-01 +1.8145e-01 +1.5471e+00 -9.7566e-03 +1.5371e+00 +1.6857e+00 -1.6872e-01 +2.9868e+00 -3.0391e+00 +1.7497e-01 -7.3812e-01
2 +2.625903451e+04 +2.625903451e+04 +2.614979451e+04 +2.614979451e+04 -2.0547e-01 +2.6502e+00 -2.8967e-01 -8.6082e-01 -3.6890e+00 -9.4277e-01 +4.4820e-01 -7.6578e-01 +1.4042e-01 -2.0808e+00 +1.4294e+00 -8.6626e-01 +3.0468e+00 -1.1415e+00 -1.2357e+00 -1.2855e+00 +6.2875e-01 -6.4734e-01 +8.5423e-01 +2.8277e+00
159 +2.465623168e+04 +2.465623168e+04 +2.454699168e+04 +2.454699168e+04 -2.4652e-01 +2.6435e+00 -3.1216e-01 -8.3599e-01 -3.5613e+00 -9.0734e-01 +5.1648e-01 -8.8419e-01 +1.3550e-01 -2.2104e+00 +1.2648e+00 -8.2621e-01 +2.9626e+00 -1.0694e+00 -1.1466e+00 -1.2352e+00 +6.1766e-01 -5.2416e-01 +7.6253e-01 +2.9044e+00
218 +1.235163907e+04 +1.235163907e+04 +1.224239907e+04 +1.224239907e+04 +1.7669e+00 -8.1895e-01 -9.8171e-01 -7.8972e-01 +7.1573e-01 +6.8188e-01 -1.0637e-01 -2.1673e+00 +4.2237e-01 -2.6470e+00 +1.2580e+00 -7.4566e-01 -7.8078e-01 -6.7939e-01 +1.4914e-01 -1.3851e+00 +2.0609e-01 +1.3581e+00 +1.3408e+00 +1.7092e+00
593 +9.997435110e+03 +9.997435110e+03 +9.888195110e+03 +9.888195110e+03 +1.6089e+00 -8.8115e-01 -1.1335e+00 -7.3240e-01 +8.1121e-01 +6.7627e-01 -1.2160e-01 -2.0144e+00 +3.9301e-01 -2.5138e+00 +1.2527e+00 -7.2131e-01 -7.2332e-01 -5.1298e-01 +2.0067e-01 -1.3153e+00 +2.1615e-01 +1.2657e+00 +1.1015e+00 +1.6319e+00
1243 +5.734997517e+03 +5.734997517e+03 +5.625757517e+03 +5.625757517e+03 +9.1537e-01 -1.5789e+00 -8.0507e-01 -5.1759e-01 +6.4285e-01 +1.9321e-01 +2.3510e-01 -1.4321e+00 +4.3654e-01 -1.7461e+00 -2.0596e-01 -6.4051e-01 -9.3211e-01 -4.8791e-01 +1.8268e-01 -4.1839e-01 -3.8794e-01 +1.2408e+00 +1.1884e+00 +1.5286e+00
2102 +3.804505731e+03 +3.804505731e+03 +3.695265731e+03 +3.695265731e+03 +7.0582e-01 -1.6749e+00 -8.1362e-01 -5.0163e-01 +7.0314e-01 +1.8935e-01 +4.7862e-02 -1.3759e+00 +2.7468e-01 -1.6499e+00 +3.4130e-02 -7.0052e-01 -6.5115e-01 -3.7413e-01 +8.2707e-02 -1.9369e-01 -2.6162e-01 +1.1739e+00 +1.2032e+00 +1.2077e+00
3091 +2.475661927e+03 +2.475661927e+03 +2.366421927e+03 +2.366421927e+03 +3.9085e-01 -1.5080e+00 -9.4403e-01 -4.4148e-01 +6.3331e-01 -1.1294e-01 -1.2090e-01 -1.3698e+00 +2.8061e-01 -1.6261e+00 -6.6673e-02 -8.1247e-01 -4.2937e-01 -5.8852e-01 +1.6539e-01 -1.3755e-01 -4.6970e-02 +9.1054e-01 +1.1387e+00 +1.2636e+00
3485 +1.557615066e+03 +1.557615066e+03 +1.448375066e+03 +1.448375066e+03 +2.7744e-01 -1.4398e+00 -7.7145e-01 -2.2122e-01 +5.8387e-01 +1.2103e-01 +2.2275e-01 -1.3116e+00 +1.5725e-01 -1.5689e+00 -9.6968e-02 -7.1772e-01 -3.6490e-01 -5.4521e-01 +1.4570e-01 +7.7923e-03 -6.3324e-02 +7.5278e-01 +9.9555e-01 +9.3383e-01
4132 +9.180962769e+02 +9.180962769e+02 +8.088562769e+02 +8.088562769e+02 +8.3882e-03 -1.1903e+00 -7.5077e-01 -6.8273e-02 +6.7173e-01 +2.3236e-01 +1.5394e-01 -1.1281e+00 +6.5839e-02 -1.5534e+00 -2.6158e-02 -5.2714e-01 -2.8131e-01 -4.2081e-01 +3.1176e-01 +3.5735e-01 +1.1711e-01 +7.3097e-01 +7.8773e-01 +7.8024e-01
4740 +6.197471239e+02 +6.197471239e+02 +5.105071239e+02 +5.105071239e+02 +4.3174e-02 -1.0702e+00 -6.5479e-01 +1.1971e-02 +5.4224e-01 +8.0470e-02 +9.4650e-02 -1.0003e+00 +7.5745e-02 -1.5956e+00 -4.3954e-02 -6.0301e-01 -1.7661e-01 -4.2545e-01 +3.6214e-01 +5.0121e-01 +1.7192e-03 +5.7473e-01 +8.9385e-01 +6.5659e-01
5389 +3.836733584e+02 +3.836733584e+02 +2.744333584e+02 +2.744333584e+02 +4.7020e-03 -1.0220e+00 -6.2184e-01 -1.0197e-01 +3.5209e-01 +4.1704e-02 +3.9815e-01 -7.4249e-01 +2.9119e-01 -1.6690e+00 -1.6351e-01 -4.3988e-01 -1.6522e-01 -3.6155e-01 +3.6324e-01 +8.0962e-01 -6.1059e-02 +4.8221e-01 +6.6769e-01 +3.8677e-01
6119 +2.510767645e+02 +2.510767645e+02 +1.418367645e+02 +1.418367645e+02 +7.9655e-02 -8.5272e-01 -7.1435e-01 +2.4436e-02 +1.7082e-01 -8.5827e-02 +5.7323e-02 -1.0067e+00 +2.5975e-01 -1.4932e+00 -2.0659e-02 -4.5083e-01 +1.3567e-02 -1.5758e-01 +3.6164e-01 +5.2705e-01 -1.6630e-01 +1.7357e-01 +4.9850e-01 +2.3457e-01
6779 +1.541851065e+02 +1.541851065e+02 +4.494510652e+01 +4.494510652e+01 +6.1415e-02 -7.6452e-01 -6.0219e-01 +5.3702e-02 -6.4156e-02 +3.4797e-02 +2.6352e-01 -7.4371e-01 +2.7922e-01 -1.2993e+00 -2.9458e-02 -6.4403e-01 +7.0207e-02 -1.6889e-01 +3.0590e-01 +5.3987e-01 -1.2394e-01 +2.3197e-01 +4.9933e-01 -4.1027e-04
8147 +9.892351470e+01 +9.892351470e+01 -1.031648530e+01 -1.031648530e+01 -1.7492e-01 -5.8124e-01 -6.3116e-01 +1.6829e-01 -2.5919e-01 +2.7926e-01 +4.6430e-01 -2.9577e-01 +1.9645e-01 -1.3023e+00 +2.2718e-01 -7.8196e-01 +1.1609e-02 -5.1807e-02 -2.2985e-03 +3.6223e-01 -3.3194e-01 +1.3980e-01 +5.0567e-01 +1.7646e-01
11513 +6.285731212e+01 +6.285731212e+01 -4.638268788e+01 -4.638268788e+01 -3.8715e-01 +6.8405e-01 +1.8734e-02 -7.1118e-02 -3.5789e-01 -1.3096e-01 -3.5542e-01 -2.8303e-01 +1.3136e-01 -9.8894e-01 +5.8764e-01 -3.3178e-01 +5.7704e-01 +6.9566e-01 -9.4603e-02 -4.6871e-01 +2.3153e-01 -8.6230e-01 -5.4162e-02 +3.0174e-01
12892 +3.797558821e+01 +3.797558821e+01 -7.126441179e+01 -7.126441179e+01 -6.1678e-01 +4.4986e-01 -1.3968e-01 -4.9441e-02 -2.8533e-01 +1.6293e-01 -2.8940e-01 -2.9683e-01 +3.1648e-01 -1.3070e+00 +7.8217e-01 -3.4968e-01 +4.3468e-01 +6.2843e-01 +7.6775e-02 -3.2662e-01 +3.6876e-01 -7.8619e-01 +1.1076e-01 +2.2166e-01
20640 +2.219982355e+01 +2.219982355e+01 -8.704017645e+01 -8.704017645e+01 -9.7391e-01 +5.0002e-01 -1.5539e-01 -3.0152e-01 -2.0927e-01 +1.0874e-02 +2.3880e-01 -2.6030e-01 +3.7199e-01 -1.4163e+00 +7.0466e-01 +8.5391e-02 +2.4259e-01 +4.2376e-01 +3.4288e-01 -1.1312e-01 +8.6531e-02 -5.4229e-01 +8.4238e-03 +2.9637e-01
