% function evaluation | noise-free fitness - Fopt (1.238300000000e+02) | best noise-free fitness - Fopt | measured fitness | best measured fitness | x1 | x2...
1 +2.067622162e+05 +2.067622162e+05 +2.068860462e+05 +2.068860462e+05 -5.1079e-01 +1.5246e+00 +3.9859e+00 +1.2226e+00 -2.7710e+00 +3.6958e+00 +1.6208e-02 +2.8017e+00 -1.5740e+00 +3.6317e+00
2 +1.880892902e+04 +1.880892902e+04 +1.893275902e+04 +1.893275902e+04 +2.3074e+00 +3.2714e-01 -2.2473e+00 +1.7463e-01 -1.0401e+00 +2.8026e+00 +1.3324e+00 +6.3826e-03 -1.7309e+00 -2.5055e+00
3 +1.156409458e+04 +1.156409458e+04 +1.168792458e+04 +1.168792458e+04 +1.0735e+00 +1.7473e+00 +1.1750e+00 +1.0493e+00 +2.1312e+00 -1.1118e+00 +1.0155e+00 +8.2437e-01 +6.0503e-02 -2.8396e+00
31 +5.369619908e+03 +5.369619908e+03 +5.493449908e+03 +5.493449908e+03 -2.1756e+00 -8.9741e-02 +1.0881e+00 +5.7626e-01 +1.0388e+00 -9.4298e-01 +1.3349e+00 -1.9200e+00 +1.2757e+00 +2.4077e+00
152 +1.691249267e+03 +1.691249267e+03 +1.815079267e+03 +1.815079267e+03 -2.4948e-01 +3.8604e-02 +1.2570e+00 +6.7218e-01 +1.6971e+00 -1.0684e+00 +1.2392e+00 -1.5854e+00 +3.5537e-01 +2.0671e-01
281 +1.571714399e+03 +1.571714399e+03 +1.695544399e+03 +1.695544399e+03 -3.4652e-01 -2.3460e-03 +1.1583e+00 +7.2471e-01 +1.6455e+00 -1.0444e+00 +1.2247e+00 -1.5965e+00 +3.9122e-01 +1.1046e-01
802 +9.931201308e+02 +9.931201308e+02 +1.116950131e+03 +1.116950131e+03 -1.0494e-01 -8.7820e-02 +1.0116e+00 +8.6929e-01 +1.4819e+00 -9.3057e-01 +9.5260e-01 -1.5414e+00 +4.0665e-01 +2.6611e-01
1550 +5.993022623e+02 +5.993022623e+02 +7.231322623e+02 +7.231322623e+02 -1.8771e-01 -1.4128e-01 +9.5146e-01 +1.0196e+00 +1.2275e+00 -9.3999e-01 +7.9446e-01 -1.3128e+00 +6.3866e-01 +4.5846e-01
1936 +3.550309178e+02 +3.550309178e+02 +4.788609178e+02 +4.788609178e+02 -1.0742e-01 -2.8311e-01 +9.1111e-01 +8.6860e-01 +9.5891e-01 -9.6324e-01 +6.3013e-01 -1.1520e+00 +6.5721e-01 +6.5247e-01
2322 +2.330437344e+02 +2.330437344e+02 +3.568737344e+02 +3.568737344e+02 -1.6701e-01 -3.0148e-01 +9.4842e-01 +7.9285e-01 +7.2723e-01 -8.2307e-01 +5.0985e-01 -1.0534e+00 +7.2218e-01 +6.6613e-01
3048 +1.579416264e+02 +1.579416264e+02 +2.817716264e+02 +2.817716264e+02 -1.0018e-01 -3.5568e-01 +8.1433e-01 +6.5076e-01 +5.3821e-01 -8.2233e-01 +4.4654e-01 -9.4072e-01 +7.7834e-01 +4.1862e-01
3442 +9.879590755e+01 +9.879590755e+01 +2.226259076e+02 +2.226259076e+02 +2.5307e-02 -2.6604e-01 +6.4723e-01 +6.8705e-01 +4.9891e-01 -6.5407e-01 +3.6366e-01 -7.8405e-01 +7.9992e-01 +2.7000e-01
3952 +6.281656951e+01 +6.281656951e+01 +1.866465695e+02 +1.866465695e+02 -1.4132e-01 -2.3404e-01 +8.4397e-01 +7.8713e-01 +4.3360e-01 -3.2373e-01 +1.9945e-01 -6.1947e-01 +8.0081e-01 +9.4089e-02
4687 +3.695811846e+01 +3.695811846e+01 +1.607881185e+02 +1.607881185e+02 -1.4777e-01 -1.1403e-01 +5.6565e-01 +9.1529e-01 +2.3068e-01 -2.1021e-01 +9.9860e-02 -5.3701e-01 +8.6592e-01 +1.0711e-01
4947 +2.487965334e+01 +2.487965334e+01 +1.487096533e+02 +1.487096533e+02 -5.9937e-02 +3.5622e-02 +4.9374e-01 +7.6515e-01 +4.0988e-01 -1.2677e-01 -6.0424e-02 -7.0425e-01 +8.5781e-01 -8.1931e-02
5480 +1.542809392e+01 +1.542809392e+01 +1.392580939e+02 +1.392580939e+02 -1.9381e-02 +7.1358e-02 +3.6087e-01 +6.6575e-01 +2.8775e-01 -2.1911e-02 +6.5959e-02 -4.6112e-01 +1.0339e+00 -5.4080e-02
6198 +9.839068959e+00 +9.839068959e+00 +1.336690690e+02 +1.336690690e+02 -1.4647e-01 +9.5712e-02 +2.6958e-01 +5.7380e-01 +2.7992e-01 +1.0039e-01 +1.3090e-01 -3.8335e-01 +9.4532e-01 -1.9610e-01
% function evaluation | noise-free fitness - Fopt (4.751000000000e+01) | best noise-free fitness - Fopt | measured fitness | best measured fitness | x1 | x2...
1 +6.224531294e+04 +6.224531294e+04 +6.229282294e+04 +6.229282294e+04 +1.9594e+00 +8.5059e-01 -1.2422e+00 +6.0527e-01 -3.2855e+00 -4.7108e-01 +1.5108e+00 +2.0695e+00 +1.1610e+00 +3.8702e+00
3 +3.389568730e+04 +3.389568730e+04 +3.394319730e+04 +3.394319730e+04 +1.2341e+00 +3.2901e+00 +2.8477e+00 -2.9040e+00 -4.7168e-01 -3.4411e-02 +2.3004e-01 +1.1409e+00 -4.1728e-01 +2.0256e+00
7 +1.792094630e+04 +1.792094630e+04 +1.796845630e+04 +1.796845630e+04 -1.5936e+00 -2.4765e+00 +5.4834e-01 +1.4347e-01 -1.2799e+00 -1.8357e+00 +3.3804e+00 -2.4252e+00 -2.0667e+00 +1.1596e+00
32 +7.074864947e+03 +7.074864947e+03 +7.122374947e+03 +7.122374947e+03 -5.7154e-01 +1.3085e+00 -1.6581e+00 +1.8627e+00 +3.0546e+00 +1.2560e-01 -2.6015e-01 +8.6128e-01 +1.2405e+00 +6.7910e-01
35 +6.217024718e+03 +6.217024718e+03 +6.264534718e+03 +6.264534718e+03 +8.1845e-02 -1.2490e+00 -1.2918e+00 +1.4755e+00 -7.0604e-01 -8.4545e-01 +1.5596e+00 +1.0910e-01 -2.0564e+00 +8.5380e-01
213 +2.749786802e+03 +2.749786802e+03 +2.797296802e+03 +2.797296802e+03 -1.2846e-01 +1.9447e-01 +3.7293e-01 +8.7074e-01 +6.3430e-01 -1.0749e+00 -1.4892e+00 -4.5132e-01 +2.3911e+00 -1.4314e+00
227 +1.581944431e+03 +1.581944431e+03 +1.629454431e+03 +1.629454431e+03 +1.9780e-01 -4.6544e-01 +1.6626e+00 +1.4764e-01 +1.7863e+00 +7.0489e-01 +4.0610e-01 -3.1867e-01 +1.5386e+00 +3.5496e-01
855 +9.927431346e+02 +9.927431346e+02 +1.040253135e+03 +1.040253135e+03 +1.2045e-01 -2.6813e-01 +1.6325e+00 +7.2126e-02 +1.5155e+00 +7.5552e-01 +4.1307e-01 -2.5294e-01 +1.4074e+00 +1.0185e-01
1244 +5.891074545e+02 +5.891074545e+02 +6.366174545e+02 +6.366174545e+02 +9.9434e-02 -2.6674e-01 +1.4413e+00 -8.2800e-03 +1.2539e+00 +8.6606e-01 +2.4483e-01 -3.3346e-01 +1.2825e+00 +1.9183e-03
1972 +3.785905117e+02 +3.785905117e+02 +4.261005117e+02 +4.261005117e+02 +8.4277e-02 -2.2596e-01 +1.1981e+00 -1.4040e-01 +1.1539e+00 +6.6716e-01 +9.6294e-02 -5.9785e-01 +1.1055e+00 +1.9449e-01
2376 +2.500939240e+02 +2.500939240e+02 +2.976039240e+02 +2.976039240e+02 +1.5777e-01 -1.3069e-01 +9.7393e-01 -1.3589e-01 +1.1173e+00 +7.0497e-01 -2.3733e-01 -2.9002e-01 +1.0181e+00 +2.3647e-01
3234 +1.486080983e+02 +1.486080983e+02 +1.961180983e+02 +1.961180983e+02 -3.1973e-02 -1.7934e-01 +5.7416e-01 -9.7082e-02 +1.0809e+00 +5.8593e-01 -2.4952e-01 -3.0095e-01 +7.8156e-01 +1.4651e-02
3873 +9.811007264e+01 +9.811007264e+01 +1.456200726e+02 +1.456200726e+02 -3.7613e-01 -3.1126e-01 +2.6466e-01 -2.6458e-01 +9.9295e-01 +5.2363e-01 -1.7795e-01 -2.4190e-01 +5.5048e-01 -1.0933e-01
4604 +6.297188765e+01 +6.297188765e+01 +1.104818877e+02 +1.104818877e+02 -3.8743e-01 -4.2712e-01 -6.3007e-02 -6.2988e-02 +9.8836e-01 +1.4530e-01 +1.3840e-02 -1.3610e-01 +4.7039e-01 -1.4571e-02
5123 +3.811900793e+01 +3.811900793e+01 +8.562900793e+01 +8.562900793e+01 -5.5645e-01 -5.5298e-01 -2.7431e-01 -3.1338e-01 +7.5791e-01 -3.0747e-02 -9.9356e-02 -5.8696e-02 +2.9567e-01 -2.8612e-02
5405 +2.466280959e+01 +2.466280959e+01 +7.217280959e+01 +7.217280959e+01 -6.5862e-01 -4.7888e-01 -1.2964e-01 -3.0150e-01 +7.9552e-01 -1.5250e-01 -9.9107e-02 +8.2988e-02 +1.8104e-01 -4.2143e-02
5774 +1.422579039e+01 +1.422579039e+01 +6.173579039e+01 +6.173579039e+01 -8.3105e-01 -5.3434e-01 -1.4784e-01 -3.3528e-01 +8.3378e-01 -1.7561e-01 -1.7517e-01 +2.5356e-01 +3.3280e-01 -1.6240e-01
7574 +9.342815192e+00 +9.342815192e+00 +5.685281519e+01 +5.685281519e+01 -5.3489e-01 -5.7141e-01 +1.9448e-01 -3.7316e-01 +1.5258e-01 -4.0108e-01 +2.7767e-01 +4.2346e-01 +4.7315e-02 -3.6338e-01
% function evaluation | noise-free fitness - Fopt (5.534000000000e+01) | best noise-free fitness - Fopt | measured fitness | best measured fitness | x1 | x2...
1 +2.971624362e+04 +2.971624362e+04 +2.977158362e+04 +2.977158362e+04 +2.2938e+00 +1.0718e+00 -2.2295e+00 -2.3592e+00 +1.7760e+00 +2.3597e-01 -3.4972e-01 -1.0537e-01 -6.7100e-01 +3.7268e+00
9 +2.405759827e+04 +2.405759827e+04 +2.411293827e+04 +2.411293827e+04 -8.9305e-01 -1.1855e+00 -1.5911e+00 -3.7461e-02 +2.0054e+00 +2.7342e+00 +2.2326e+00 +3.1512e+00 +1.9602e-01 +1.9266e+00
14 +1.492645571e+04 +1.492645571e+04 +1.498179571e+04 +1.498179571e+04 -9.7309e-03 +1.2799e-01 -2.5793e+00 +1.8080e+00 -1.6592e+00 +1.5131e+00 +1.2864e+00 +2.1548e+00 -2.0346e+00 -4.3877e-01
32 +4.671703514e+03 +4.671703514e+03 +4.727043514e+03 +4.727043514e+03 -9.9726e-01 -1.1015e+00 +3.0338e-01 -9.3143e-02 +1.8405e+00 +9.6671e-01 +2.7773e-01 +2.5710e+00 +1.5997e+00 +6.9101e-01
88 +3.231282996e+03 +3.231282996e+03 +3.286622996e+03 +3.286622996e+03 -1.3222e-01 +1.7192e+00 -1.0459e+00 -4.6490e-01 -2.5362e-02 -1.5574e+00 -5.6718e-01 +2.4179e+00 +7.1030e-01 -1.6769e+00
467 +2.345385707e+03 +2.345385707e+03 +2.400725707e+03 +2.400725707e+03 +4.4563e-02 +1.8735e+00 -1.5876e+00 -9.0166e-01 -2.5345e-01 -1.6219e+00 +2.2956e-01 +2.4393e+00 +4.8272e-01 -8.7793e-01
1004 +1.563454166e+03 +1.563454166e+03 +1.618794166e+03 +1.618794166e+03 -1.0301e-01 +1.7158e+00 -1.2930e+00 -7.2510e-01 -1.9232e-01 -1.3369e+00 +2.2219e-03 +2.2639e+00 +7.0717e-01 -8.8275e-01
1586 +9.848834902e+02 +9.848834902e+02 +1.040223490e+03 +1.040223490e+03 +6.7511e-02 +1.4762e+00 -9.9162e-01 -9.0831e-01 -3.9923e-01 -9.8361e-01 -2.5626e-01 +1.9467e+00 +7.8874e-01 -1.0799e+00
2104 +6.302347660e+02 +6.302347660e+02 +6.855747660e+02 +6.855747660e+02 -2.7392e-01 +1.2207e+00 -1.0888e+00 -6.8268e-01 -3.6795e-01 -1.2712e+00 +1.7316e-02 +1.5686e+00 +7.1595e-01 -1.0367e+00
2571 +3.695973534e+02 +3.695973534e+02 +4.249373534e+02 +4.249373534e+02 -5.7610e-02 +3.5685e-01 +2.1751e-01 +3.8622e-01 +1.1398e+00 +5.8212e-01 +5.4672e-01 +1.6865e+00 +1.0173e+00 +4.1909e-01
3055 +2.341877740e+02 +2.341877740e+02 +2.895277740e+02 +2.895277740e+02 -4.3467e-02 +3.8031e-01 +2.9600e-01 +4.8498e-01 +9.3029e-01 +5.8097e-01 +6.0040e-01 +1.5527e+00 +8.2479e-01 +3.3166e-01
3561 +1.511292396e+02 +1.511292396e+02 +2.064692396e+02 +2.064692396e+02 -2.1941e-03 +4.9796e-01 +1.0591e-01 +2.2077e-01 +9.7388e-01 +4.8075e-01 +6.4029e-01 +1.3817e+00 +5.8350e-01 +1.6705e-01
4023 +9.925916373e+01 +9.925916373e+01 +1.545991637e+02 +1.545991637e+02 -9.9602e-02 +9.1322e-01 -4.1904e-01 -6.2643e-01 -2.1881e-01 -1.0103e+00 -2.8267e-01 +9.0477e-01 +8.1476e-01 -3.1141e-01
4612 +5.981689577e+01 +5.981689577e+01 +1.151568958e+02 +1.151568958e+02 -1.4662e-01 +8.7142e-01 -3.6545e-01 -4.7373e-01 -4.5583e-01 -7.8664e-01 -2.0401e-02 +8.1975e-01 +6.8475e-01 -2.4430e-01
5006 +3.980797762e+01 +3.980797762e+01 +9.514797762e+01 +9.514797762e+01 -5.4689e-02 +8.5558e-01 -2.7066e-01 -3.8557e-01 -3.6803e-01 -7.7839e-01 -2.6958e-01 +7.1879e-01 +8.7053e-01 -1.9646e-01
5388 +2.482339809e+01 +2.482339809e+01 +8.016339809e+01 +8.016339809e+01 -4.9355e-02 +7.1056e-01 -4.4718e-01 -3.8116e-01 -2.0350e-01 -4.5896e-01 -4.0350e-01 +7.1178e-01 +9.6112e-01 -1.1125e-01
5528 +1.386950648e+01 +1.386950648e+01 +6.920950648e+01 +6.920950648e+01 -7.7686e-02 +7.4545e-01 -3.5990e-01 -3.3645e-01 -2.8088e-01 -3.9660e-01 -2.9365e-01 +6.2887e-01 +1.0121e+00 +3.1483e-02
6111 +9.981802338e+00 +9.981802338e+00 +6.532180234e+01 +6.532180234e+01 -3.8342e-03 +8.7156e-01 -2.4505e-01 -2.1146e-01 -2.3584e-01 -4.2107e-01 -1.7717e-01 +6.3160e-01 +9.7592e-01 +1.2253e-01
% function evaluation | noise-free fitness - Fopt (-9.033000000000e+01) | best noise-free fitness - Fopt | measured fitness | best measured fitness | x1 | x2...
1 +5.548133619e+04 +5.548133619e+04 +5.539100619e+04 +5.539100619e+04 -1.9434e+00 -3.3957e+00 +3.1903e+00 -2.7853e+00 +2.6394e-01 +1.7441e+00 -4.0139e-01 -1.9708e+00 -3.1890e+00 -1.2454e+00
3 +1.043701852e+04 +1.043701852e+04 +1.034668852e+04 +1.034668852e+04 +2.5267e+00 -1.2755e+00 +1.8480e-01 -2.2886e+00 -6.7156e-01 +6.2616e-01 -5.9594e-01 -3.9219e-01 -3.0497e+00 +2.0174e+00
35 +8.516339535e+03 +8.516339535e+03 +8.426009535e+03 +8.426009535e+03 -1.0451e+00 -1.4082e+00 +1.8748e+00 -2.2670e+00 -2.6715e+00 -1.9036e+00 -1.4667e-01 +1.8029e-01 +1.8995e-01 +2.0276e+00
127 +4.995366855e+03 +4.995366855e+03 +4.905036855e+03 +4.905036855e+03 -1.8767e+00 +1.2163e+00 +2.1431e+00 +1.1998e+00 -2.2786e-01 -1.3771e+00 -1.4221e+00 -2.5013e-01 +2.1123e-01 -9.2010e-01
159 +2.715756211e+03 +2.715756211e+03 +2.625426211e+03 +2.625426211e+03 +2.1373e-01 -1.1104e+00 +9.1211e-01 -2.2006e+00 -1.7184e+00 +3.7288e-01 -2.0362e-01 -1.4480e-01 -2.5815e-01 +1.9767e+00
416 +2.380391201e+03 +2.380391201e+03 +2.290061201e+03 +2.290061201e+03 +4.1271e-02 -9.3155e-01 +1.0216e+00 -2.1125e+00 -1.7234e+00 +3.4188e-01 -2.1200e-01 -6.7527e-02 -2.4529e-01 +1.9769e+00
944 +1.568732603e+03 +1.568732603e+03 +1.478402603e+03 +1.478402603e+03 +3.6395e-01 -7.1499e-01 +1.1018e+00 -2.1291e+00 -1.5956e+00 +1.7643e-01 -1.1626e-01 -3.4306e-01 -1.1182e-01 +1.5982e+00
1669 +9.494234233e+02 +9.494234233e+02 +8.590934233e+02 +8.590934233e+02 +3.6915e-01 -5.6124e-01 +1.1204e+00 -1.8482e+00 -1.5008e+00 +9.9937e-02 -1.8744e-01 -3.9185e-01 -6.7275e-02 +1.3995e+00
2185 +6.048587014e+02 +6.048587014e+02 +5.145287014e+02 +5.145287014e+02 +4.8596e-01 -4.8330e-01 +1.0584e+00 -1.6486e+00 -1.3529e+00 -1.2465e-01 -5.9663e-02 -3.2631e-01 +3.0026e-03 +1.1753e+00
2579 +3.963365454e+02 +3.963365454e+02 +3.060065454e+02 +3.060065454e+02 +5.4304e-01 -4.2283e-01 +8.7172e-01 -1.3831e+00 -1.3589e+00 +1.9036e-01 -1.9869e-01 -2.6155e-01 -1.4902e-01 +1.2838e+00
3057 +2.449000362e+02 +2.449000362e+02 +1.545700362e+02 +1.545700362e+02 +4.6950e-01 -1.3089e-01 +8.2137e-01 -1.1693e+00 -1.3838e+00 +1.0084e-01 -2.3476e-01 -4.0756e-01 -2.3664e-01 +9.2171e-01
3565 +1.372593151e+02 +1.372593151e+02 +4.692931511e+01 +4.692931511e+01 +3.1453e-01 -1.6666e-01 +6.8961e-01 -1.0769e+00 -1.1110e+00 +5.4646e-02 -1.7006e-01 -4.1955e-01 -1.7970e-01 +7.1605e-01
3828 +8.112774773e+01 +8.112774773e+01 -9.202252265e+00 -9.202252265e+00 +4.7045e-01 -2.3178e-03 +6.7977e-01 -1.0451e+00 -9.9602e-01 +1.9963e-01 -1.5274e-01 -4.1501e-01 -2.2930e-01 +7.6845e-01
3968 +6.082509759e+01 +6.082509759e+01 -2.950490241e+01 -2.950490241e+01 +4.8270e-01 -3.5921e-02 +6.6914e-01 -9.5358e-01 -9.1431e-01 +2.9136e-01 -1.3543e-01 -3.4125e-01 -2.3145e-01 +7.1505e-01
4216 +3.855747788e+01 +3.855747788e+01 -5.177252212e+01 -5.177252212e+01 +4.6664e-01 +8.0235e-02 +6.0598e-01 -8.1246e-01 -8.4815e-01 +4.1267e-01 -7.4389e-02 -3.4620e-01 -2.1885e-01 +6.9656e-01
4683 +2.149276799e+01 +2.149276799e+01 -6.883723201e+01 -6.883723201e+01 +5.3942e-01 +8.9137e-02 +5.1560e-01 -8.6311e-01 -7.9212e-01 +5.0668e-01 -2.1756e-02 -3.8270e-01 -2.9428e-01 +5.7819e-01
4955 +1.223652318e+01 +1.223652318e+01 -7.809347682e+01 -7.809347682e+01 +6.0427e-01 +1.3933e-01 +5.2545e-01 -8.7030e-01 -7.3509e-01 +6.4192e-01 -5.4536e-02 -3.9486e-01 -3.7496e-01 +5.7410e-01
6069 +8.606599444e+00 +8.606599444e+00 -8.172340056e+01 -8.172340056e+01 +6.4715e-01 +9.5012e-02 +5.0526e-01 -7.1053e-01 -9.0386e-01 +7.3417e-01 +1.5748e-01 -1.2112e-01 -3.8704e-01 +5.2634e-01
% function evaluation | noise-free fitness - Fopt (6.561000000000e+01) | best noise-free fitness - Fopt | measured fitness | best measured fitness | x1 | x2...
1 +6.093330210e+03 +6.093330210e+03 +6.158940210e+03 +6.158940210e+03 -1.3270e+00 +2.9235e-01 -6.6261e-01 +1.9681e+00 -9.9070e-01 +6.8109e-01 -1.1490e+00 +3.2001e-01 -2.0259e+00 +5.0692e-01
76 +2.987282540e+03 +2.987282540e+03 +3.052892540e+03 +3.052892540e+03 -5.7633e-01 +3.8398e-01 +1.8379e+00 +2.2584e+00 +1.4142e-01 +1.4687e-01 -8.1549e-01 -9.3625e-02 -1.5550e+00 +9.3914e-03
333 +2.341704281e+03 +2.341704281e+03 +2.407314281e+03 +2.407314281e+03 -4.9978e-01 +5.6882e-01 +1.8111e+00 +2.0973e+00 +6.6374e-03 +1.2446e-01 -9.5566e-01 -2.7956e-02 -1.5055e+00 +1.5962e-02
983 +1.466641231e+03 +1.466641231e+03 +1.532251231e+03 +1.532251231e+03 -4.1372e-01 +6.6688e-01 +1.8464e+00 +1.7934e+00 -2.2607e-01 +1.0668e-01 -1.0616e+00 -8.9063e-02 -1.2645e+00 +1.7562e-01
1583 +9.809359684e+02 +9.809359684e+02 +1.046545968e+03 +1.046545968e+03 -3.5760e-01 +5.8338e-01 +1.7724e+00 +1.5296e+00 -3.3007e-01 +9.0789e-02 -9.9646e-01 -1.7416e-01 -1.0732e+00 +7.0762e-02
1997 +6.272977698e+02 +6.272977698e+02 +6.929077698e+02 +6.929077698e+02 -9.1689e-02 +8.2205e-01 +1.4521e+00 +1.3411e+00 -3.2098e-01 +1.1442e-01 -8.7927e-01 -1.8557e-01 -1.0534e+00 +1.9989e-01
2492 +3.893671775e+02 +3.893671775e+02 +4.549771775e+02 +4.549771775e+02 +7.4214e-02 +8.2981e-01 +1.6543e+00 +1.0478e+00 -2.8982e-01 +2.0293e-01 -8.9390e-01 -9.1158e-02 -8.0250e-01 +2.8199e-01
3042 +2.310151453e+02 +2.310151453e+02 +2.966251453e+02 +2.966251453e+02 -1.0575e+00 -6.4952e-03 -4.3532e-02 +4.2720e-01 -6.0375e-01 +7.3863e-01 -1.4213e+00 -2.6255e-01 -1.0931e+00 +4.5970e-01
3431 +1.582887236e+02 +1.582887236e+02 +2.238987236e+02 +2.238987236e+02 -1.2396e+00 +1.1834e-01 -1.2993e-01 +2.9589e-01 -6.2295e-01 +7.7448e-01 -1.3285e+00 -3.6086e-01 -1.0657e+00 +8.7693e-01
3955 +9.953648103e+01 +9.953648103e+01 +1.651464810e+02 +1.651464810e+02 -8.5613e-01 +7.7418e-02 -1.2836e-01 +2.1932e-01 -2.4590e-01 +9.4556e-01 -1.3814e+00 -3.0682e-01 -7.8337e-01 +8.2315e-01
4739 +6.131067758e+01 +6.131067758e+01 +1.269206776e+02 +1.269206776e+02 +3.0537e-01 +7.6579e-01 +1.0330e+00 +5.3194e-01 -1.8827e-01 -7.5554e-02 -8.2165e-01 -9.7211e-02 -1.6508e-02 +3.2659e-01
5272 +3.572417231e+01 +3.572417231e+01 +1.013341723e+02 +1.013341723e+02 +1.9726e-01 +5.0618e-01 +9.0994e-01 +4.7946e-01 -2.1868e-01 +1.1085e-01 -8.6285e-01 -1.7075e-01 +1.1192e-01 +3.4521e-01
5647 +2.186273391e+01 +2.186273391e+01 +8.747273391e+01 +8.747273391e+01 +1.5139e-01 +3.7892e-01 +8.6192e-01 +4.4429e-01 -3.9358e-01 +1.4440e-01 -8.3234e-01 -9.4587e-02 +1.8606e-01 +2.5918e-01
6248 +1.545381277e+01 +1.545381277e+01 +8.106381277e+01 +8.106381277e+01 +2.3180e-01 +3.7713e-01 +8.5377e-01 +4.6128e-01 -4.0502e-01 +1.8937e-01 -7.1624e-01 +6.8916e-02 +2.9307e-01 +2.8865e-01
7044 +9.752250758e+00 +9.752250758e+00 +7.536225076e+01 +7.536225076e+01 +2.6569e-01 +1.3183e-01 +9.8019e-01 +4.0800e-01 -4.8068e-01 +2.2539e-01 -7.0840e-01 +1.1219e-01 +2.7644e-01 +3.2704e-01
% function evaluation | noise-free fitness - Fopt (-1.536000000000e+01) | best noise-free fitness - Fopt | measured fitness | best measured fitness | x1 | x2...
1 +1.554579206e+05 +1.554579206e+05 +1.554425606e+05 +1.554425606e+05 +1.1742e+00 +2.9909e-01 -2.2886e+00 +3.4735e+00 +5.8696e-01 -3.5103e+00 +2.7481e+00 +3.3395e+00 +3.4476e+00 +2.6005e+00
2 +7.221733285e+04 +7.221733285e+04 +7.220197285e+04 +7.220197285e+04 +1.7421e+00 +2.1090e+00 -1.8638e+00 +2.8213e+00 -5.0139e-01 -3.7701e+00 -1.7966e+00 -2.1657e-01 -3.6229e+00 +3.1804e+00
3 +5.293979253e+04 +5.293979253e+04 +5.292443253e+04 +5.292443253e+04 +6.4441e-01 -3.0465e+00 -2.0317e+00 -2.9910e-01 -3.8669e+00 +1.6327e+00 +2.4659e+00 +2.7938e+00 +3.1220e+00 -4.5295e-01
5 +3.257221292e+04 +3.257221292e+04 +3.255685292e+04 +3.255685292e+04 -3.9163e+00 -3.0597e-01 +7.2991e-01 +2.0714e+00 +6.3239e-01 +1.2912e+00 +2.7595e+00 -2.5062e+00 -7.7823e-01 +3.1949e+00
8 +1.825092982e+04 +1.825092982e+04 +1.823556982e+04 +1.823556982e+04 -1.1030e+00 +1.6903e+00 -9.8763e-02 +2.8375e+00 +1.0710e+00 +1.8618e+00 +9.4699e-01 +3.3133e+00 -3.8267e+00 +5.1404e-01
25 +1.035226658e+04 +1.035226658e+04 +1.033690658e+04 +1.033690658e+04 +7.0437e-01 +2.0481e-01 -7.6862e-01 +1.5311e+00 -4.1418e-01 +2.0680e+00 +9.6182e-01 +3.2617e+00 +1.1760e+00 +9.9118e-01
38 +9.995252343e+03 +9.995252343e+03 +9.979892343e+03 +9.979892343e+03 +1.0406e+00 +7.6739e-01 -3.4601e-01 +6.5197e-01 +3.2522e-01 +2.0950e+00 +8.9397e-01 +3.2424e+00 -9.0047e-01 +9.6200e-01
86 +4.825645579e+03 +4.825645579e+03 +4.810285579e+03 +4.810285579e+03 -1.2480e+00 +2.1558e+00 +1.0120e+00 +2.7475e+00 -1.6568e+00 +4.6503e-01 -9.3775e-01 +2.7256e-01 +2.3853e-01 +9.9243e-02
88 +1.266689501e+03 +1.266689501e+03 +1.251329501e+03 +1.251329501e+03 +1.3381e-01 +2.7399e+00 +4.3521e-01 +1.4912e+00 -4.0005e-01 +1.1150e-01 -1.1935e+00 +9.1726e-01 +6.7284e-01 -4.3110e-01
207 +4.841898355e+02 +4.841898355e+02 +4.688298355e+02 +4.688298355e+02 +8.4462e-02 -1.0944e+00 -5.0551e-01 +1.8021e+00 -8.3860e-01 +1.2324e-01 -7.2245e-01 +5.5553e-01 +1.6606e-01 -3.2090e-01
462 +3.671515890e+02 +3.671515890e+02 +3.517915890e+02 +3.517915890e+02 +1.7138e-01 -1.0706e+00 -5.7002e-01 +1.6434e+00 -6.9455e-01 +1.1070e-01 -8.1892e-01 +5.4868e-01 +4.3554e-02 -3.1385e-01
614 +2.165239374e+02 +2.165239374e+02 +2.011639374e+02 +2.011639374e+02 +1.3221e-01 -7.2266e-01 -1.4945e-01 +1.5139e+00 -5.9510e-01 +2.9213e-02 -6.9118e-01 +6.1603e-01 +1.1090e-01 -1.5284e-01
988 +1.550518598e+02 +1.550518598e+02 +1.396918598e+02 +1.396918598e+02 +4.7925e-02 -6.4759e-01 -9.2570e-02 +1.3802e+00 -5.5428e-01 +1.3357e-01 -6.0080e-01 +5.6807e-01 -6.2527e-02 -1.8511e-01
1847 +9.836781475e+01 +9.836781475e+01 +8.300781475e+01 +8.300781475e+01 +2.4744e-01 -6.5856e-01 -1.4161e-01 +1.2423e+00 -3.7325e-01 +1.8763e-01 -4.2069e-01 +7.9763e-01 -9.6453e-02 -1.4343e-02
2504 +6.158868001e+01 +6.158868001e+01 +4.622868001e+01 +4.622868001e+01 +4.7635e-01 -5.2496e-01 -9.9968e-02 +8.6363e-01 -3.3337e-01 +2.7685e-01 -3.7917e-01 +5.8246e-01 +2.9110e-02 +1.0518e-01
3361 +3.613981221e+01 +3.613981221e+01 +2.077981221e+01 +2.077981221e+01 +7.6806e-01 -4.0112e-01 -7.7020e-02 +8.2791e-01 -4.6825e-01 +2.9163e-01 -1.1094e-01 +4.4967e-01 +1.9506e-01 +3.8611e-02
3749 +2.087161528e+01 +2.087161528e+01 +5.511615281e+00 +5.511615281e+00 +9.2955e-01 -3.3971e-01 -1.4706e-01 +6.5553e-01 -3.9743e-01 +1.5503e-01 +2.6244e-02 +3.0129e-01 +2.7139e-01 -2.9177e-02
4005 +1.461688490e+01 +1.461688490e+01 -7.431151038e-01 -7.431151038e-01 +9.4158e-01 -1.9093e-01 -7.2337e-03 +6.2431e-01 -3.2211e-01 +1.6772e-01 +1.8738e-01 +3.0615e-01 +2.9314e-01 -1.6272e-01
4603 +9.587065759e+00 +9.587065759e+00 -5.772934241e+00 -5.772934241e+00 +9.3711e-01 -9.2569e-02 -3.7599e-02 +6.3912e-01 -2.5969e-01 -5.2081e-02 +2.4480e-01 +1.6085e-01 +2.6056e-01 -1.8635e-01
5666 +5.910528625e+00 +5.910528625e+00 -9.449471375e+00 -9.449471375e+00 +9.1863e-01 -4.5011e-02 -1.7966e-01 +4.9355e-01 -2.2742e-01 -7.9288e-02 +3.2613e-01 +1.9481e-01 +1.5812e-01 -1.9426e-01
% function evaluation | noise-free fitness - Fopt (-1.318000000000e+01) | best noise-free fitness - Fopt | measured fitness | best measured fitness | x1 | x2...
1 +7.838899880e+04 +7.838899880e+04 +7.837581880e+04 +7.837581880e+04 -2.4462e+00 -3.0143e+00 -2.4643e+00 +1.0666e+00 -9.1739e-01 +3.5947e+00 -2.3886e+00 -3.9440e+00 +3.6276e+00 -1.1199e-02
2 +4.550799937e+04 +4.550799937e+04 +4.549481937e+04 +4.549481937e+04 -4.9950e-01 -1.0685e+00 -3.5849e-01 +3.1621e+00 -3.7551e+00 -3.1354e+00 +2.3682e+00 -2.7110e+00 +5.9497e-02 +1.1589e+00
5 +2.928467077e+04 +2.928467077e+04 +2.927149077e+04 +2.927149077e+04 +2.4463e+00 +1.0669e+00 -1.6361e-01 +1.1780e+00 +1.7878e+00 -1.9193e+00 +3.1179e+00 -1.1259e+00 -2.1059e+00 +1.8750e+00
6 +9.500204093e+03 +9.500204093e+03 +9.487024093e+03 +9.487024093e+03 +1.7862e+00 -1.3811e+00 -1.1344e+00 -2.2594e+00 -2.7611e-01 +2.2242e+00 +6.8776e-01 +2.9433e+00 +8.4757e-01 -4.7127e-01
29 +3.919740857e+03 +3.919740857e+03 +3.906560857e+03 +3.906560857e+03 +1.5138e+00 +1.1635e+00 +2.1337e+00 +7.4758e-01 +1.8913e+00 +1.3961e+00 +4.1175e-01 -8.5773e-01 +2.9673e-01 +3.6218e-01
156 +8.523758282e+02 +8.523758282e+02 +8.391958282e+02 +8.391958282e+02 +1.0155e+00 -7.5036e-01 -5.7380e-01 -2.1497e-02 +1.9818e-01 +1.4904e+00 +1.7734e+00 -8.0623e-01 -1.4035e-01 -2.2627e-01
543 +5.368675591e+02 +5.368675591e+02 +5.236875591e+02 +5.236875591e+02 +1.0499e+00 -8.2628e-01 -6.2987e-01 +2.0606e-01 +3.7451e-01 +1.6301e+00 +1.6878e+00 -6.9525e-01 +1.5646e-02 -3.0105e-01
936 +3.736494494e+02 +3.736494494e+02 +3.604694494e+02 +3.604694494e+02 +9.9301e-01 -9.1298e-01 -6.9664e-01 +2.7764e-01 +3.9712e-01 +1.5349e+00 +1.6262e+00 -6.8026e-01 +1.7838e-01 -4.3771e-01
1205 +2.365763794e+02 +2.365763794e+02 +2.233963794e+02 +2.233963794e+02 +8.5540e-01 -9.7653e-01 -8.2792e-01 +2.0749e-01 +5.8873e-01 +1.5378e+00 +1.5432e+00 -6.4593e-01 +4.1007e-01 -1.8702e-01
1929 +1.399424588e+02 +1.399424588e+02 +1.267624588e+02 +1.267624588e+02 +7.0293e-01 -1.1247e+00 -9.3412e-01 +4.0504e-01 +6.5522e-01 +1.3317e+00 +1.5294e+00 -6.2743e-01 +6.3870e-01 -3.4015e-01
2444 +9.961089082e+01 +9.961089082e+01 +8.643089082e+01 +8.643089082e+01 +5.5587e-01 -1.0360e+00 -1.0367e+00 +3.7789e-01 +8.8937e-01 +1.1999e+00 +1.4993e+00 -3.7262e-01 +8.0889e-01 -2.7660e-01
5125 +6.197928498e+01 +6.197928498e+01 +4.879928498e+01 +4.879928498e+01 +2.1544e-01 -6.7880e-02 -2.5150e-01 +9.1891e-01 -4.9101e-01 -1.6961e-01 -1.5010e-01 -1.4015e-01 -6.7879e-01 -8.9203e-01
6129 +3.878902889e+01 +3.878902889e+01 +2.560902889e+01 +2.560902889e+01 +1.9375e-01 -5.2999e-02 -2.7266e-01 +9.7958e-01 -1.9576e-01 -2.8882e-01 -1.3071e-01 -3.0660e-01 -4.4677e-01 -8.6547e-01
6777 +2.456156490e+01 +2.456156490e+01 +1.138156490e+01 +1.138156490e+01 -1.8125e-02 -3.7678e-03 -1.7551e-01 +9.3890e-01 +4.6377e-02 -4.0693e-01 -2.0084e-01 -3.1297e-01 -3.7632e-01 -9.0811e-01
7624 +1.527795182e+01 +1.527795182e+01 +2.097951817e+00 +2.097951817e+00 -1.7379e-01 +1.7170e-01 -1.3878e-01 +1.1310e+00 +1.6554e-01 -4.4747e-01 -6.8149e-02 -3.2230e-01 -4.6124e-01 -8.2616e-01
8816 +9.438520911e+00 +9.438520911e+00 -3.741479089e+00 -3.741479089e+00 -2.9539e-01 +1.4513e-01 -3.9180e-02 +1.0351e+00 +2.6805e-01 -5.9347e-01 -1.8217e-01 -4.0871e-01 -2.1688e-01 -6.2708e-01
% function evaluation | noise-free fitness - Fopt (-6.052000000000e+01) | best noise-free fitness - Fopt | measured fitness | best measured fitness | x1 | x2...
1 +2.398733971e+04 +2.398733971e+04 +2.392681971e+04 +2.392681971e+04 +2.2897e+00 -4.8497e-01 -2.2302e+00 +3.8834e+00 -3.1314e+00 +1.8501e+00 +6.5844e-01 -1.7431e-01 +1.3934e+00 -1.7831e+00
14 +1.483551844e+04 +1.483551844e+04 +1.477499844e+04 +1.477499844e+04 +4.4528e-01 -1.2072e+00 -2.5136e+00 +2.3468e+00 +9.8239e-01 +1.1386e-01 -1.9553e+00 -1.0466e+00 -1.2460e+00 -1.6301e+00
72 +4.034355778e+03 +4.034355778e+03 +3.973835778e+03 +3.973835778e+03 +1.6427e+00 +2.6681e-01 -6.9999e-01 +5.8382e-01 +1.1825e-01 +1.8271e-01 -1.0929e+00 -1.7559e+00 +2.0183e+00 -4.5642e-01
81 +3.155365136e+03 +3.155365136e+03 +3.094845136e+03 +3.094845136e+03 -6.9837e-01 -1.2859e+00 +1.2612e-01 -3.2244e-01 +1.3193e+00 +1.2265e-01 -8.6651e-02 -3.4558e-01 +3.4308e-01 +1.6664e+00
94 +2.476234598e+03 +2.476234598e+03 +2.415714598e+03 +2.415714598e+03 +6.4912e-03 +1.3039e+00 -2.0711e+00 +2.5924e+00 +1.3066e+00 +7.1431e-01 +5.9056e-01 -1.2828e+00 +2.4839e+00 -1.7520e+00
216 +1.383459333e+03 +1.383459333e+03 +1.322939333e+03 +1.322939333e+03 +4.9330e-01 +1.3410e+00 -1.1055e-01 +1.2849e+00 +1.2294e+00 +7.8908e-02 +7.3626e-01 -1.1125e+00 -1.8025e-01 -1.6492e+00
225 +9.746744512e+02 +9.746744512e+02 +9.141544512e+02 +9.141544512e+02 +1.0056e+00 -8.4602e-01 -1.4586e-01 +4.8004e-01 +5.7534e-01 +2.3196e-01 -3.0803e-01 -9.5131e-01 +4.8285e-01 +5.6314e-01
592 +6.027793240e+02 +6.027793240e+02 +5.422593240e+02 +5.422593240e+02 +1.0322e+00 -1.0441e+00 -1.4570e-01 +4.2193e-01 +4.5089e-01 +1.3635e-01 -1.8727e-01 -7.4472e-01 +5.3005e-01 +4.2075e-01
861 +3.965217482e+02 +3.965217482e+02 +3.360017482e+02 +3.360017482e+02 +8.1070e-01 -9.1085e-01 -2.3288e-01 +2.9750e-01 +3.2856e-01 +2.4899e-01 -7.8979e-02 -7.1210e-01 +5.4025e-01 +2.4612e-01
1243 +2.210946071e+02 +2.210946071e+02 +1.605746071e+02 +1.605746071e+02 +7.4173e-01 -8.5284e-01 -2.5484e-01 +2.1621e-01 +4.7820e-01 +7.0148e-02 -6.3914e-02 -4.7430e-01 +5.7996e-01 +1.8044e-01
1719 +1.405365999e+02 +1.405365999e+02 +8.001659989e+01 +8.001659989e+01 +8.7872e-01 -6.5190e-01 -3.7828e-01 +2.4198e-01 +3.8910e-01 +6.5616e-02 -2.6096e-01 -2.8688e-01 +6.6029e-01 +1.7489e-01
1982 +9.509854831e+01 +9.509854831e+01 +3.457854831e+01 +3.457854831e+01 +7.4784e-01 -5.5025e-01 -3.7843e-01 +1.6669e-01 +4.1790e-01 +6.3349e-02 -2.8201e-01 -1.8623e-01 +7.0887e-01 -1.6190e-02
2388 +6.063649567e+01 +6.063649567e+01 +1.164956653e-01 +1.164956653e-01 +6.9665e-01 -5.8541e-01 -4.4632e-01 +8.0639e-02 +5.1252e-01 -4.3422e-02 -2.5238e-01 -1.0709e-01 +7.3449e-01 +8.8503e-02
2643 +3.535255660e+01 +3.535255660e+01 -2.516744340e+01 -2.516744340e+01 +6.8504e-01 -6.0243e-01 -3.5634e-01 -1.0536e-01 +5.2507e-01 -1.7322e-01 -2.6481e-01 -9.7272e-02 +7.6054e-01 -7.0602e-02
3235 +2.433569314e+01 +2.433569314e+01 -3.618430686e+01 -3.618430686e+01 +5.7219e-01 -6.5985e-01 -3.2327e-01 -1.5431e-01 +6.6536e-01 -1.4411e-01 -2.9238e-01 -1.2132e-01 +5.8545e-01 -5.7435e-02
3872 +1.345402349e+01 +1.345402349e+01 -4.706597651e+01 -4.706597651e+01 +6.4144e-01 -7.9953e-01 -5.9975e-01 -2.2520e-01 +8.2635e-01 -1.0754e-01 -3.0995e-01 -7.3935e-02 +6.5595e-01 -3.0341e-01
4275 +6.564893276e+00 +6.564893276e+00 -5.395510672e+01 -5.395510672e+01 +7.0289e-01 -8.7591e-01 -5.0417e-01 -1.5627e-01 +9.2581e-01 -6.2867e-02 -2.9023e-01 -5.0402e-02 +8.2193e-01 -3.5307e-01
7046 +6.060646931e+00 +6.060646931e+00 -5.445935307e+01 -5.445935307e+01 +6.6528e-01 -9.5645e-01 -6.5426e-01 -2.6469e-02 +9.2118e-01 -3.3627e-02 -2.1933e-01 -2.0422e-02 +8.7258e-01 -4.7034e-01
8164 +3.397900970e+00 +3.397900970e+00 -5.712209903e+01 -5.712209903e+01 +6.7859e-01 -9.6372e-01 -5.3150e-01 -1.8693e-01 +9.2654e-01 -8.7360e-02 -2.9796e-01 +3.3378e-02 +8.3395e-01 -4.0410e-01
% function evaluation | noise-free fitness - Fopt (1.844000000000e+02) | best noise-free fitness - Fopt | measured fitness | best measured fitness | x1 | x2...
1 +7.387316273e+04 +7.387316273e+04 +7.405756273e+04 +7.405756273e+04 -3.9173e+00 +3.2131e+00 -3.2988e+00 +1.6659e+00 +1.9338e+00 +9.1238e-01 -2.3271e+00 +1.9304e+00 -2.3713e+00 -1.6939e+00
2 +2.363842696e+04 +2.363842696e+04 +2.382282696e+04 +2.382282696e+04 +1.4614e-01 +8.5412e-01 -3.4656e+00 -3.5094e+00 -1.8056e+00 +7.5154e-01 +1.0508e+00 -2.0203e+00 +7.5134e-01 -1.1040e+00
7 +1.582386396e+04 +1.582386396e+04 +1.600826396e+04 +1.600826396e+04 +2.6098e+00 +3.7812e+00 +1.6058e+00 -2.4877e+00 -1.8084e+00 -9.4122e-01 -1.5541e+00 +9.9660e-01 -5.2169e-01 -2.2026e+00
29 +9.960686017e+03 +9.960686017e+03 +1.014508602e+04 +1.014508602e+04 -8.4022e-01 -1.4130e+00 -3.7057e-01 +3.6001e-01 -8.6504e-01 -3.1929e-01 +2.5626e+00 -1.9264e+00 +2.5209e+00 +5.3908e-01
71 +6.206495106e+03 +6.206495106e+03 +6.390895106e+03 +6.390895106e+03 -1.9260e+00 -3.2717e+00 -9.6607e-01 +4.6532e-01 -2.5231e+00 -3.1044e-01 +8.2221e-01 +6.5017e-01 -5.7795e-01 +1.6714e+00
727 +3.859069190e+03 +3.859069190e+03 +4.043469190e+03 +4.043469190e+03 -1.9930e+00 -2.9172e+00 -8.7702e-01 +5.2941e-01 -2.2449e+00 -3.9874e-01 +9.2922e-01 +8.9660e-01 -2.8217e-01 +1.4988e+00
1156 +2.480026791e+03 +2.480026791e+03 +2.664426791e+03 +2.664426791e+03 -9.8009e-02 +2.0201e-01 -2.0468e+00 +7.2506e-01 +5.5015e-01 -3.9195e-02 -4.7654e-01 +3.5545e-01 +1.4990e+00 -4.2706e-01
1889 +1.512935584e+03 +1.512935584e+03 +1.697335584e+03 +1.697335584e+03 +7.2771e-02 -7.5740e-02 -1.9651e+00 +6.3446e-01 +6.4353e-01 -1.0725e-01 -5.3230e-01 +2.3475e-01 +1.3601e+00 -9.5202e-02
2419 +9.923960392e+02 +9.923960392e+02 +1.176796039e+03 +1.176796039e+03 +4.9309e-03 -1.9704e-01 -2.0156e+00 +5.4668e-01 +4.0786e-01 +1.4243e-01 -4.9381e-01 +2.3414e-01 +1.0670e+00 -1.5506e-01
3141 +6.037884687e+02 +6.037884687e+02 +7.881884687e+02 +7.881884687e+02 +2.1417e-02 -2.7259e-01 -1.7951e+00 +4.6817e-01 +4.1341e-01 +1.6011e-01 -2.2898e-01 -2.5414e-03 +9.8952e-01 -1.6750e-02
3658 +3.929157747e+02 +3.929157747e+02 +5.773157747e+02 +5.773157747e+02 -8.5284e-02 -4.1668e-01 -1.5949e+00 +6.2139e-01 +3.5047e-01 +2.2320e-01 -3.7776e-01 +5.4089e-03 +7.8648e-01 +1.6829e-01
4055 +2.465298683e+02 +2.465298683e+02 +4.309298683e+02 +4.309298683e+02 -7.6940e-02 -3.7458e-01 -1.4224e+00 +6.6599e-01 +1.9457e-01 +2.0474e-01 -3.1994e-01 +1.7809e-01 +6.0435e-01 +2.7525e-01
4777 +1.568471754e+02 +1.568471754e+02 +3.412471754e+02 +3.412471754e+02 -1.2360e-01 -2.6240e-01 -1.1336e+00 +6.2077e-01 +6.2540e-02 +2.4371e-01 -3.5612e-01 -2.2024e-02 +4.9125e-01 +2.7049e-01
5428 +9.886461044e+01 +9.886461044e+01 +2.832646104e+02 +2.832646104e+02 -1.7856e-02 -4.3177e-01 -9.9429e-01 +4.6045e-01 -8.3728e-02 +9.6560e-02 -1.0436e-01 -1.0533e-01 +4.7724e-01 +2.9616e-01
7027 +6.292545906e+01 +6.292545906e+01 +2.473254591e+02 +2.473254591e+02 -7.4065e-01 -3.9596e-01 +8.2266e-02 +3.6538e-01 -1.2611e+00 -2.6679e-01 -4.1037e-03 +2.1856e-01 -7.4321e-01 +5.6541e-01
7153 +3.978990847e+01 +3.978990847e+01 +2.241899085e+02 +2.241899085e+02 -6.3134e-01 -1.3086e-01 +1.1716e-01 +3.0066e-01 -1.2556e+00 -1.9606e-01 -1.3375e-02 +3.8768e-01 -7.1052e-01 +5.9231e-01
7639 +2.275478652e+01 +2.275478652e+01 +2.071547865e+02 +2.071547865e+02 -5.7359e-01 -1.3497e-01 +1.7737e-01 +1.5715e-01 -1.2865e+00 -1.1545e-01 -1.5429e-01 +1.9551e-01 -7.0765e-01 +7.1749e-01
8023 +1.271118178e+01 +1.271118178e+01 +1.971111818e+02 +1.971111818e+02 -5.9494e-01 +2.6092e-02 +3.2771e-01 +7.9273e-02 -1.3187e+00 -5.0176e-02 -1.6779e-02 +1.4181e-01 -6.2042e-01 +7.8607e-01
11206 +9.690701520e+00 +9.690701520e+00 +1.940907015e+02 +1.940907015e+02 -1.3833e-01 -1.1743e-01 +5.0377e-01 +8.7514e-02 -8.7674e-01 -2.0258e-01 -4.4210e-01 +1.1158e-01 -7.9546e-02 +9.3020e-01
% function evaluation | noise-free fitness - Fopt (2.277700000000e+02) | best noise-free fitness - Fopt | measured fitness | best measured fitness | x1 | x2...
1 +1.069162470e+04 +1.069162470e+04 +1.091939470e+04 +1.091939470e+04 -2.3793e+00 +3.0061e+00 +9.7030e-01 +1.8178e+00 +7.5949e-01 +1.0979e+00 -2.1919e-01 -2.0254e+00 +2.9910e-03 +2.1289e+00
14 +5.540529627e+03 +5.540529627e+03 +5.768299627e+03 +5.768299627e+03 -6.0124e-01 +6.5609e-01 -6.6721e-01 +2.3032e+00 -2.6050e+00 -7.9689e-01 +8.7058e-01 -1.2711e+00 -1.1835e+00 +6.5215e-01
61 +3.492741751e+03 +3.492741751e+03 +3.720511751e+03 +3.720511751e+03 -1.2730e+00 +2.5967e+00 -1.6177e+00 +2.2821e+00 +2.6857e+00 -1.1676e+00 -1.2120e+00 +1.5022e+00 +4.5241e-01 +2.4522e+00
249 +1.659519197e+03 +1.659519197e+03 +1.887289197e+03 +1.887289197e+03 -1.2517e-01 -2.4411e-03 -8.8740e-01 +1.1504e+00 +2.7092e-01 -1.7272e-01 +1.8921e+00 -7.6124e-01 +1.2278e+00 +1.2193e+00
377 +1.572943191e+03 +1.572943191e+03 +1.800713191e+03 +1.800713191e+03 -6.0729e-02 -1.9759e-02 -9.7362e-01 +1.1966e+00 +1.7282e-01 -1.9377e-01 +1.8714e+00 -7.5270e-01 +1.1500e+00 +1.1441e+00
900 +9.727246829e+02 +9.727246829e+02 +1.200494683e+03 +1.200494683e+03 -1.4156e-01 +5.3959e-02 -7.5980e-01 +1.0964e+00 +3.0920e-01 -3.4312e-01 +1.6190e+00 -8.8943e-01 +1.0711e+00 +9.3529e-01
1632 +5.902648258e+02 +5.902648258e+02 +8.180348258e+02 +8.180348258e+02 +2.1670e-02 -7.5841e-02 -5.9293e-01 +1.1432e+00 +1.8366e-01 -2.8375e-01 +1.3157e+00 -7.6678e-01 +9.2562e-01 +9.6999e-01
2019 +3.917224574e+02 +3.917224574e+02 +6.194924574e+02 +6.194924574e+02 +3.9871e-02 +4.7752e-02 -5.1943e-01 +1.0912e+00 +3.2770e-01 -2.6913e-01 +1.0940e+00 -6.7056e-01 +7.2746e-01 +9.0858e-01
2538 +2.452330512e+02 +2.452330512e+02 +4.730030512e+02 +4.730030512e+02 +3.5539e-01 -1.8297e-01 -4.6840e-01 +1.1098e+00 +3.1357e-01 -5.5784e-01 +8.8117e-01 -7.3012e-01 +5.6544e-01 +8.5596e-01
3399 +1.456508464e+02 +1.456508464e+02 +3.734208464e+02 +3.734208464e+02 +3.3104e-01 -5.6281e-02 -2.7627e-01 +9.1641e-01 +1.0341e-01 -6.8220e-01 +8.1877e-01 -6.5603e-01 +3.9475e-01 +6.3919e-01
3787 +9.746007148e+01 +9.746007148e+01 +3.252300715e+02 +3.252300715e+02 +2.5537e-01 +1.1435e-01 -3.7918e-02 +1.1409e+00 +9.3729e-02 -8.6915e-01 +5.3087e-01 -6.6780e-01 +3.6658e-01 +7.5668e-01
5167 +5.990847473e+01 +5.990847473e+01 +2.876784747e+02 +2.876784747e+02 +1.6522e-01 +5.9862e-02 -7.3884e-02 +5.8766e-01 -1.7573e-01 -9.1797e-01 +1.7294e-01 -3.8642e-01 +5.2617e-01 +6.3734e-01
5817 +3.563108238e+01 +3.563108238e+01 +2.634010824e+02 +2.634010824e+02 +2.0239e-01 +1.0178e-01 +6.5596e-02 +5.1833e-01 -3.2432e-01 -6.7232e-01 -7.1618e-02 -2.6013e-01 +7.3171e-01 +5.8198e-01
6426 +2.306631355e+01 +2.306631355e+01 +2.508363136e+02 +2.508363136e+02 +2.0331e-01 +1.7238e-01 +2.2787e-01 +3.6401e-01 -4.8199e-01 -5.2587e-01 -2.1265e-01 -1.8992e-01 +8.5916e-01 +5.0842e-01
6812 +1.415916835e+01 +1.415916835e+01 +2.419291684e+02 +2.419291684e+02 +2.3438e-01 +1.9121e-01 +1.7746e-02 +2.7280e-01 -6.1090e-01 -3.4726e-01 -2.1524e-01 -1.4615e-01 +9.2354e-01 +6.2017e-01
10823 +9.564862265e+00 +9.564862265e+00 +2.373348623e+02 +2.373348623e+02 +7.3095e-02 +8.8489e-02 +4.0958e-02 +2.3544e-01 -7.3079e-01 -4.4727e-01 -2.6928e-01 -2.3167e-01 +9.7865e-01 +7.1843e-01
% function evaluation | noise-free fitness - Fopt (9.640000000000e+01) | best noise-free fitness - Fopt | measured fitness | best measured fitness | x1 | x2...
1 +9.997074213e+04 +9.997074213e+04 +1.000671421e+05 +1.000671421e+05 +1.1473e+00 +2.0801e+00 +1.4961e-01 +3.7648e+00 -2.3912e+00 +8.2288e-01 -3.0409e+00 -2.8232e+00 -2.0796e+00 +1.0406e+00
3 +5.126830205e+04 +5.126830205e+04 +5.136470205e+04 +5.136470205e+04 +3.7354e+00 +2.3041e+00 -8.2629e-02 -3.3855e+00 +5.9085e-01 +2.9343e+00 -9.3407e-03 +6.9286e-02 -1.5844e+00 -2.1199e-01
4 +2.091864196e+04 +2.091864196e+04 +2.101504196e+04 +2.101504196e+04 -1.7098e+00 +1.1897e+00 +8.4013e-01 +1.0055e+00 +7.6305e-01 +8.9066e-01 +3.4517e+00 +2.3091e+00 +2.2239e+00 -1.7852e-01
16 +9.294760752e+03 +9.294760752e+03 +9.391160752e+03 +9.391160752e+03 -9.6057e-01 +3.3218e+00 -1.0930e+00 +2.0517e+00 +3.9957e+00 +1.9410e+00 -1.4284e+00 -1.7963e+00 -9.7529e-01 +1.0014e+00
24 +5.200123561e+03 +5.200123561e+03 +5.296523561e+03 +5.296523561e+03 -1.1336e+00 +1.3840e+00 -3.7126e-01 +1.6310e+00 +1.6651e+00 +1.8257e+00 -7.7507e-01 +3.6848e-01 +1.6951e+00 -1.7336e-01
165 +2.862073504e+03 +2.862073504e+03 +2.958473504e+03 +2.958473504e+03 -5.4456e-01 +1.1899e+00 -1.8438e-01 +8.9545e-01 +1.6386e+00 +1.3608e+00 +8.3467e-01 +1.6692e+00 +1.6882e+00 +2.4335e-01
283 +2.378282706e+03 +2.378282706e+03 +2.474682706e+03 +2.474682706e+03 -6.1675e-01 +1.2722e+00 -1.6421e-01 +1.5362e+00 +1.6231e+00 +1.5020e+00 +7.8164e-01 +1.2104e+00 +1.6888e+00 -7.3340e-02
722 +1.480341943e+03 +1.480341943e+03 +1.576741943e+03 +1.576741943e+03 +1.3277e+00 +7.2252e-01 +3.1480e-01 +2.2449e-01 +3.4405e-01 +2.9266e-01 +2.3409e-01 -1.3727e+00 -1.2650e-01 +1.0520e+00
984 +9.370276374e+02 +9.370276374e+02 +1.033427637e+03 +1.033427637e+03 +1.2726e+00 +5.6042e-01 +3.3003e-01 +1.7012e-01 +3.5892e-01 +1.9812e-01 +3.5051e-01 -1.2262e+00 -2.5715e-01 +1.0763e+00
1587 +6.215712600e+02 +6.215712600e+02 +7.179712600e+02 +7.179712600e+02 +1.1102e+00 +4.8846e-01 +4.0105e-01 +3.5115e-01 +4.3760e-01 +1.3765e-01 +4.0233e-01 -1.1553e+00 +5.1431e-02 +9.5559e-01
1971 +3.829118757e+02 +3.829118757e+02 +4.793118757e+02 +4.793118757e+02 +1.0945e+00 +1.9659e-01 +2.6612e-01 +8.9026e-02 +5.1150e-01 +1.5671e-01 +3.9797e-01 -9.0362e-01 -8.3680e-02 +7.6991e-01
2371 +2.332882127e+02 +2.332882127e+02 +3.296882127e+02 +3.296882127e+02 +7.6055e-01 +3.4682e-02 +1.7500e-01 +4.2149e-01 +3.0202e-01 -1.2331e-02 +4.3140e-01 -9.5002e-01 +1.8345e-02 +6.8823e-01
3097 +1.434937384e+02 +1.434937384e+02 +2.398937384e+02 +2.398937384e+02 +5.5440e-01 +1.4053e-01 +2.2823e-01 +4.1901e-02 +1.5094e-01 +1.0939e-02 +4.6299e-01 -5.9677e-01 -3.0751e-01 +5.4852e-01
3614 +8.070861255e+01 +8.070861255e+01 +1.771086125e+02 +1.771086125e+02 +3.5358e-01 +8.5173e-02 +2.0917e-01 -1.9806e-01 -7.6021e-02 -2.1777e-01 +3.8612e-01 -3.9141e-01 -1.9608e-01 +3.8994e-01
4265 +6.139364969e+01 +6.139364969e+01 +1.577936497e+02 +1.577936497e+02 +3.6408e-01 -7.1376e-02 +3.2594e-01 -2.2824e-01 -9.9807e-02 -1.9025e-01 +3.4532e-01 -1.3560e-01 -2.5963e-01 +1.5234e-01
5513 +3.838492091e+01 +3.838492091e+01 +1.347849209e+02 +1.347849209e+02 -1.0705e-01 -1.3104e-02 -1.5338e-01 -2.3176e-01 -2.8809e-01 -5.4533e-02 -1.4763e-01 -2.9448e-01 -1.8884e-01 +5.1933e-02
6249 +2.488392425e+01 +2.488392425e+01 +1.212839243e+02 +1.212839243e+02 -5.2998e-02 -5.3992e-02 -1.8677e-01 +5.1316e-02 -3.7546e-01 -7.1051e-02 -3.3824e-01 -2.8401e-01 -1.8274e-01 +1.1748e-01
7038 +1.489009796e+01 +1.489009796e+01 +1.112900980e+02 +1.112900980e+02 -3.3538e-01 +4.3631e-02 -2.6385e-01 -2.9879e-02 -5.3924e-01 -1.2570e-01 -4.5679e-01 -4.6648e-01 -2.0421e-01 +3.1212e-01
7289 +8.728569368e+00 +8.728569368e+00 +1.051285694e+02 +1.051285694e+02 -4.2199e-01 +1.9859e-01 -4.3629e-01 -1.7339e-01 -6.2413e-01 -8.2792e-02 -3.7267e-01 -5.0470e-01 -2.4356e-01 +3.4305e-01
7769 +6.061978751e+00 +6.061978751e+00 +1.024619788e+02 +1.024619788e+02 -4.6272e-01 +1.9769e-01 -4.5148e-01 -1.2423e-01 -6.0053e-01 -5.4326e-02 -2.6163e-01 -5.7049e-01 -2.6927e-01 +3.9405e-01
9799 +3.942913073e+00 +3.942913073e+00 +1.003429131e+02 +1.003429131e+02 -4.8164e-01 +2.3670e-01 -4.5696e-01 -7.8443e-02 -5.4971e-01 -7.3412e-02 -3.1641e-01 -5.7831e-01 -2.3953e-01 +4.0261e-01
% function evaluation | noise-free fitness - Fopt (-9.045000000000e+01) | best noise-free fitness - Fopt | measured fitness | best measured fitness | x1 | x2...
1 +1.125982003e+05 +1.125982003e+05 +1.125077503e+05 +1.125077503e+05 +1.2062e+00 -2.9309e+00 +4.8802e-01 +5.8245e-01 -2.1876e+00 -3.1776e+00 +3.1377e-01 +3.7612e+00 -1.3302e+00 +2.5362e+00
2 +2.107138330e+04 +2.107138330e+04 +2.098093330e+04 +2.098093330e+04 -2.5202e+00 +3.4548e+00 +1.1321e+00 +2.2837e+00 +7.9542e-01 -3.1790e-01 -1.8662e+00 +4.2109e-01 -2.8459e+00 -1.3339e-01
30 +1.059736896e+04 +1.059736896e+04 +1.050691896e+04 +1.050691896e+04 -1.2477e+00 +1.8032e+00 +1.7667e+00 +1.1187e+00 -1.7091e+00 -9.3165e-02 +1.5171e+00 -1.1606e-01 -3.2075e+00 +2.1650e-01
35 +8.060075738e+03 +8.060075738e+03 +7.969625738e+03 +7.969625738e+03 -1.2837e+00 +1.7677e+00 +1.9272e+00 +1.4212e+00 +5.0912e-01 -3.3179e-01 -1.9794e+00 -4.5737e-01 -2.5926e+00 -4.8627e-01
205 +2.762809536e+03 +2.762809536e+03 +2.672359536e+03 +2.672359536e+03 -3.6930e-03 -1.2170e+00 +2.2336e-01 +1.4918e+00 -4.8671e-01 -8.2308e-01 +2.5244e+00 +1.5923e+00 -2.2789e+00 -9.7144e-01
335 +2.406495420e+03 +2.406495420e+03 +2.316045420e+03 +2.316045420e+03 +4.5608e-02 -1.3037e+00 +1.9281e-01 +1.4321e+00 -5.5204e-01 -7.5231e-01 +2.4834e+00 +1.5781e+00 -2.1946e+00 -9.2506e-01
638 +1.531857297e+03 +1.531857297e+03 +1.441407297e+03 +1.441407297e+03 +1.4493e+00 +1.3978e+00 -7.9207e-01 -1.4760e-01 +2.8758e-01 -1.8343e-01 +1.4143e+00 +1.0273e+00 +7.6233e-01 +1.8191e-01
1114 +9.285685304e+02 +9.285685304e+02 +8.381185304e+02 +8.381185304e+02 +3.3698e-01 -1.0170e+00 +5.9932e-02 +1.1905e+00 -5.7928e-01 -3.6629e-01 +2.3744e+00 +1.4795e+00 -1.8493e+00 -8.9145e-01
1847 +6.004928801e+02 +6.004928801e+02 +5.100428801e+02 +5.100428801e+02 +5.3643e-01 -8.7792e-01 +3.7101e-02 +1.0700e+00 -5.7267e-01 -4.7901e-01 +2.3741e+00 +1.3341e+00 -1.6682e+00 -7.7971e-01
2240 +3.919441846e+02 +3.919441846e+02 +3.014941846e+02 +3.014941846e+02 +7.7864e-01 -9.1132e-01 -9.5716e-02 +1.0923e+00 -5.1282e-01 -4.1573e-01 +2.0740e+00 +1.3102e+00 -1.5073e+00 -7.1739e-01
2630 +2.501507608e+02 +2.501507608e+02 +1.597007608e+02 +1.597007608e+02 +8.3322e-01 -1.0181e+00 -2.3080e-02 +1.0229e+00 -6.4045e-01 -1.2944e-01 +2.1562e+00 +1.0531e+00 -1.3638e+00 -6.2905e-01
3402 +1.485470958e+02 +1.485470958e+02 +5.809709578e+01 +5.809709578e+01 +8.8837e-01 +8.3344e-01 -4.9828e-01 +2.6989e-03 -4.1710e-01 +5.5070e-01 +1.2984e+00 +2.1132e-01 +4.1887e-01 +8.6631e-02
4179 +9.935088389e+01 +9.935088389e+01 +8.900883895e+00 +8.900883895e+00 +8.1525e-01 +1.0406e+00 -3.1357e-01 +1.1146e-01 -7.5849e-01 +6.6718e-01 +1.1458e+00 +1.6910e-01 +1.3460e-01 -2.2703e-01
5297 +6.071484662e+01 +6.071484662e+01 -2.973515338e+01 -2.973515338e+01 +7.2302e-01 +1.0808e+00 +7.1883e-02 -3.2398e-01 -6.5712e-01 +5.8202e-01 +9.7865e-01 +1.3107e-02 -8.5302e-02 -3.7050e-01
6548 +3.587620885e+01 +3.587620885e+01 -5.457379115e+01 -5.457379115e+01 +4.0470e-01 +1.3127e+00 -1.1173e-01 -2.4113e-01 -7.0825e-01 +4.5702e-01 +6.1970e-01 +2.5327e-01 -2.2447e-01 -4.1900e-01
6937 +2.472586053e+01 +2.472586053e+01 -6.572413947e+01 -6.572413947e+01 +3.2795e-01 +1.2490e+00 +8.0035e-02 -4.6999e-01 -7.5371e-01 +3.2750e-01 +6.1773e-01 +2.5500e-01 -4.1742e-01 -2.7702e-01
7333 +1.559388339e+01 +1.559388339e+01 -7.485611661e+01 -7.485611661e+01 +2.0363e-01 +1.1555e+00 +1.0319e-01 -4.9639e-01 -7.5377e-01 +3.6850e-01 +5.2919e-01 +1.4951e-01 -3.6305e-01 -1.9073e-01
8752 +9.380650505e+00 +9.380650505e+00 -8.106934949e+01 -8.106934949e+01 -4.6202e-01 +9.9222e-01 -1.1822e-01 +8.7771e-02 +1.7631e-02 +4.8495e-01 +8.1811e-02 +1.1005e-02 -3.5526e-01 -3.5318e-01
% function evaluation | noise-free fitness - Fopt (3.995000000000e+01) | best noise-free fitness - Fopt | measured fitness | best measured fitness | x1 | x2...
1 +3.733453658e+04 +3.733453658e+04 +3.737448658e+04 +3.737448658e+04 -3.4689e+00 -3.3732e+00 +2.9763e+00 -1.4576e+00 -1.0233e+00 +2.7128e+00 -1.5559e+00 +1.3233e+00 -1.1891e+00 +2.3929e+00
8 +2.030773917e+04 +2.030773917e+04 +2.034768917e+04 +2.034768917e+04 +3.3698e+00 -1.9819e+00 +2.6941e+00 +5.5831e-01 +3.2599e+00 -6.1288e-01 -2.7156e+00 +1.6459e+00 +7.2445e-01 +8.6708e-01
17 +1.125897724e+04 +1.125897724e+04 +1.129892724e+04 +1.129892724e+04 -3.3786e+00 +9.7569e-01 -1.1103e+00 +2.7042e+00 +1.6290e+00 -6.6601e-01 -2.2711e+00 +9.6481e-01 +6.6829e-01 +2.2004e+00
29 +1.800745664e+03 +1.800745664e+03 +1.840695664e+03 +1.840695664e+03 -3.2447e+00 -1.2876e+00 -9.0845e-01 +5.2777e-01 +1.0278e+00 -4.8017e-01 -5.8611e-02 -1.2955e-02 +1.0692e+00 +1.5293e+00
288 +1.566151443e+03 +1.566151443e+03 +1.606101443e+03 +1.606101443e+03 -3.1289e+00 -1.2320e+00 -7.6723e-01 +4.5291e-01 +8.7589e-01 -4.7103e-01 -1.5520e-01 +4.9817e-02 +1.0521e+00 +1.5707e+00
933 +9.962495200e+02 +9.962495200e+02 +1.036199520e+03 +1.036199520e+03 -2.8887e+00 -1.0217e+00 -9.0207e-01 +3.2902e-01 +9.7926e-01 -2.7296e-01 -7.4769e-02 +9.0805e-02 +1.1057e+00 +1.3129e+00
1666 +6.048863301e+02 +6.048863301e+02 +6.448363301e+02 +6.448363301e+02 -2.5940e+00 -9.1339e-01 -7.2929e-01 -3.4477e-02 +8.3687e-01 -8.3651e-02 -1.4987e-01 +2.2314e-01 +8.6767e-01 +1.1981e+00
2442 +3.786364461e+02 +3.786364461e+02 +4.185864461e+02 +4.185864461e+02 -2.2212e+00 -7.8580e-01 -8.1430e-01 -1.3309e-01 +7.4743e-01 +2.1350e-02 -2.7826e-01 +1.6956e-01 +7.9967e-01 +1.2358e+00
3237 +2.269370926e+02 +2.269370926e+02 +2.668870926e+02 +2.668870926e+02 +5.2175e-01 -1.2645e+00 -6.1209e-01 -6.6167e-01 -9.0890e-01 +3.5574e-02 -8.1767e-02 -5.0085e-01 +7.6602e-01 +7.6907e-01
3618 +1.478229314e+02 +1.478229314e+02 +1.877729314e+02 +1.877729314e+02 +5.4850e-01 -1.0507e+00 -4.9911e-01 -5.4433e-01 -7.8877e-01 +1.3475e-01 -1.8294e-01 -3.2050e-01 +6.1926e-01 +7.1880e-01
4623 +9.662168987e+01 +9.662168987e+01 +1.365716899e+02 +1.365716899e+02 +3.2063e-01 -1.0059e+00 -3.2354e-01 -5.7821e-01 -4.4014e-01 +1.5362e-01 -2.7172e-01 -1.8013e-01 +5.2403e-01 +6.0708e-01
4943 +6.196088680e+01 +6.196088680e+01 +1.019108868e+02 +1.019108868e+02 -1.0640e+00 -6.7105e-01 -2.4128e-01 -3.6389e-01 +4.1455e-01 +1.7387e-01 +2.7010e-02 +2.9364e-01 +8.1886e-01 +9.5263e-01
5461 +3.786502382e+01 +3.786502382e+01 +7.781502382e+01 +7.781502382e+01 -7.3140e-01 -5.3875e-01 -2.7908e-01 -5.0031e-01 +4.3490e-01 +1.0877e-01 -2.0604e-02 +2.1178e-01 +7.8285e-01 +8.4673e-01
5728 +2.406556776e+01 +2.406556776e+01 +6.401556776e+01 +6.401556776e+01 -6.6230e-01 -6.3841e-01 -1.6652e-01 -5.3820e-01 +4.0942e-01 -1.0745e-01 +7.0775e-02 +3.7632e-01 +9.6643e-01 +7.7959e-01
6208 +1.507856694e+01 +1.507856694e+01 +5.502856694e+01 +5.502856694e+01 -5.6041e-01 -6.2923e-01 +2.1993e-02 -5.5865e-01 +3.7032e-01 -6.2656e-02 +1.9625e-01 +3.5354e-01 +1.1257e+00 +7.7591e-01
7762 +9.678781652e+00 +9.678781652e+00 +4.962878165e+01 +4.962878165e+01 -3.2106e-01 -4.3408e-01 +2.7397e-01 -3.2624e-01 +2.1972e-01 +4.0289e-01 -2.5863e-01 +5.3735e-01 +7.8370e-01 +7.8735e-01
% function evaluation | noise-free fitness - Fopt (7.762000000000e+01) | best noise-free fitness - Fopt | measured fitness | best measured fitness | x1 | x2...
1 +3.316775951e+04 +3.316775951e+04 +3.324537951e+04 +3.324537951e+04 +1.4665e+00 +2.8206e+00 -1.6955e+00 +3.2058e-01 +1.6519e+00 -5.3227e-01 -2.6713e+00 -3.1274e+00 +3.6136e-01 -1.9348e+00
5 +1.051814660e+04 +1.051814660e+04 +1.059576660e+04 +1.059576660e+04 -3.1732e+00 -9.9376e-01 -1.2571e+00 -3.4250e-01 +1.4844e+00 -2.4047e-01 -1.5303e+00 -1.7682e+00 -5.0022e-01 +2.1576e+00
22 +9.709316781e+03 +9.709316781e+03 +9.786936781e+03 +9.786936781e+03 -3.0934e+00 -1.0844e+00 -1.2712e+00 -4.3461e-01 +1.3859e+00 -1.9754e-01 -1.4964e+00 -1.8461e+00 -4.1269e-01 +2.0766e+00
81 +5.669462037e+03 +5.669462037e+03 +5.747082037e+03 +5.747082037e+03 -1.1728e+00 +6.6358e-01 +1.2410e+00 +1.3328e+00 +2.1680e+00 +2.8797e-01 +1.0942e+00 -9.2486e-01 -1.1524e+00 +2.1533e+00
212 +2.257851118e+03 +2.257851118e+03 +2.335471118e+03 +2.335471118e+03 +2.8481e-01 +1.5430e+00 +7.4863e-01 +3.3039e-01 +2.3697e+00 +7.0736e-01 -4.3497e-02 -9.4721e-01 +4.4466e-01 -1.5188e-01
351 +1.258685487e+03 +1.258685487e+03 +1.336305487e+03 +1.336305487e+03 +1.6983e-01 +1.1878e+00 +9.2656e-01 +9.6032e-01 +2.0534e+00 +4.5846e-01 +3.9084e-01 -8.7415e-01 +8.8105e-02 -8.6092e-02
599 +9.877876240e+02 +9.877876240e+02 +1.065407624e+03 +1.065407624e+03 +2.9457e-01 +1.1175e+00 +9.8707e-01 +9.6526e-01 +1.9104e+00 +3.9088e-01 +3.1012e-01 -8.0087e-01 +8.9217e-02 -4.9675e-02
983 +6.054506545e+02 +6.054506545e+02 +6.830706545e+02 +6.830706545e+02 +2.9613e-01 +1.1628e+00 +1.0228e+00 +9.1754e-01 +1.6627e+00 +4.5941e-01 +3.4841e-01 -6.6606e-01 +1.0835e-01 +1.6389e-02
1582 +3.790095117e+02 +3.790095117e+02 +4.566295117e+02 +4.566295117e+02 +2.2639e-01 +1.1751e+00 +1.0029e+00 +7.6998e-01 +1.4564e+00 +3.8963e-01 +4.0652e-01 -6.4067e-01 -1.5784e-01 -2.2564e-01
1989 +2.405190523e+02 +2.405190523e+02 +3.181390523e+02 +3.181390523e+02 +2.1597e-01 +1.0436e+00 +1.0275e+00 +6.5842e-01 +1.2474e+00 +3.0658e-01 +3.8123e-01 -6.0297e-01 -1.4416e-01 -2.8080e-02
2514 +1.518635739e+02 +1.518635739e+02 +2.294835739e+02 +2.294835739e+02 +1.7319e-01 +8.0556e-01 +1.1394e+00 +9.1530e-01 +9.4203e-01 +3.6756e-01 +3.9444e-01 -3.6474e-01 -1.6064e-01 -1.8962e-01
3746 +9.891649015e+01 +9.891649015e+01 +1.765364902e+02 +1.765364902e+02 +3.9647e-01 +7.6119e-01 +9.4699e-01 +7.5087e-01 +6.1878e-01 +3.3777e-01 +5.3471e-01 -5.2884e-01 -9.7586e-02 +1.5471e-01
6634 +6.280592154e+01 +6.280592154e+01 +1.404259215e+02 +1.404259215e+02 +3.4784e-01 +7.6282e-02 +6.5963e-01 +4.1579e-01 +3.5790e-01 -9.4408e-02 +3.5541e-01 -3.2265e-01 +2.7006e-01 +2.0997e-01
8017 +3.817265766e+01 +3.817265766e+01 +1.157926577e+02 +1.157926577e+02 -8.4679e-02 -1.2522e-01 +4.3661e-01 +1.7496e-01 +4.1018e-01 -4.9323e-01 +2.3246e-01 -3.1332e-01 +5.4627e-01 +1.9193e-01
8669 +2.498144685e+01 +2.498144685e+01 +1.026014469e+02 +1.026014469e+02 -6.7027e-02 -1.3974e-01 +5.3738e-01 -2.6096e-03 +4.5462e-01 -7.3581e-01 +2.5374e-01 -2.8119e-01 +4.5524e-01 +2.3040e-01
9394 +1.410661482e+01 +1.410661482e+01 +9.172661482e+01 +9.172661482e+01 -2.6633e-01 -1.4424e-01 +5.0017e-01 -4.0660e-02 +6.3697e-01 -9.5478e-01 +3.4069e-01 -2.9525e-01 +4.4298e-01 +1.3131e-01
9839 +9.122730116e+00 +9.122730116e+00 +8.674273012e+01 +8.674273012e+01 -3.6579e-01 +3.9963e-02 -3.1303e-01 -2.5550e-01 +9.0162e-02 -7.9740e-01 +4.5508e-01 +4.3782e-02 +1.4786e-01 -1.5372e-01
14748 +5.454031434e+00 +5.454031434e+00 +8.307403143e+01 +8.307403143e+01 -5.7638e-01 -9.1192e-02 -5.1540e-01 -4.2195e-01 -9.1921e-02 -7.5667e-01 +3.3444e-01 +1.4614e-01 +4.3661e-02 -2.8990e-01
% function evaluation | noise-free fitness - Fopt (-1.092400000000e+02) | best noise-free fitness - Fopt | measured fitness | best measured fitness | x1 | x2...
1 +6.350987627e+04 +6.350987627e+04 +6.340063627e+04 +6.340063627e+04 -5.2791e-01 -2.4915e+00 +2.3455e+00 +3.4183e+00 +4.0021e-01 -1.1797e+00 -3.2517e+00 -3.1002e+00 -9.2942e-01 -3.6048e+00
3 +5.951603096e+04 +5.951603096e+04 +5.940679096e+04 +5.940679096e+04 -3.2622e-01 -3.8799e+00 -2.9460e+00 +1.4336e+00 -3.4558e+00 +2.0238e+00 -3.7238e+00 -2.0221e+00 -1.4164e+00 -1.8960e+00
6 +2.271275916e+04 +2.271275916e+04 +2.260351916e+04 +2.260351916e+04 +2.3144e+00 +2.7030e+00 -1.0963e+00 +1.6014e+00 -3.2410e+00 -2.8665e+00 -5.7338e-01 -2.3423e+00 -1.7431e+00 +2.2971e+00
21 +8.572351450e+03 +8.572351450e+03 +8.463111450e+03 +8.463111450e+03 -1.7388e+00 -9.9545e-01 -1.2227e+00 -1.0892e+00 +2.1087e+00 -2.5937e-01 -2.1104e-01 -7.9579e-01 +1.0824e+00 +2.3112e+00
84 +5.675424456e+03 +5.675424456e+03 +5.566184456e+03 +5.566184456e+03 +9.4459e-01 -1.5073e+00 -7.4760e-01 -2.1478e+00 +1.9715e-01 +6.4549e-01 +1.5790e-01 +3.5116e-01 -1.2637e-01 +5.6693e-01
100 +3.238343884e+03 +3.238343884e+03 +3.129103884e+03 +3.129103884e+03 +1.9394e+00 -2.7845e-01 -9.9775e-01 -1.0256e+00 -2.3454e+00 +3.0186e-01 +7.0310e-01 -9.2148e-01 -3.1094e+00 -3.2471e-02
464 +2.510191007e+03 +2.510191007e+03 +2.400951007e+03 +2.400951007e+03 +1.8791e+00 -4.0410e-01 -1.0337e+00 -9.0780e-01 -2.1842e+00 +4.2468e-01 +5.8575e-01 -8.4172e-01 -3.0300e+00 -1.6081e-01
723 +1.501828990e+03 +1.501828990e+03 +1.392588990e+03 +1.392588990e+03 +1.8439e+00 -4.2883e-01 -1.0180e+00 -5.1036e-01 -2.2611e+00 +3.7432e-01 +5.9675e-02 -7.0260e-01 -1.5457e+00 -9.7283e-02
1268 +9.957152755e+02 +9.957152755e+02 +8.864752755e+02 +8.864752755e+02 +1.7741e+00 -7.0450e-01 -1.3402e+00 -5.9712e-01 -1.9100e+00 +2.1043e-01 +6.0340e-02 -4.3669e-01 -1.4695e+00 +2.0225e-01
1986 +6.028498124e+02 +6.028498124e+02 +4.936098124e+02 +4.936098124e+02 +1.5767e+00 -6.3621e-01 -1.1698e+00 -7.4034e-01 -1.6954e+00 +3.2929e-01 +1.4355e-01 -2.2450e-01 -1.5561e+00 +2.5147e-02
2629 +3.911802721e+02 +3.911802721e+02 +2.819402721e+02 +2.819402721e+02 +1.3313e+00 -5.3908e-01 -1.0157e+00 -9.4142e-01 -1.6512e+00 +4.5221e-01 +1.4499e-01 -7.5601e-03 -1.6838e+00 +2.4560e-02
3568 +2.147432174e+02 +2.147432174e+02 +1.055032174e+02 +1.055032174e+02 +7.0188e-01 +9.1807e-01 -9.3445e-01 +5.1101e-01 +8.2594e-02 -3.8031e-01 -5.4909e-01 -2.1091e-01 +7.1391e-02 +8.9859e-01
3828 +1.489255568e+02 +1.489255568e+02 +3.968555680e+01 +3.968555680e+01 +7.4426e-01 +7.6956e-01 -7.9416e-01 +3.2132e-01 +3.8487e-02 -4.5035e-01 -5.4468e-01 -2.5161e-01 +1.3954e-01 +8.8079e-01
4681 +9.470154825e+01 +9.470154825e+01 -1.453845175e+01 -1.453845175e+01 +5.8828e-01 +6.1308e-01 -5.6481e-01 +2.2980e-01 -4.9707e-02 -3.2681e-01 -4.9518e-01 -2.9898e-01 +1.6227e-01 +6.8820e-01
6202 +5.992783436e+01 +5.992783436e+01 -4.931216564e+01 -4.931216564e+01 +1.9754e-01 +5.1736e-01 -1.8110e-01 +2.1521e-01 -1.0913e-02 -1.8489e-01 -4.5738e-01 +8.0868e-02 +1.3444e-01 +7.3237e-01
6937 +3.795257978e+01 +3.795257978e+01 -7.128742022e+01 -7.128742022e+01 -1.4914e-01 -1.3992e-01 +1.5464e-02 +3.0033e-01 +7.8777e-02 +7.4042e-01 +7.8437e-02 +8.7623e-01 -1.9108e-01 +5.8508e-01
7079 +2.275996470e+01 +2.275996470e+01 -8.648003530e+01 -8.648003530e+01 -1.3444e-01 +3.8555e-02 +1.4269e-02 +3.5083e-01 +6.0289e-02 +7.1113e-01 -1.0165e-01 +9.6901e-01 -2.3900e-01 +5.4983e-01
7326 +1.426460788e+01 +1.426460788e+01 -9.497539212e+01 -9.497539212e+01 -7.9956e-02 +1.9187e-01 -1.0580e-01 +3.2192e-01 +1.2134e-01 +5.8338e-01 -1.1707e-01 +9.0512e-01 -3.8708e-01 +6.5745e-01
8063 +9.255797302e+00 +9.255797302e+00 -9.998420270e+01 -9.998420270e+01 -8.4710e-02 +2.1104e-01 -1.4763e-01 +2.7409e-01 +1.3162e-01 +6.0767e-01 -1.6765e-01 +9.1043e-01 -3.7347e-01 +5.8521e-01
10650 +6.252900843e+00 +6.252900843e+00 -1.029870992e+02 -1.029870992e+02 -2.7650e-01 +2.4606e-02 -4.7023e-01 +4.2333e-02 -1.0071e-02 +8.9145e-01 +1.3380e-01 +5.3811e-01 -3.5185e-01 +3.6269e-01
