% function evaluation | noise-free fitness - Fopt (7.948000000000e+01) | best noise-free fitness - Fopt | measured fitness | best measured fitness | x1 | x2...
1 +4.624151590e+00 +4.624151590e+00 +8.410415159e+01 +8.410415159e+01 -2.8055e-01 +5.8470e-02 -2.4160e+00
7 +2.770134879e+00 +2.770134879e+00 +8.225013488e+01 +8.225013488e+01 +9.0028e-01 -2.6809e+00 -8.9112e-01
8 +2.234188316e+00 +2.234188316e+00 +8.171418832e+01 +8.171418832e+01 -1.5358e-01 +2.1989e-01 -3.0714e-01
74 +9.390322767e-01 +9.390322767e-01 +8.041903228e+01 +8.041903228e+01 +1.3434e-01 -1.8467e+00 -1.3941e+00
128 +6.239923203e-01 +6.239923203e-01 +8.010399232e+01 +8.010399232e+01 -5.1356e-01 -1.2117e+00 -9.0750e-01
381 +3.754728411e-01 +3.754728411e-01 +7.985547284e+01 +7.985547284e+01 -3.4812e-01 -1.0582e+00 -7.9221e-01
643 +2.335613161e-01 +2.335613161e-01 +7.971356132e+01 +7.971356132e+01 -1.9985e-01 -1.2459e+00 -8.6799e-01
767 +1.385807193e-01 +1.385807193e-01 +7.961858072e+01 +7.961858072e+01 -1.0096e-01 -1.0460e+00 -7.5814e-01
897 +8.886130883e-02 +8.886130883e-02 +7.956886131e+01 +7.956886131e+01 -2.7967e-02 -1.0908e+00 -7.9936e-01
1111 +5.508300591e-02 +5.508300591e-02 +7.953508301e+01 +7.953508301e+01 +3.5631e-01 -1.1822e+00 -9.3311e-01
1126 +3.815338345e-02 +3.815338345e-02 +7.951815338e+01 +7.951815338e+01 +2.4319e-01 -1.1962e+00 -9.1507e-01
1138 +2.276214930e-02 +2.276214930e-02 +7.950276215e+01 +7.950276215e+01 +2.7727e-01 -1.2405e+00 -8.4714e-01
1242 +1.337310787e-02 +1.337310787e-02 +7.949337311e+01 +7.949337311e+01 +2.5802e-01 -1.1651e+00 -8.3923e-01
1268 +7.089962927e-03 +7.089962927e-03 +7.948708996e+01 +7.948708996e+01 +3.1838e-01 -1.1898e+00 -7.6522e-01
1591 +4.691406756e-03 +4.691406756e-03 +7.948469141e+01 +7.948469141e+01 +2.0507e-01 -1.1399e+00 -7.7011e-01
1601 +3.331407873e-03 +3.331407873e-03 +7.948333141e+01 +7.948333141e+01 +2.5783e-01 -1.1909e+00 -6.7767e-01
1608 +1.724280154e-03 +1.724280154e-03 +7.948172428e+01 +7.948172428e+01 +2.1978e-01 -1.1572e+00 -7.4918e-01
1711 +3.821255609e-04 +3.821255609e-04 +7.948038213e+01 +7.948038213e+01 +2.3618e-01 -1.1666e+00 -7.2097e-01
2804 +1.136426638e-04 +1.136426638e-04 +7.948011364e+01 +7.948011364e+01 +2.4853e-01 -1.1665e+00 -7.2543e-01
3043 +7.659242320e-05 +7.659242320e-05 +7.948007659e+01 +7.948007659e+01 +2.5628e-01 -1.1533e+00 -7.3122e-01
3884 +5.300097450e-05 +5.300097450e-05 +7.948005300e+01 +7.948005300e+01 +2.5161e-01 -1.1624e+00 -7.2849e-01
% function evaluation | noise-free fitness - Fopt (3.944800000000e+02) | best noise-free fitness - Fopt | measured fitness | best measured fitness | x1 | x2...
1 +4.869714153e+01 +4.869714153e+01 +4.431771415e+02 +4.431771415e+02 +1.9164e+00 +9.2907e-01 -3.2576e+00
2 +1.376442437e+01 +1.376442437e+01 +4.082444244e+02 +4.082444244e+02 -3.8136e+00 -1.6481e+00 -3.0755e-01
15 +8.527484290e-01 +8.527484290e-01 +3.953327484e+02 +3.953327484e+02 -3.6978e+00 -2.2370e+00 -3.1815e+00
285 +5.015466322e-01 +5.015466322e-01 +3.949815466e+02 +3.949815466e+02 -3.7859e+00 -2.4012e+00 -3.3029e+00
425 +3.367181881e-01 +3.367181881e-01 +3.948167182e+02 +3.948167182e+02 -3.8135e+00 -2.4948e+00 -3.3864e+00
671 +2.168460894e-01 +2.168460894e-01 +3.946968461e+02 +3.946968461e+02 -3.9639e+00 -2.5734e+00 -3.4677e+00
804 +1.565988979e-01 +1.565988979e-01 +3.946365989e+02 +3.946365989e+02 -3.8750e+00 -2.6184e+00 -3.5160e+00
940 +9.836687951e-02 +9.836687951e-02 +3.945783669e+02 +3.945783669e+02 -3.7969e+00 -2.8143e+00 -3.5156e+00
947 +4.773735944e-02 +4.773735944e-02 +3.945277374e+02 +3.945277374e+02 -3.8307e+00 -2.7878e+00 -3.6218e+00
1061 +1.921467922e-02 +1.921467922e-02 +3.944992147e+02 +3.944992147e+02 -3.8702e+00 -2.8177e+00 -3.6878e+00
1078 +1.128960489e-02 +1.128960489e-02 +3.944912896e+02 +3.944912896e+02 -3.8867e+00 -2.8383e+00 -3.7105e+00
1193 +9.620461006e-03 +9.620461006e-03 +3.944896205e+02 +3.944896205e+02 -3.9152e+00 -2.8399e+00 -3.7200e+00
1197 +4.736131412e-03 +4.736131412e-03 +3.944847361e+02 +3.944847361e+02 -3.8315e+00 -2.8756e+00 -3.8086e+00
1199 +2.445826815e-03 +2.445826815e-03 +3.944824458e+02 +3.944824458e+02 -3.8850e+00 -2.9321e+00 -3.7795e+00
1791 +1.389670209e-03 +1.389670209e-03 +3.944813897e+02 +3.944813897e+02 -3.9188e+00 -2.9215e+00 -3.8001e+00
2586 +6.219161281e-04 +6.219161281e-04 +3.944806219e+02 +3.944806219e+02 -3.9013e+00 -2.8660e+00 -3.8069e+00
3705 +1.709901121e-04 +1.709901121e-04 +3.944801710e+02 +3.944801710e+02 -3.9112e+00 -2.8883e+00 -3.8008e+00
% function evaluation | noise-free fitness - Fopt (-2.471100000000e+02) | best noise-free fitness - Fopt | measured fitness | best measured fitness | x1 | x2...
1 +5.199336854e+01 +5.199336854e+01 -1.951166315e+02 -1.951166315e+02 +3.1302e+00 +1.5955e-01 +1.3054e+00
2 +1.015986474e+01 +1.015986474e+01 -2.369501353e+02 -2.369501353e+02 -3.6316e+00 +1.7285e+00 -3.4850e+00
4 +5.105202646e+00 +5.105202646e+00 -2.420047974e+02 -2.420047974e+02 -2.1621e+00 -7.0546e-01 -1.9569e+00
29 +3.934154132e+00 +3.934154132e+00 -2.431758459e+02 -2.431758459e+02 -2.3007e+00 -6.8777e-01 +2.5602e-01
70 +1.476657831e+00 +1.476657831e+00 -2.456333422e+02 -2.456333422e+02 -2.6219e+00 +3.9849e-01 -9.2412e-01
332 +9.957054628e-01 +9.957054628e-01 -2.461142945e+02 -2.461142945e+02 -2.8654e+00 +4.7353e-01 -9.1958e-01
725 +5.500876306e-01 +5.500876306e-01 -2.465599124e+02 -2.465599124e+02 -3.0691e+00 +1.7945e-01 -8.2399e-01
982 +3.270853113e-01 +3.270853113e-01 -2.467829147e+02 -2.467829147e+02 -3.2414e+00 +2.0552e-01 -8.2108e-01
1112 +2.443855360e-01 +2.443855360e-01 -2.468656145e+02 -2.468656145e+02 -3.3263e+00 +2.8669e-01 -8.1175e-01
1289 +1.545576534e-01 +1.545576534e-01 -2.469554423e+02 -2.469554423e+02 -3.4504e+00 +6.0823e-02 -5.7646e-01
1630 +9.733716257e-02 +9.733716257e-02 -2.470126628e+02 -2.470126628e+02 -3.5187e+00 +7.6101e-02 -6.3688e-01
1720 +5.697199100e-02 +5.697199100e-02 -2.470530280e+02 -2.470530280e+02 -3.5719e+00 +2.6347e-01 -6.4616e-01
1842 +2.706094056e-02 +2.706094056e-02 -2.470829391e+02 -2.470829391e+02 -3.6415e+00 +2.2728e-01 -7.3438e-01
1845 +2.025455040e-02 +2.025455040e-02 -2.470897454e+02 -2.470897454e+02 -3.6589e+00 +1.7538e-01 -6.8724e-01
1888 +1.364991205e-02 +1.364991205e-02 -2.470963501e+02 -2.470963501e+02 -3.6844e+00 +2.0062e-01 -6.6564e-01
1971 +6.232124265e-03 +6.232124265e-03 -2.471037679e+02 -2.471037679e+02 -3.7620e+00 +2.4640e-01 -7.4633e-01
2018 +1.370215809e-03 +1.370215809e-03 -2.471086298e+02 -2.471086298e+02 -3.7723e+00 +2.1488e-01 -6.6773e-01
2504 +2.419422960e-04 +2.419422960e-04 -2.471097581e+02 -2.471097581e+02 -3.7871e+00 +2.1038e-01 -6.9908e-01
2510 +7.880193488e-05 +7.880193488e-05 -2.471099212e+02 -2.471099212e+02 -3.8056e+00 +1.9935e-01 -6.8763e-01
% function evaluation | noise-free fitness - Fopt (-1.520400000000e+02) | best noise-free fitness - Fopt | measured fitness | best measured fitness | x1 | x2...
1 +8.850597093e+00 +8.850597093e+00 -1.431894029e+02 -1.431894029e+02 +2.5850e+00 +1.6626e+00 -3.1132e+00
4 +1.633881502e+00 +1.633881502e+00 -1.504061185e+02 -1.504061185e+02 -7.9384e-02 +2.6849e+00 -3.8318e+00
23 +1.476927596e+00 +1.476927596e+00 -1.505630724e+02 -1.505630724e+02 -2.3033e-02 +2.6082e+00 -3.8026e+00
333 +9.839650221e-01 +9.839650221e-01 -1.510560350e+02 -1.510560350e+02 -3.0715e-01 +9.1713e-01 -3.0731e+00
604 +6.302054393e-01 +6.302054393e-01 -1.514097946e+02 -1.514097946e+02 -2.7548e-01 +1.0854e+00 -3.2068e+00
857 +3.878006389e-01 +3.878006389e-01 -1.516521994e+02 -1.516521994e+02 -2.3641e-01 +1.1296e+00 -3.3769e+00
1116 +2.495349976e-01 +2.495349976e-01 -1.517904650e+02 -1.517904650e+02 -2.7864e-01 +1.2172e+00 -3.4702e+00
1243 +1.308776938e-01 +1.308776938e-01 -1.519091223e+02 -1.519091223e+02 -2.6202e-01 +1.2057e+00 -3.6364e+00
1581 +9.631859858e-02 +9.631859858e-02 -1.519436814e+02 -1.519436814e+02 -2.7364e-01 +1.3490e+00 -3.6237e+00
1591 +5.922144558e-02 +5.922144558e-02 -1.519807786e+02 -1.519807786e+02 -2.6622e-01 +1.3044e+00 -3.7129e+00
1719 +3.891481829e-02 +3.891481829e-02 -1.520010852e+02 -1.520010852e+02 -3.4168e-01 +1.3651e+00 -3.7519e+00
1846 +2.130735015e-02 +2.130735015e-02 -1.520186926e+02 -1.520186926e+02 -3.6874e-01 +1.3898e+00 -3.8257e+00
1850 +9.693642981e-03 +9.693642981e-03 -1.520303064e+02 -1.520303064e+02 -2.9779e-01 +1.3744e+00 -3.8455e+00
1975 +1.087500920e-03 +1.087500920e-03 -1.520389125e+02 -1.520389125e+02 -2.9996e-01 +1.4235e+00 -3.9211e+00
2117 +4.068043433e-04 +4.068043433e-04 -1.520395932e+02 -1.520395932e+02 -2.8182e-01 +1.4159e+00 -3.9135e+00
3836 +3.755343151e-04 +3.755343151e-04 -1.520396245e+02 -1.520396245e+02 -2.8258e-01 +1.4224e+00 -3.9131e+00
4100 +2.011283533e-04 +2.011283533e-04 -1.520397989e+02 -1.520397989e+02 -2.7992e-01 +1.4185e+00 -3.9217e+00
% function evaluation | noise-free fitness - Fopt (-2.525000000000e+01) | best noise-free fitness - Fopt | measured fitness | best measured fitness | x1 | x2...
1 +8.448206337e+00 +8.448206337e+00 -1.680179366e+01 -1.680179366e+01 +2.6462e+00 -1.9427e+00 -2.3519e+00
15 +2.501958702e+00 +2.501958702e+00 -2.274804130e+01 -2.274804130e+01 +2.2377e+00 -1.8661e-02 -1.8449e+00
31 +1.371280494e+00 +1.371280494e+00 -2.387871951e+01 -2.387871951e+01 +2.5363e+00 +6.2816e-01 -9.6460e-01
35 +1.047144629e-02 +1.047144629e-02 -2.523952855e+01 -2.523952855e+01 +3.6718e+00 +5.6015e-01 -1.3823e+00
165 +3.546285793e-03 +3.546285793e-03 -2.524645371e+01 -2.524645371e+01 +3.5773e+00 +5.9257e-01 -1.4405e+00
297 +1.712463070e-03 +1.712463070e-03 -2.524828754e+01 -2.524828754e+01 +3.6492e+00 +6.4019e-01 -1.3998e+00
805 +1.525446233e-03 +1.525446233e-03 -2.524847455e+01 -2.524847455e+01 +3.6347e+00 +6.1435e-01 -1.3956e+00
814 +8.727180590e-04 +8.727180590e-04 -2.524912728e+01 -2.524912728e+01 +3.6053e+00 +6.6269e-01 -1.4157e+00
2190 +4.225223118e-04 +4.225223118e-04 -2.524957748e+01 -2.524957748e+01 +3.6260e+00 +6.2174e-01 -1.4113e+00
2409 +9.380634705e-06 +9.380634705e-06 -2.524999062e+01 -2.524999062e+01 +3.6174e+00 +6.3462e-01 -1.4216e+00
% function evaluation | noise-free fitness - Fopt (2.230000000000e+00) | best noise-free fitness - Fopt | measured fitness | best measured fitness | x1 | x2...
1 +3.926495968e+00 +3.926495968e+00 +6.156495968e+00 +6.156495968e+00 +2.5755e+00 -9.0381e-01 +1.1296e-01
50 +2.143477325e+00 +2.143477325e+00 +4.373477325e+00 +4.373477325e+00 +2.7997e+00 -1.6018e+00 +5.5352e-01
462 +1.524998058e+00 +1.524998058e+00 +3.754998058e+00 +3.754998058e+00 +2.9698e+00 -1.7333e+00 +4.7223e-01
853 +9.451892392e-01 +9.451892392e-01 +3.175189239e+00 +3.175189239e+00 +3.2317e+00 -1.7642e+00 +3.3647e-01
1140 +6.278490607e-01 +6.278490607e-01 +2.857849061e+00 +2.857849061e+00 +3.3297e+00 -1.8649e+00 +1.8601e-01
1583 +3.747864852e-01 +3.747864852e-01 +2.604786485e+00 +2.604786485e+00 +3.5550e+00 -1.9495e+00 +2.6355e-01
1842 +2.154679205e-01 +2.154679205e-01 +2.445467921e+00 +2.445467921e+00 +3.6334e+00 -2.1180e+00 +2.6320e-01
1973 +9.683695671e-02 +9.683695671e-02 +2.326836957e+00 +2.326836957e+00 +3.7099e+00 -2.1607e+00 +1.0862e-01
2116 +5.649615938e-02 +5.649615938e-02 +2.286496159e+00 +2.286496159e+00 +3.7512e+00 -2.2288e+00 +9.6037e-02
2239 +2.207079120e-02 +2.207079120e-02 +2.252070791e+00 +2.252070791e+00 +3.7785e+00 -2.3237e+00 +2.2994e-02
2384 +1.361784370e-02 +1.361784370e-02 +2.243617844e+00 +2.243617844e+00 +3.8239e+00 -2.3265e+00 +4.6145e-02
2385 +7.847697010e-03 +7.847697010e-03 +2.237847697e+00 +2.237847697e+00 +3.8511e+00 -2.2985e+00 -5.8897e-03
2492 +5.994799809e-03 +5.994799809e-03 +2.235994800e+00 +2.235994800e+00 +3.8642e+00 -2.3412e+00 +3.7535e-02
2499 +1.175175583e-03 +1.175175583e-03 +2.231175176e+00 +2.231175176e+00 +3.8881e+00 -2.3544e+00 -3.2089e-02
2509 +9.879419458e-04 +9.879419458e-04 +2.230987942e+00 +2.230987942e+00 +3.9086e+00 -2.3800e+00 -3.2545e-02
4022 +4.669737947e-04 +4.669737947e-04 +2.230466974e+00 +2.230466974e+00 +3.9352e+00 -2.3436e+00 -2.3065e-02
4268 +2.835084859e-04 +2.835084859e-04 +2.230283508e+00 +2.230283508e+00 +3.9137e+00 -2.3700e+00 -9.4881e-03
% function evaluation | noise-free fitness - Fopt (-1.308000000000e+01) | best noise-free fitness - Fopt | measured fitness | best measured fitness | x1 | x2...
1 +5.733036912e+01 +5.733036912e+01 +4.425036912e+01 +4.425036912e+01 +2.0684e+00 +1.5280e-01 -3.5276e+00
2 +3.514596058e+01 +3.514596058e+01 +2.206596058e+01 +2.206596058e+01 -9.3625e-01 -4.1102e-01 -2.1024e+00
3 +2.313354918e+01 +2.313354918e+01 +1.005354918e+01 +1.005354918e+01 +2.6001e+00 -4.3255e-02 -2.1276e-01
9 +1.075652766e+01 +1.075652766e+01 -2.323472343e+00 -2.323472343e+00 +2.9638e+00 -3.5542e+00 +2.7558e+00
15 +7.018772553e+00 +7.018772553e+00 -6.061227447e+00 -6.061227447e+00 -4.6248e-01 -3.7365e+00 +1.6899e+00
24 +6.289302737e+00 +6.289302737e+00 -6.790697263e+00 -6.790697263e+00 -1.4457e-01 -4.2073e-01 +1.5432e+00
25 +3.480342044e+00 +3.480342044e+00 -9.599657956e+00 -9.599657956e+00 -4.6046e-01 -2.1443e-01 +3.2502e+00
89 +1.207452183e+00 +1.207452183e+00 -1.187254782e+01 -1.187254782e+01 -1.1974e-01 -1.6342e+00 +2.5073e+00
358 +9.562462578e-01 +9.562462578e-01 -1.212375374e+01 -1.212375374e+01 +3.5081e-02 -1.5910e+00 +2.6124e+00
721 +6.064592525e-01 +6.064592525e-01 -1.247354075e+01 -1.247354075e+01 +9.7538e-02 -1.6269e+00 +2.8044e+00
985 +3.830051921e-01 +3.830051921e-01 -1.269699481e+01 -1.269699481e+01 +1.6897e-01 -1.7034e+00 +2.9380e+00
1112 +2.320223331e-01 +2.320223331e-01 -1.284797767e+01 -1.284797767e+01 +7.9538e-02 -1.7551e+00 +3.0839e+00
1242 +1.404028779e-01 +1.404028779e-01 -1.293959712e+01 -1.293959712e+01 +1.0799e-01 -1.8095e+00 +3.1733e+00
1583 +9.363590393e-02 +9.363590393e-02 -1.298636410e+01 -1.298636410e+01 +2.3124e-01 -1.7886e+00 +3.2420e+00
1712 +5.845387926e-02 +5.845387926e-02 -1.302154612e+01 -1.302154612e+01 +1.8956e-01 -1.8068e+00 +3.3064e+00
1843 +2.399340979e-02 +2.399340979e-02 -1.305600659e+01 -1.305600659e+01 +2.1133e-01 -1.8729e+00 +3.3682e+00
1844 +7.798555946e-03 +7.798555946e-03 -1.307220144e+01 -1.307220144e+01 +2.4526e-01 -1.9515e+00 +3.4298e+00
1994 +4.078913642e-03 +4.078913642e-03 -1.307592109e+01 -1.307592109e+01 +2.6462e-01 -1.9728e+00 +3.5122e+00
2119 +3.033859959e-03 +3.033859959e-03 -1.307696614e+01 -1.307696614e+01 +2.6055e-01 -1.9397e+00 +3.4821e+00
2371 +1.256459187e-03 +1.256459187e-03 -1.307874354e+01 -1.307874354e+01 +2.4834e-01 -1.9322e+00 +3.5037e+00
2377 +8.530874369e-04 +8.530874369e-04 -1.307914691e+01 -1.307914691e+01 +2.3085e-01 -1.9162e+00 +3.5254e+00
2635 +3.298036597e-04 +3.298036597e-04 -1.307967020e+01 -1.307967020e+01 +2.0434e-01 -1.9285e+00 +3.5249e+00
4216 +6.515706061e-05 +6.515706061e-05 -1.307993484e+01 -1.307993484e+01 +2.1849e-01 -1.9340e+00 +3.5040e+00
% function evaluation | noise-free fitness - Fopt (2.671600000000e+02) | best noise-free fitness - Fopt | measured fitness | best measured fitness | x1 | x2...
1 +3.920126140e+01 +3.920126140e+01 +3.063612614e+02 +3.063612614e+02 +5.1876e-01 +1.4808e+00 -2.4072e+00
2 +1.989450715e+01 +1.989450715e+01 +2.870545072e+02 +2.870545072e+02 -3.0541e+00 -3.5025e+00 +9.9096e-01
25 +6.307481355e+00 +6.307481355e+00 +2.734674814e+02 +2.734674814e+02 -2.0898e+00 -2.6637e+00 -1.3080e+00
109 +1.748365796e+00 +1.748365796e+00 +2.689083658e+02 +2.689083658e+02 -2.1634e+00 -3.5532e+00 -2.3912e+00
249 +1.338597737e+00 +1.338597737e+00 +2.684985977e+02 +2.684985977e+02 -2.3585e+00 -3.5142e+00 -2.4669e+00
509 +9.804335945e-01 +9.804335945e-01 +2.681404336e+02 +2.681404336e+02 -2.5085e+00 -3.6264e+00 -2.5695e+00
896 +5.381461505e-01 +5.381461505e-01 +2.676981462e+02 +2.676981462e+02 -2.6857e+00 -3.6517e+00 -2.7739e+00
1028 +3.936096612e-01 +3.936096612e-01 +2.675536097e+02 +2.675536097e+02 -2.7679e+00 -3.5401e+00 -2.8672e+00
1629 +2.382612024e-01 +2.382612024e-01 +2.673982612e+02 +2.673982612e+02 -2.7652e+00 -3.4804e+00 -3.0334e+00
1757 +1.246181126e-01 +1.246181126e-01 +2.672846181e+02 +2.672846181e+02 -2.7846e+00 -3.5059e+00 -3.1716e+00
1889 +8.235606608e-02 +8.235606608e-02 +2.672423561e+02 +2.672423561e+02 -2.8366e+00 -3.5390e+00 -3.2123e+00
1899 +5.354190214e-02 +5.354190214e-02 +2.672135419e+02 +2.672135419e+02 -2.8319e+00 -3.5905e+00 -3.2610e+00
2016 +3.298493907e-02 +3.298493907e-02 +2.671929849e+02 +2.671929849e+02 -2.8140e+00 -3.6121e+00 -3.3277e+00
2151 +2.447393424e-02 +2.447393424e-02 +2.671844739e+02 +2.671844739e+02 -2.8780e+00 -3.5289e+00 -3.3647e+00
2276 +9.038827142e-03 +9.038827142e-03 +2.671690388e+02 +2.671690388e+02 -2.8474e+00 -3.6166e+00 -3.4223e+00
2278 +4.746982851e-03 +4.746982851e-03 +2.671647470e+02 +2.671647470e+02 -2.9387e+00 -3.6750e+00 -3.4090e+00
2406 +1.252091041e-03 +1.252091041e-03 +2.671612521e+02 +2.671612521e+02 -2.9610e+00 -3.6484e+00 -3.4770e+00
2675 +1.402502090e-04 +1.402502090e-04 +2.671601403e+02 +2.671601403e+02 -2.9409e+00 -3.6391e+00 -3.4684e+00
% function evaluation | noise-free fitness - Fopt (3.710000000000e+00) | best noise-free fitness - Fopt | measured fitness | best measured fitness | x1 | x2...
1 +2.230239730e+01 +2.230239730e+01 +2.601239730e+01 +2.601239730e+01 -2.6293e-01 -2.0882e+00 -9.2298e-01
26 +1.539009996e+01 +1.539009996e+01 +1.910009996e+01 +1.910009996e+01 +5.5770e-01 -1.4734e+00 +1.5884e-02
49 +7.279927940e+00 +7.279927940e+00 +1.098992794e+01 +1.098992794e+01 +3.1371e+00 -1.3248e+00 -9.0904e-01
53 +2.369369662e+00 +2.369369662e+00 +6.079369662e+00 +6.079369662e+00 +3.8206e+00 -2.1788e+00 -3.0485e-01
461 +1.495549484e+00 +1.495549484e+00 +5.205549484e+00 +5.205549484e+00 +3.6414e+00 -2.4397e+00 -6.1345e-02
858 +9.353052766e-01 +9.353052766e-01 +4.645305277e+00 +4.645305277e+00 +3.6926e+00 -2.6043e+00 +1.2897e-01
1113 +5.723261449e-01 +5.723261449e-01 +4.282326145e+00 +4.282326145e+00 +3.7495e+00 -2.6998e+00 +3.1816e-01
1587 +3.856474053e-01 +3.856474053e-01 +4.095647405e+00 +4.095647405e+00 +3.8098e+00 -2.8359e+00 +3.6005e-01
1735 +2.377396744e-01 +2.377396744e-01 +3.947739674e+00 +3.947739674e+00 +3.8355e+00 -2.8932e+00 +4.8524e-01
1865 +1.502018974e-01 +1.502018974e-01 +3.860201897e+00 +3.860201897e+00 +3.8700e+00 -2.9522e+00 +5.5918e-01
2114 +7.124203327e-02 +7.124203327e-02 +3.781242033e+00 +3.781242033e+00 +3.8966e+00 -3.0764e+00 +6.0875e-01
2120 +5.045095488e-02 +5.045095488e-02 +3.760450955e+00 +3.760450955e+00 +3.8044e+00 -3.1408e+00 +7.0051e-01
2234 +3.636293790e-02 +3.636293790e-02 +3.746362938e+00 +3.746362938e+00 +3.8858e+00 -3.0675e+00 +7.4742e-01
2260 +2.494606571e-02 +2.494606571e-02 +3.734946066e+00 +3.734946066e+00 +3.8681e+00 -3.2275e+00 +7.0743e-01
2361 +8.678048480e-03 +8.678048480e-03 +3.718678048e+00 +3.718678048e+00 +3.9226e+00 -3.2298e+00 +7.4640e-01
2497 +5.948237243e-03 +5.948237243e-03 +3.715948237e+00 +3.715948237e+00 +3.9317e+00 -3.1743e+00 +7.7651e-01
2502 +3.155791876e-03 +3.155791876e-03 +3.713155792e+00 +3.713155792e+00 +3.9470e+00 -3.1788e+00 +7.9424e-01
2518 +2.462948709e-03 +2.462948709e-03 +3.712462949e+00 +3.712462949e+00 +3.9547e+00 -3.2475e+00 +7.8824e-01
2629 +4.584095806e-04 +4.584095806e-04 +3.710458410e+00 +3.710458410e+00 +3.9625e+00 -3.2100e+00 +8.3208e-01
2643 +2.937727369e-04 +2.937727369e-04 +3.710293773e+00 +3.710293773e+00 +3.9830e+00 -3.2303e+00 +8.0943e-01
2771 +1.084175092e-04 +1.084175092e-04 +3.710108418e+00 +3.710108418e+00 +3.9725e+00 -3.2091e+00 +8.1864e-01
% function evaluation | noise-free fitness - Fopt (9.478000000000e+01) | best noise-free fitness - Fopt | measured fitness | best measured fitness | x1 | x2...
1 +1.025111129e+02 +1.025111129e+02 +1.972911129e+02 +1.972911129e+02 -3.7924e+00 +3.6912e+00 -1.8689e+00
2 +1.593719588e+01 +1.593719588e+01 +1.107171959e+02 +1.107171959e+02 +9.5187e-01 +8.3104e-01 +3.6482e+00
6 +1.345474415e+01 +1.345474415e+01 +1.082347441e+02 +1.082347441e+02 +3.6686e+00 -3.6926e+00 +1.5209e+00
104 +5.488744044e+00 +5.488744044e+00 +1.002687440e+02 +1.002687440e+02 -6.4018e-01 -1.4355e+00 +3.6542e+00
642 +3.859784822e+00 +3.859784822e+00 +9.863978482e+01 +9.863978482e+01 -4.3627e-01 -1.7448e+00 +3.8782e+00
1286 +2.326708331e+00 +2.326708331e+00 +9.710670833e+01 +9.710670833e+01 -9.0234e-02 -2.0238e+00 +3.9666e+00
1886 +1.460601637e+00 +1.460601637e+00 +9.624060164e+01 +9.624060164e+01 +2.3598e-01 -2.1847e+00 +3.7133e+00
2148 +9.242411492e-01 +9.242411492e-01 +9.570424115e+01 +9.570424115e+01 +4.0862e-01 -2.3760e+00 +3.6923e+00
2543 +5.809666409e-01 +5.809666409e-01 +9.536096664e+01 +9.536096664e+01 +6.4625e-01 -2.4792e+00 +3.6933e+00
2796 +3.567339701e-01 +3.567339701e-01 +9.513673397e+01 +9.513673397e+01 +7.8566e-01 -2.6198e+00 +3.6796e+00
3267 +1.868427583e-01 +1.868427583e-01 +9.496684276e+01 +9.496684276e+01 +7.5649e-01 -2.7695e+00 +3.8122e+00
3403 +1.292154346e-01 +1.292154346e-01 +9.490921543e+01 +9.490921543e+01 +7.7327e-01 -2.8325e+00 +3.8743e+00
3531 +7.094482109e-02 +7.094482109e-02 +9.485094482e+01 +9.485094482e+01 +8.5214e-01 -2.8992e+00 +3.9028e+00
3659 +4.740509090e-02 +4.740509090e-02 +9.482740509e+01 +9.482740509e+01 +8.9459e-01 -2.9550e+00 +3.9871e+00
3788 +2.711908935e-02 +2.711908935e-02 +9.480711909e+01 +9.480711909e+01 +9.2943e-01 -3.0016e+00 +3.8397e+00
3793 +2.210193694e-02 +2.210193694e-02 +9.480210194e+01 +9.480210194e+01 +9.6878e-01 -3.0104e+00 +3.9287e+00
3930 +7.673330026e-03 +7.673330026e-03 +9.478767333e+01 +9.478767333e+01 +9.7896e-01 -3.0885e+00 +3.9434e+00
4051 +3.688746192e-03 +3.688746192e-03 +9.478368875e+01 +9.478368875e+01 +9.8248e-01 -3.1184e+00 +3.8941e+00
4179 +4.600508121e-04 +4.600508121e-04 +9.478046005e+01 +9.478046005e+01 +9.4463e-01 -3.1373e+00 +3.8949e+00
% function evaluation | noise-free fitness - Fopt (2.339200000000e+02) | best noise-free fitness - Fopt | measured fitness | best measured fitness | x1 | x2...
1 +5.939046966e+01 +5.939046966e+01 +2.933104697e+02 +2.933104697e+02 +1.2020e+00 -2.6522e+00 +2.2878e+00
3 +1.038346984e+01 +1.038346984e+01 +2.443034698e+02 +2.443034698e+02 -2.8682e+00 +3.6603e+00 -3.8990e+00
11 +9.862401960e-01 +9.862401960e-01 +2.349062402e+02 +2.349062402e+02 -3.8659e+00 +1.4800e+00 -2.6373e+00
79 +1.231788461e-01 +1.231788461e-01 +2.340431788e+02 +2.340431788e+02 -3.6834e+00 +4.5341e-01 -2.7815e+00
203 +9.819252326e-02 +9.819252326e-02 +2.340181925e+02 +2.340181925e+02 -3.6846e+00 +5.0961e-01 -2.8124e+00
229 +2.567110790e-02 +2.567110790e-02 +2.339456711e+02 +2.339456711e+02 -3.3684e+00 +5.3969e-01 -2.8114e+00
337 +1.281396267e-02 +1.281396267e-02 +2.339328140e+02 +2.339328140e+02 -3.3429e+00 +5.6903e-01 -2.8852e+00
346 +4.473847931e-03 +4.473847931e-03 +2.339244738e+02 +2.339244738e+02 -3.3866e+00 +6.4263e-01 -2.8684e+00
483 +2.920079071e-03 +2.920079071e-03 +2.339229201e+02 +2.339229201e+02 -3.4406e+00 +6.0748e-01 -2.8850e+00
612 +1.806733793e-03 +1.806733793e-03 +2.339218067e+02 +2.339218067e+02 -3.4302e+00 +6.1192e-01 -2.9565e+00
618 +1.085478532e-03 +1.085478532e-03 +2.339210855e+02 +2.339210855e+02 -3.4494e+00 +6.3464e-01 -2.9064e+00
619 +8.508687621e-04 +8.508687621e-04 +2.339208509e+02 +2.339208509e+02 -3.4488e+00 +6.4771e-01 -2.9338e+00
722 +2.371927808e-04 +2.371927808e-04 +2.339202372e+02 +2.339202372e+02 -3.4252e+00 +6.2860e-01 -2.9356e+00
2705 +3.913667575e-05 +3.913667575e-05 +2.339200391e+02 +2.339200391e+02 -3.4211e+00 +6.3560e-01 -2.9199e+00
% function evaluation | noise-free fitness - Fopt (-6.092000000000e+01) | best noise-free fitness - Fopt | measured fitness | best measured fitness | x1 | x2...
1 +6.482360173e+01 +6.482360173e+01 +3.903601732e+00 +3.903601732e+00 +2.0429e+00 -1.4131e+00 -3.4699e+00
2 +2.858025485e+01 +2.858025485e+01 -3.233974515e+01 -3.233974515e+01 -3.9491e+00 +5.0680e-01 +2.5286e+00
3 +3.227545591e-01 +3.227545591e-01 -6.059724544e+01 -6.059724544e+01 +6.6878e-01 +2.2155e+00 +3.0598e+00
11 +1.416853469e-01 +1.416853469e-01 -6.077831465e+01 -6.077831465e+01 +8.9202e-01 +2.4562e+00 +3.7585e+00
24 +4.719930639e-02 +4.719930639e-02 -6.087280069e+01 -6.087280069e+01 +7.8862e-01 +2.4357e+00 +3.5075e+00
152 +3.893996872e-02 +3.893996872e-02 -6.088106003e+01 -6.088106003e+01 +8.3691e-01 +2.5282e+00 +3.5870e+00
170 +1.858598551e-02 +1.858598551e-02 -6.090141401e+01 -6.090141401e+01 +8.3621e-01 +2.4831e+00 +3.4494e+00
282 +1.417256133e-02 +1.417256133e-02 -6.090582744e+01 -6.090582744e+01 +8.2764e-01 +2.5362e+00 +3.4891e+00
417 +6.341254760e-03 +6.341254760e-03 -6.091365875e+01 -6.091365875e+01 +9.2526e-01 +2.5513e+00 +3.4602e+00
419 +4.320620351e-03 +4.320620351e-03 -6.091567938e+01 -6.091567938e+01 +8.9037e-01 +2.5389e+00 +3.4253e+00
429 +1.746115132e-03 +1.746115132e-03 -6.091825388e+01 -6.091825388e+01 +8.5685e-01 +2.5914e+00 +3.4362e+00
547 +7.853458703e-04 +7.853458703e-04 -6.091921465e+01 -6.091921465e+01 +8.7090e-01 +2.5906e+00 +3.3945e+00
1799 +9.486005717e-05 +9.486005717e-05 -6.091990514e+01 -6.091990514e+01 +8.7967e-01 +2.6009e+00 +3.4095e+00
% function evaluation | noise-free fitness - Fopt (-1.948000000000e+01) | best noise-free fitness - Fopt | measured fitness | best measured fitness | x1 | x2...
1 +1.013983452e+01 +1.013983452e+01 -9.340165480e+00 -9.340165480e+00 +1.5525e+00 +3.1095e+00 -6.6960e-01
3 +8.388796280e+00 +8.388796280e+00 -1.109120372e+01 -1.109120372e+01 +2.9025e-01 -4.3520e-01 +1.5580e-01
11 +3.058753311e-01 +3.058753311e-01 -1.917412467e+01 -1.917412467e+01 -1.1949e+00 +1.5629e+00 +1.1012e+00
30 +2.147200875e-01 +2.147200875e-01 -1.926527991e+01 -1.926527991e+01 -1.1412e+00 +1.6485e+00 +1.1278e+00
157 +1.452525451e-01 +1.452525451e-01 -1.933474745e+01 -1.933474745e+01 -1.1037e+00 +1.7253e+00 +1.1216e+00
299 +7.721626702e-02 +7.721626702e-02 -1.940278373e+01 -1.940278373e+01 -1.0936e+00 +1.8249e+00 +1.0748e+00
544 +4.248870112e-02 +4.248870112e-02 -1.943751130e+01 -1.943751130e+01 -1.1014e+00 +1.9062e+00 +9.4197e-01
545 +3.684289470e-02 +3.684289470e-02 -1.944315711e+01 -1.944315711e+01 -1.1167e+00 +1.9869e+00 +1.0649e+00
679 +1.457507060e-02 +1.457507060e-02 -1.946542493e+01 -1.946542493e+01 -1.0469e+00 +1.9688e+00 +9.9213e-01
686 +8.962584980e-03 +8.962584980e-03 -1.947103742e+01 -1.947103742e+01 -1.0089e+00 +1.9725e+00 +9.5501e-01
801 +5.624775779e-03 +5.624775779e-03 -1.947437522e+01 -1.947437522e+01 -9.7420e-01 +1.9804e+00 +1.0102e+00
942 +2.373230343e-03 +2.373230343e-03 -1.947762677e+01 -1.947762677e+01 -9.6501e-01 +2.0886e+00 +1.0023e+00
1074 +1.472401070e-03 +1.472401070e-03 -1.947852760e+01 -1.947852760e+01 -9.8318e-01 +2.0215e+00 +9.7179e-01
1200 +8.311793836e-04 +8.311793836e-04 -1.947916882e+01 -1.947916882e+01 -9.3362e-01 +2.0615e+00 +9.6825e-01
1926 +6.114377345e-04 +6.114377345e-04 -1.947938856e+01 -1.947938856e+01 -9.5493e-01 +2.0410e+00 +9.5588e-01
2675 +3.548229586e-05 +3.548229586e-05 -1.947996452e+01 -1.947996452e+01 -9.5330e-01 +2.0503e+00 +9.7596e-01
% function evaluation | noise-free fitness - Fopt (1.344700000000e+02) | best noise-free fitness - Fopt | measured fitness | best measured fitness | x1 | x2...
1 +3.669072417e+01 +3.669072417e+01 +1.711607242e+02 +1.711607242e+02 +1.3505e+00 +1.3950e-01 +2.8491e+00
3 +3.809461950e+00 +3.809461950e+00 +1.382794620e+02 +1.382794620e+02 -3.5779e+00 +2.1517e+00 +1.9768e+00
53 +1.971086113e+00 +1.971086113e+00 +1.364410861e+02 +1.364410861e+02 -3.3351e+00 +3.5456e+00 +1.6804e+00
73 +1.451516030e+00 +1.451516030e+00 +1.359215160e+02 +1.359215160e+02 -2.1336e+00 +3.5741e+00 +4.1111e-01
122 +4.101456693e-01 +4.101456693e-01 +1.348801457e+02 +1.348801457e+02 -3.0894e+00 +2.6963e+00 +7.4523e-01
253 +3.531483610e-01 +3.531483610e-01 +1.348231484e+02 +1.348231484e+02 -3.1064e+00 +2.7009e+00 +6.8320e-01
507 +2.370636394e-01 +2.370636394e-01 +1.347070636e+02 +1.347070636e+02 -3.0810e+00 +2.8382e+00 +6.5567e-01
516 +1.500701005e-01 +1.500701005e-01 +1.346200701e+02 +1.346200701e+02 -3.1593e+00 +2.8286e+00 +5.1408e-01
769 +9.645508795e-02 +9.645508795e-02 +1.345664551e+02 +1.345664551e+02 -3.1914e+00 +3.0083e+00 +5.9785e-01
780 +5.799663112e-02 +5.799663112e-02 +1.345279966e+02 +1.345279966e+02 -3.1673e+00 +2.9762e+00 +4.6364e-01
910 +1.443902313e-02 +1.443902313e-02 +1.344844390e+02 +1.344844390e+02 -3.2575e+00 +3.0445e+00 +3.7823e-01
1040 +8.535104110e-03 +8.535104110e-03 +1.344785351e+02 +1.344785351e+02 -3.2051e+00 +3.1088e+00 +3.9020e-01
1156 +3.640818411e-03 +3.640818411e-03 +1.344736408e+02 +1.344736408e+02 -3.2224e+00 +3.1371e+00 +3.7609e-01
1601 +3.988625671e-04 +3.988625671e-04 +1.344703989e+02 +1.344703989e+02 -3.2578e+00 +3.1489e+00 +3.5201e-01
1729 +9.197132263e-05 +9.197132263e-05 +1.344700920e+02 +1.344700920e+02 -3.2686e+00 +3.1605e+00 +3.3043e-01
% function evaluation | noise-free fitness - Fopt (4.453500000000e+02) | best noise-free fitness - Fopt | measured fitness | best measured fitness | x1 | x2...
1 +7.170923127e+01 +7.170923127e+01 +5.170592313e+02 +5.170592313e+02 +3.8167e+00 -3.5180e-01 -3.6215e+00
2 +4.677588689e+01 +4.677588689e+01 +4.921258869e+02 +4.921258869e+02 +3.4163e+00 +3.0860e+00 -2.3615e+00
3 +2.469484435e+01 +2.469484435e+01 +4.700448444e+02 +4.700448444e+02 +1.3077e+00 +2.4573e+00 -2.5376e+00
5 +5.582241785e+00 +5.582241785e+00 +4.509322418e+02 +4.509322418e+02 -1.6176e+00 +1.7243e+00 +9.4492e-02
47 +2.346361055e-01 +2.346361055e-01 +4.455846361e+02 +4.455846361e+02 -3.5490e+00 +3.0059e+00 -6.6712e-01
205 +1.530455301e-01 +1.530455301e-01 +4.455030455e+02 +4.455030455e+02 -3.5098e+00 +3.1078e+00 -6.7553e-01
221 +7.596010682e-02 +7.596010682e-02 +4.454259601e+02 +4.454259601e+02 -3.4010e+00 +3.1588e+00 -6.7679e-01
340 +2.705759676e-02 +2.705759676e-02 +4.453770576e+02 +4.453770576e+02 -3.3192e+00 +3.2326e+00 -5.8476e-01
461 +1.827225566e-02 +1.827225566e-02 +4.453682723e+02 +4.453682723e+02 -3.2638e+00 +3.2236e+00 -6.6244e-01
465 +9.308857517e-03 +9.308857517e-03 +4.453593089e+02 +4.453593089e+02 -3.2716e+00 +3.2867e+00 -6.5658e-01
599 +3.145196170e-03 +3.145196170e-03 +4.453531452e+02 +4.453531452e+02 -3.2294e+00 +3.2939e+00 -6.4265e-01
619 +7.254867407e-04 +7.254867407e-04 +4.453507255e+02 +4.453507255e+02 -3.1929e+00 +3.3197e+00 -5.9843e-01
728 +6.066998001e-04 +6.066998001e-04 +4.453506067e+02 +4.453506067e+02 -3.2175e+00 +3.3342e+00 -6.2803e-01
1975 +3.279453956e-04 +3.279453956e-04 +4.453503279e+02 +4.453503279e+02 -3.1925e+00 +3.3140e+00 -6.2412e-01
2628 +1.792122550e-04 +1.792122550e-04 +4.453501792e+02 +4.453501792e+02 -3.1945e+00 +3.3188e+00 -6.2441e-01
