% function evaluation | noise-free fitness - Fopt (7.948000000000e+01) | best noise-free fitness - Fopt | measured fitness | best measured fitness | x1 | x2...
1 +1.757384454e+02 +1.757384454e+02 +2.552184454e+02 +2.552184454e+02 +2.2133e+00 +2.7144e+00 -2.5869e+00 -3.9365e+00 -3.2127e+00 -2.6997e-01 +1.1290e+00 -3.4684e+00 -8.6342e-01 -3.4257e+00 +3.5602e+00 +7.7297e-01 -9.1141e-02 +7.3423e-01 +2.9030e+00 +1.9794e-01 -1.1192e+00 -9.9224e-01 +3.5896e+00 -3.6938e+00
2 +1.457019257e+02 +1.457019257e+02 +2.251819257e+02 +2.251819257e+02 -2.3270e+00 +5.9366e-01 +3.4200e+00 +1.9584e+00 -1.7077e+00 -2.4972e+00 -4.1043e-01 -2.5481e-01 +2.3514e+00 +2.8622e-01 -2.1765e+00 -1.4696e+00 +1.2186e+00 -3.3681e+00 +1.1250e+00 +1.1245e+00 -1.2588e+00 -7.8517e-01 -1.9054e+00 -2.7996e+00
56 +9.683665776e+01 +9.683665776e+01 +1.763166578e+02 +1.763166578e+02 +8.9626e-01 -3.2404e+00 -3.1329e-02 +1.6542e+00 -3.6432e+00 +1.7468e+00 +2.6046e+00 -1.0334e+00 -2.2922e+00 -9.8281e-01 -6.1789e-01 +7.5648e-01 -1.5414e+00 -3.2064e+00 -1.5164e+00 +2.1137e+00 +7.2578e-01 -3.3093e+00 -6.0987e-01 -1.7265e+00
71 +5.212095677e+01 +5.212095677e+01 +1.316009568e+02 +1.316009568e+02 -2.9751e-01 -6.1278e-01 +7.0549e-01 +1.2381e+00 -3.5691e+00 -7.1975e-01 +1.0839e+00 -2.3548e+00 +2.8426e-01 -2.0085e-01 -1.5897e+00 +8.3254e-01 +7.9223e-01 -1.7701e+00 +1.5985e-01 +1.8537e+00 -6.0293e-01 -3.2106e+00 +5.2078e-01 +2.1529e+00
993 +3.945619524e+01 +3.945619524e+01 +1.189361952e+02 +1.189361952e+02 +3.7712e-02 -1.1806e+00 +2.8566e-01 +1.2464e+00 -3.6331e+00 +6.6971e-03 +1.1621e+00 -1.9236e+00 -5.2748e-01 -3.8021e-01 -1.7652e+00 +8.9387e-01 +7.9431e-01 -1.9088e+00 +7.0285e-01 +2.0543e+00 -5.7382e-01 -3.2143e+00 +5.8546e-01 +1.9586e+00
3091 +2.494583304e+01 +2.494583304e+01 +1.044258330e+02 +1.044258330e+02 +4.1613e-01 -1.0197e+00 -2.9460e-02 +1.3515e+00 -3.3066e+00 +1.0308e-01 +9.3905e-01 -1.5022e+00 -9.3384e-01 -9.0422e-01 -2.2938e+00 +1.1293e+00 +8.7243e-01 -1.6044e+00 +1.3865e+00 +1.7209e+00 -5.8108e-01 -3.3585e+00 +1.0009e+00 +1.8626e+00
4731 +1.578400431e+01 +1.578400431e+01 +9.526400431e+01 +9.526400431e+01 +1.8829e-01 -1.2828e+00 -2.8116e-01 +1.2647e+00 -2.9960e+00 +3.1218e-01 +5.2569e-01 -9.1297e-01 -1.2825e+00 -1.4343e+00 -2.2442e+00 +1.6203e+00 +9.1774e-01 -1.2726e+00 +1.8389e+00 +2.1363e+00 -8.0727e-01 -3.1904e+00 +1.1519e+00 +1.8782e+00
5771 +9.847889613e+00 +9.847889613e+00 +8.932788961e+01 +8.932788961e+01 +2.6962e-01 -1.4360e+00 -2.6404e-01 +1.2810e+00 -3.2872e+00 +2.9728e-01 +4.5919e-01 -7.9108e-01 -1.2710e+00 -1.8610e+00 -2.5482e+00 +1.6794e+00 +9.4692e-01 -1.1420e+00 +2.2650e+00 +2.3821e+00 -4.6724e-01 -3.8800e+00 +1.5165e+00 +1.6167e+00
6903 +6.302380480e+00 +6.302380480e+00 +8.578238048e+01 +8.578238048e+01 +4.9840e-01 -1.2754e+00 -6.0318e-01 +1.3249e+00 -3.0345e+00 +5.7215e-01 +1.0836e-01 -5.0942e-01 -1.4428e+00 -1.9517e+00 -2.8809e+00 +1.7819e+00 +9.2145e-01 -8.1725e-01 +2.3882e+00 +2.1844e+00 -3.2544e-01 -3.7484e+00 +1.8630e+00 +1.5025e+00
7908 +3.950664403e+00 +3.950664403e+00 +8.343066440e+01 +8.343066440e+01 +4.7313e-01 -1.2626e+00 -4.9359e-01 +1.5115e+00 -3.0941e+00 +4.4442e-01 +2.1155e-01 -3.2109e-01 -1.4370e+00 -2.1281e+00 -3.2347e+00 +1.9875e+00 +7.9241e-01 -6.4603e-01 +2.6694e+00 +2.4467e+00 -1.5642e-01 -3.6588e+00 +1.8474e+00 +1.4504e+00
8533 +2.451463550e+00 +2.451463550e+00 +8.193146355e+01 +8.193146355e+01 +3.7701e-01 -1.0321e+00 -4.7280e-01 +1.5751e+00 -3.0590e+00 +3.9577e-01 +1.8065e-01 -2.1546e-01 -1.5679e+00 -2.3081e+00 -3.2959e+00 +2.0371e+00 +1.1217e+00 -4.6638e-01 +2.9212e+00 +2.6350e+00 -1.0043e-01 -3.7895e+00 +1.8775e+00 +1.4890e+00
9391 +1.420723019e+00 +1.420723019e+00 +8.090072302e+01 +8.090072302e+01 +4.0660e-01 -1.1114e+00 -5.4419e-01 +1.5240e+00 -2.8637e+00 +6.0323e-01 -1.3224e-01 -1.7328e-01 -1.6573e+00 -2.6685e+00 -3.3550e+00 +1.9047e+00 +1.0801e+00 -4.8411e-01 +3.1351e+00 +2.6244e+00 -1.2550e-01 -3.7847e+00 +2.0120e+00 +1.3991e+00
9912 +7.842781729e-01 +7.842781729e-01 +8.026427817e+01 +8.026427817e+01 +3.9719e-01 -1.1544e+00 -6.3153e-01 +1.6974e+00 -2.8358e+00 +6.6269e-01 +5.3304e-02 +9.5965e-03 -1.7554e+00 -2.6993e+00 -3.5546e+00 +1.7937e+00 +9.8353e-01 -3.5057e-01 +3.3233e+00 +2.6563e+00 -1.0756e-01 -3.8647e+00 +2.1306e+00 +1.4200e+00
10172 +5.371305509e-01 +5.371305509e-01 +8.001713055e+01 +8.001713055e+01 +2.7465e-01 -1.1016e+00 -7.7777e-01 +1.7686e+00 -2.7551e+00 +7.1128e-01 +4.0369e-02 +1.5741e-01 -1.6623e+00 -2.8670e+00 -3.6851e+00 +1.7243e+00 +1.1254e+00 -2.5844e-01 +3.2891e+00 +2.7005e+00 -7.8884e-02 -3.8340e+00 +2.1681e+00 +1.3858e+00
10651 +3.886625505e-01 +3.886625505e-01 +7.986866255e+01 +7.986866255e+01 +3.9158e-01 -1.0379e+00 -6.3361e-01 +1.8897e+00 -2.5878e+00 +6.6338e-01 -5.3066e-02 +1.8859e-01 -1.7311e+00 -2.7935e+00 -3.7049e+00 +1.8238e+00 +1.1688e+00 -2.6562e-01 +3.4112e+00 +2.7595e+00 -2.6504e-02 -3.9020e+00 +2.2336e+00 +1.3549e+00
11052 +2.273540277e-01 +2.273540277e-01 +7.970735403e+01 +7.970735403e+01 +3.0701e-01 -1.1918e+00 -7.5531e-01 +1.7005e+00 -2.6139e+00 +6.3898e-01 -1.3669e-01 +1.5359e-01 -1.7107e+00 -2.8562e+00 -3.8026e+00 +2.0123e+00 +1.2218e+00 -1.9420e-01 +3.5861e+00 +2.8416e+00 -5.1147e-02 -4.0926e+00 +2.3652e+00 +1.2658e+00
11568 +1.483125638e-01 +1.483125638e-01 +7.962831256e+01 +7.962831256e+01 +2.7883e-01 -1.1852e+00 -8.4111e-01 +1.8135e+00 -2.8196e+00 +5.9202e-01 -1.9956e-01 +1.1533e-01 -1.7288e+00 -3.0253e+00 -3.8644e+00 +2.1129e+00 +1.1057e+00 -2.4529e-01 +3.6234e+00 +2.9063e+00 -1.1968e-01 -4.0418e+00 +2.4771e+00 +1.3646e+00
12304 +7.864053731e-02 +7.864053731e-02 +7.955864054e+01 +7.955864054e+01 +2.4440e-01 -1.2382e+00 -6.9898e-01 +1.8594e+00 -2.7839e+00 +3.8025e-01 -1.1317e-01 +1.2669e-01 -1.7556e+00 -3.0662e+00 -3.8572e+00 +1.9845e+00 +1.0866e+00 -5.1060e-02 +3.7069e+00 +2.8595e+00 -2.1847e-02 -3.9896e+00 +2.4061e+00 +1.4765e+00
16226 +5.384526578e-02 +5.384526578e-02 +7.953384527e+01 +7.953384527e+01 +2.5578e-01 -1.0974e+00 -7.5151e-01 +1.9134e+00 -2.7575e+00 +4.1725e-01 -2.0244e-01 +2.5357e-01 -1.6420e+00 -3.0535e+00 -3.8661e+00 +2.0561e+00 +1.1082e+00 -3.4964e-03 +3.6693e+00 +2.9005e+00 -1.3758e-01 -3.9402e+00 +2.3310e+00 +1.2757e+00
25017 +3.937762644e-02 +3.937762644e-02 +7.951937763e+01 +7.951937763e+01 +2.8526e-01 -1.1663e+00 -7.2669e-01 +1.8816e+00 -2.6436e+00 +4.2697e-01 -1.5894e-01 +4.1429e-02 -1.6001e+00 -3.0291e+00 -3.8351e+00 +1.9285e+00 +1.1133e+00 -1.1299e-01 +3.6863e+00 +2.8773e+00 -2.0720e-01 -3.9198e+00 +2.4316e+00 +1.3230e+00
% function evaluation | noise-free fitness - Fopt (3.944800000000e+02) | best noise-free fitness - Fopt | measured fitness | best measured fitness | x1 | x2...
1 +2.094425720e+02 +2.094425720e+02 +6.039225720e+02 +6.039225720e+02 -2.0478e-01 +3.1714e+00 +3.3116e+00 -1.3507e+00 -2.7392e+00 -3.1523e+00 +2.5007e+00 -2.2939e+00 -7.0957e-01 -3.1179e+00 -1.4380e+00 -2.1297e+00 +6.4283e-01 +3.5254e+00 +1.2453e+00 +2.6916e+00 -3.8338e-01 -2.2741e+00 +2.5393e+00 +2.3905e+00
19 +7.055132855e+01 +7.055132855e+01 +4.650313286e+02 +4.650313286e+02 -2.4730e+00 -1.4220e+00 -2.2682e+00 +3.2005e+00 -1.1642e+00 -1.6999e+00 +1.8129e+00 -1.6826e+00 +1.2779e+00 -1.7334e+00 +2.9566e+00 +2.6759e+00 -2.5504e+00 +2.9070e+00 -1.3596e+00 +2.6939e+00 -1.7968e+00 -1.1273e+00 +1.9157e+00 -2.4569e+00
555 +6.198505801e+01 +6.198505801e+01 +4.564650580e+02 +4.564650580e+02 -2.5537e+00 -1.4894e+00 -2.1028e+00 +3.3503e+00 -1.2036e+00 -1.7316e+00 +1.9770e+00 -1.5007e+00 +1.0466e+00 -1.8300e+00 +2.9931e+00 +2.6969e+00 -2.3178e+00 +3.1038e+00 -1.4872e+00 +2.7140e+00 -1.9936e+00 -1.1503e+00 +1.5482e+00 -2.1592e+00
3048 +3.971911336e+01 +3.971911336e+01 +4.341991134e+02 +4.341991134e+02 -2.6345e+00 -2.0153e+00 -2.1441e+00 +3.6570e+00 -1.0824e+00 -1.9031e+00 +2.4851e+00 -1.0113e+00 +6.8478e-01 -2.4125e+00 +2.6038e+00 +2.4101e+00 -1.6483e+00 +3.3941e+00 -2.0331e+00 +2.4019e+00 -2.6655e+00 -1.0368e+00 +1.2053e+00 -1.4200e+00
5201 +2.509383777e+01 +2.509383777e+01 +4.195738378e+02 +4.195738378e+02 -2.8647e+00 -2.2147e+00 -2.3514e+00 +3.9024e+00 -5.8477e-01 -2.0719e+00 +2.6114e+00 -1.3732e+00 +4.1777e-02 -2.9600e+00 +2.2481e+00 +2.0875e+00 -1.0806e+00 +3.2112e+00 -2.3195e+00 +2.4803e+00 -2.6917e+00 -9.6475e-01 +6.7265e-01 -9.0624e-01
6975 +1.568471278e+01 +1.568471278e+01 +4.101647128e+02 +4.101647128e+02 -3.0455e+00 -2.6239e+00 -2.6194e+00 +3.9957e+00 -9.8619e-02 -2.5268e+00 +2.7636e+00 -1.2731e+00 -2.8386e-01 -3.0875e+00 +2.2830e+00 +1.6643e+00 -9.1798e-01 +3.1324e+00 -2.5585e+00 +2.8830e+00 -2.8285e+00 -9.9677e-01 +3.8474e-01 -1.3073e-01
8485 +9.835234709e+00 +9.835234709e+00 +4.043152347e+02 +4.043152347e+02 -3.5329e+00 -2.8720e+00 -2.8200e+00 +4.3572e+00 +1.3615e-01 -2.9142e+00 +2.6029e+00 -8.6487e-01 -2.9886e-01 -2.8864e+00 +1.9920e+00 +1.3781e+00 -2.4925e-01 +3.2112e+00 -2.9633e+00 +2.9990e+00 -2.9603e+00 -1.0953e+00 +4.5917e-01 +2.6951e-02
9617 +6.267174380e+00 +6.267174380e+00 +4.007471744e+02 +4.007471744e+02 -3.6100e+00 -2.8415e+00 -3.3159e+00 +4.4902e+00 +2.8593e-01 -2.9514e+00 +2.7531e+00 -7.1928e-01 -4.0647e-01 -3.2324e+00 +1.9272e+00 +1.3567e+00 -5.3208e-02 +3.3146e+00 -3.2977e+00 +3.0587e+00 -3.0454e+00 -1.1721e+00 +6.7917e-01 +4.0746e-01
10864 +3.606465468e+00 +3.606465468e+00 +3.980864655e+02 +3.980864655e+02 -3.7202e+00 -2.9691e+00 -3.4195e+00 +4.3150e+00 +4.8197e-01 -3.1630e+00 +2.9852e+00 -6.0425e-01 -6.2394e-01 -3.3749e+00 +1.9627e+00 +1.4101e+00 +3.3257e-01 +3.3884e+00 -3.2872e+00 +2.9874e+00 -2.9728e+00 -1.1568e+00 +4.4568e-01 +5.9256e-01
11388 +2.459131759e+00 +2.459131759e+00 +3.969391318e+02 +3.969391318e+02 -3.7811e+00 -3.1710e+00 -3.4900e+00 +4.1993e+00 +5.1574e-01 -3.1584e+00 +2.9444e+00 -5.6120e-01 -9.4566e-01 -3.4604e+00 +1.8137e+00 +1.5191e+00 +6.1108e-01 +3.4932e+00 -3.3442e+00 +3.0651e+00 -2.9666e+00 -1.1894e+00 +3.0522e-01 +7.5457e-01
12237 +1.577240312e+00 +1.577240312e+00 +3.960572403e+02 +3.960572403e+02 -3.7230e+00 -2.9517e+00 -3.6208e+00 +4.1084e+00 +6.9084e-01 -3.1967e+00 +3.1208e+00 -5.3636e-01 -8.3379e-01 -3.2929e+00 +1.9431e+00 +1.4519e+00 +7.8873e-01 +3.5227e+00 -3.5152e+00 +2.8690e+00 -2.9324e+00 -1.3439e+00 +2.1667e-01 +8.0820e-01
12889 +9.173349062e-01 +9.173349062e-01 +3.953973349e+02 +3.953973349e+02 -3.6946e+00 -2.9730e+00 -3.7367e+00 +3.8744e+00 +7.6211e-01 -3.2084e+00 +3.2731e+00 -7.4072e-01 -6.0416e-01 -3.3778e+00 +1.8448e+00 +1.4250e+00 +1.0598e+00 +3.6508e+00 -3.6642e+00 +2.7591e+00 -2.8652e+00 -1.4028e+00 +2.6381e-01 +9.4567e-01
13622 +5.571553601e-01 +5.571553601e-01 +3.950371554e+02 +3.950371554e+02 -3.8394e+00 -2.8528e+00 -3.6678e+00 +3.7177e+00 +6.8034e-01 -3.0246e+00 +3.2208e+00 -7.4629e-01 -9.0976e-01 -3.5663e+00 +2.0140e+00 +1.5172e+00 +1.1672e+00 +3.7830e+00 -3.9810e+00 +2.8576e+00 -2.9454e+00 -1.5098e+00 +1.0415e-01 +1.0317e+00
14010 +3.518296012e-01 +3.518296012e-01 +3.948318296e+02 +3.948318296e+02 -3.8376e+00 -2.9092e+00 -3.7110e+00 +3.8029e+00 +7.6816e-01 -2.9048e+00 +3.2610e+00 -7.5222e-01 -9.3561e-01 -3.6184e+00 +1.8886e+00 +1.4218e+00 +1.2270e+00 +3.8276e+00 -3.9406e+00 +2.9186e+00 -3.0312e+00 -1.6037e+00 -9.9382e-03 +1.1847e+00
14396 +2.397273866e-01 +2.397273866e-01 +3.947197274e+02 +3.947197274e+02 -3.9775e+00 -2.7943e+00 -3.7746e+00 +3.9704e+00 +7.7966e-01 -3.0131e+00 +3.4373e+00 -7.0180e-01 -7.0558e-01 -3.7568e+00 +1.9107e+00 +1.4364e+00 +1.3084e+00 +3.8155e+00 -4.0519e+00 +2.9254e+00 -2.8618e+00 -1.4339e+00 +7.8025e-02 +1.2798e+00
15122 +1.363902511e-01 +1.363902511e-01 +3.946163903e+02 +3.946163903e+02 -3.8977e+00 -2.8752e+00 -3.6898e+00 +3.9549e+00 +7.5357e-01 -2.8671e+00 +3.5013e+00 -6.0273e-01 -6.5990e-01 -3.7409e+00 +1.8242e+00 +1.2785e+00 +1.4775e+00 +3.7492e+00 -3.8586e+00 +3.0971e+00 -2.8967e+00 -1.2951e+00 +1.8638e-02 +1.3230e+00
15449 +9.472851304e-02 +9.472851304e-02 +3.945747285e+02 +3.945747285e+02 -4.0296e+00 -2.8735e+00 -3.7430e+00 +3.9896e+00 +8.7689e-01 -2.9930e+00 +3.4060e+00 -6.4619e-01 -7.9384e-01 -3.7192e+00 +1.8936e+00 +1.2399e+00 +1.5120e+00 +3.7216e+00 -3.7024e+00 +2.9068e+00 -2.9751e+00 -1.4233e+00 -1.4574e-02 +1.2281e+00
21568 +5.960911293e-02 +5.960911293e-02 +3.945396091e+02 +3.945396091e+02 -3.9663e+00 -2.9021e+00 -3.8915e+00 +3.9483e+00 +8.4443e-01 -2.9595e+00 +3.3696e+00 -6.1455e-01 -8.5373e-01 -3.7207e+00 +1.7959e+00 +1.3269e+00 +1.5596e+00 +3.7225e+00 -3.8028e+00 +2.9660e+00 -2.9649e+00 -1.3177e+00 +1.7834e-01 +1.3033e+00
27851 +3.592403999e-02 +3.592403999e-02 +3.945159240e+02 +3.945159240e+02 -3.8102e+00 -2.8623e+00 -3.7841e+00 +3.8574e+00 +8.9586e-01 -2.9502e+00 +3.4100e+00 -5.9752e-01 -9.5957e-01 -3.7427e+00 +1.9107e+00 +1.2919e+00 +1.5069e+00 +3.7982e+00 -3.8050e+00 +2.9049e+00 -2.8749e+00 -1.3889e+00 +4.0736e-02 +1.2503e+00
% function evaluation | noise-free fitness - Fopt (-2.471100000000e+02) | best noise-free fitness - Fopt | measured fitness | best measured fitness | x1 | x2...
1 +2.251826992e+02 +2.251826992e+02 -2.192730080e+01 -2.192730080e+01 +1.7624e-01 -1.4240e+00 -6.2814e-01 +1.8988e+00 +1.0681e+00 -3.0028e+00 +1.2930e+00 -3.3371e+00 +1.5247e+00 -3.1164e+00 +1.9055e+00 +1.9078e+00 +3.1568e+00 -1.8894e+00 -2.7945e+00 -1.4785e+00 -1.7067e+00 +1.2906e+00 +3.8684e+00 -1.5302e+00
18 +9.896911994e+01 +9.896911994e+01 -1.481408801e+02 -1.481408801e+02 -1.1494e+00 -2.2587e+00 +1.5717e+00 -3.0545e+00 -9.7018e-02 -1.1535e+00 +2.3641e+00 -2.4934e+00 +1.2573e+00 +3.4609e+00 -1.0978e+00 -2.7674e+00 +3.8571e+00 +5.6685e-02 +3.3050e+00 +9.0874e-01 +3.2761e-01 +3.8166e+00 +2.8694e+00 +1.6747e-01
288 +6.193645373e+01 +6.193645373e+01 -1.851735463e+02 -1.851735463e+02 -1.6164e+00 -2.0323e+00 +1.5472e+00 -3.1883e+00 -2.3026e+00 +2.8151e+00 +2.2552e+00 -2.5325e+00 +2.1097e+00 +2.8604e+00 +1.0816e+00 -2.7210e+00 +1.7218e+00 +1.1068e-01 +2.7945e+00 +1.3132e+00 -4.1571e-01 +1.8857e+00 +1.5263e+00 -2.6533e-01
3302 +3.912131906e+01 +3.912131906e+01 -2.079886809e+02 -2.079886809e+02 -1.9833e+00 -1.7406e+00 +1.2330e+00 -3.2291e+00 -2.7289e+00 +2.6689e+00 +2.4674e+00 -2.6348e+00 +1.7762e+00 +2.4748e+00 +1.6475e+00 -1.7261e+00 +1.8144e+00 +1.3521e-01 +2.9628e+00 +1.0310e+00 +5.1336e-01 +1.4906e+00 +1.5923e+00 -9.5870e-02
5331 +2.504527926e+01 +2.504527926e+01 -2.220647207e+02 -2.220647207e+02 -2.2033e+00 -1.7147e+00 +7.0740e-01 -3.1307e+00 -2.9247e+00 +2.3468e+00 +2.7537e+00 -3.0173e+00 +1.4612e+00 +2.4677e+00 +1.8635e+00 -8.6978e-01 +2.0208e+00 +3.3824e-01 +3.0240e+00 +9.0504e-01 +8.8033e-01 +8.5975e-01 +1.7370e+00 -1.9613e-01
6982 +1.575034814e+01 +1.575034814e+01 -2.313596519e+02 -2.313596519e+02 -2.7617e+00 -1.2850e+00 +6.4337e-01 -2.9585e+00 -3.0446e+00 +2.3539e+00 +2.6547e+00 -3.2326e+00 +1.1938e+00 +2.6212e+00 +1.5641e+00 -3.8822e-01 +2.0115e+00 +6.6742e-01 +3.3744e+00 +7.8758e-01 +1.4845e+00 +5.8872e-01 +1.8672e+00 +6.1634e-02
8353 +9.599854172e+00 +9.599854172e+00 -2.375101458e+02 -2.375101458e+02 -2.8941e+00 -7.6180e-01 +4.3324e-01 -3.0450e+00 -2.9103e+00 +2.5214e+00 +2.7395e+00 -3.4140e+00 +1.0920e+00 +2.5440e+00 +1.9639e+00 +4.2703e-02 +2.4823e+00 +4.9321e-01 +3.3988e+00 +9.6582e-01 +1.9829e+00 +5.1293e-01 +1.9806e+00 +5.2720e-02
9731 +6.056014034e+00 +6.056014034e+00 -2.410539860e+02 -2.410539860e+02 -2.9996e+00 -5.1441e-01 +1.1562e-01 -2.9559e+00 -3.0728e+00 +2.3083e+00 +2.8058e+00 -3.7932e+00 +9.4647e-01 +2.5421e+00 +2.2056e+00 +4.3483e-01 +2.4884e+00 +7.5526e-01 +3.4145e+00 +8.6458e-01 +2.1167e+00 +1.0248e-01 +2.0557e+00 -1.4242e-01
10593 +3.885015642e+00 +3.885015642e+00 -2.432249844e+02 -2.432249844e+02 -3.1726e+00 -4.4330e-01 +1.0366e-01 -3.0869e+00 -2.9827e+00 +2.2703e+00 +2.9276e+00 -3.7336e+00 +5.7754e-01 +2.6316e+00 +2.2828e+00 +6.1851e-01 +2.8350e+00 +7.1718e-01 +3.3585e+00 +7.3613e-01 +2.3460e+00 +6.4051e-02 +2.0491e+00 +1.2560e-01
11382 +2.418436717e+00 +2.418436717e+00 -2.446915633e+02 -2.446915633e+02 -3.3958e+00 -2.5227e-01 -1.0306e-01 -3.2734e+00 -2.9284e+00 +2.5391e+00 +3.0314e+00 -3.9145e+00 +5.6648e-01 +2.6097e+00 +2.2846e+00 +8.2562e-01 +2.6308e+00 +6.1850e-01 +3.4817e+00 +7.6676e-01 +2.4535e+00 -9.0436e-02 +2.1004e+00 +2.6275e-01
12232 +1.487787524e+00 +1.487787524e+00 -2.456222125e+02 -2.456222125e+02 -3.4331e+00 +3.1014e-02 -3.5820e-01 -3.1866e+00 -3.1492e+00 +2.6371e+00 +3.1338e+00 -3.7869e+00 +3.2276e-01 +2.6279e+00 +2.3731e+00 +8.6369e-01 +2.5840e+00 +8.4588e-01 +3.6719e+00 +4.0824e-01 +2.7881e+00 +1.2101e-01 +1.9845e+00 +1.2473e-01
12755 +9.219140386e-01 +9.219140386e-01 -2.461880860e+02 -2.461880860e+02 -3.7010e+00 +6.0177e-02 -4.3536e-01 -3.4790e+00 -2.9736e+00 +2.4017e+00 +3.0982e+00 -3.5087e+00 +3.3241e-01 +2.6454e+00 +2.0929e+00 +1.2267e+00 +2.9142e+00 +9.3909e-01 +3.5863e+00 +5.6517e-01 +2.6802e+00 -3.2257e-01 +2.2668e+00 +4.8899e-01
13067 +6.204119561e-01 +6.204119561e-01 -2.464895880e+02 -2.464895880e+02 -3.8938e+00 +1.8512e-01 -6.7972e-01 -3.4157e+00 -3.1677e+00 +2.0504e+00 +3.1189e+00 -3.7991e+00 -2.6121e-01 +2.8272e+00 +2.1965e+00 +1.2749e+00 +2.5084e+00 +7.3694e-01 +3.7371e+00 +7.4267e-01 +2.8894e+00 -2.7036e-01 +1.9424e+00 +5.4444e-01
13330 +3.824148877e-01 +3.824148877e-01 -2.467275851e+02 -2.467275851e+02 -3.8928e+00 +1.5755e-01 -6.2635e-01 -3.5208e+00 -3.1282e+00 +2.0975e+00 +3.0539e+00 -3.8044e+00 -1.9941e-01 +2.9815e+00 +2.2371e+00 +1.4682e+00 +2.5599e+00 +7.7217e-01 +4.0250e+00 +8.1979e-01 +2.8764e+00 -1.5370e-01 +2.0284e+00 +3.3069e-01
14054 +2.479060541e-01 +2.479060541e-01 -2.468620939e+02 -2.468620939e+02 -3.7681e+00 +2.4678e-01 -7.9042e-01 -3.5444e+00 -3.2767e+00 +2.2206e+00 +3.2312e+00 -3.9014e+00 -7.9748e-02 +2.8332e+00 +2.2930e+00 +1.5324e+00 +2.8084e+00 +7.8686e-01 +4.1365e+00 +7.4533e-01 +2.9141e+00 -3.9597e-01 +2.1570e+00 +4.3136e-01
14324 +1.568929405e-01 +1.568929405e-01 -2.469531071e+02 -2.469531071e+02 -3.8024e+00 +3.1231e-01 -5.5011e-01 -3.6871e+00 -3.2689e+00 +2.3021e+00 +3.1686e+00 -3.8716e+00 -8.6428e-02 +2.9316e+00 +2.2744e+00 +1.3537e+00 +2.6999e+00 +9.2895e-01 +3.9767e+00 +7.6855e-01 +2.9639e+00 -2.6986e-01 +2.1965e+00 +3.5373e-01
15176 +8.140365804e-02 +8.140365804e-02 -2.470285963e+02 -2.470285963e+02 -3.8611e+00 +2.1670e-01 -5.5278e-01 -3.6628e+00 -3.1702e+00 +2.2530e+00 +3.1735e+00 -3.9234e+00 -6.2311e-02 +2.8498e+00 +2.3934e+00 +1.4820e+00 +2.8437e+00 +8.8621e-01 +4.0057e+00 +7.0225e-01 +3.0269e+00 -1.1461e-01 +2.2049e+00 +2.2232e-01
16647 +6.100561499e-02 +6.100561499e-02 -2.470489944e+02 -2.470489944e+02 -3.8111e+00 +1.8210e-01 -6.3112e-01 -3.5963e+00 -3.0287e+00 +2.3413e+00 +3.2597e+00 -3.9972e+00 -4.2817e-02 +2.7713e+00 +2.3262e+00 +1.3910e+00 +2.8385e+00 +9.4917e-01 +3.9189e+00 +6.5477e-01 +2.9376e+00 -2.5574e-01 +2.3039e+00 +2.9861e-01
% function evaluation | noise-free fitness - Fopt (-1.520400000000e+02) | best noise-free fitness - Fopt | measured fitness | best measured fitness | x1 | x2...
1 +2.448681421e+02 +2.448681421e+02 +9.282814208e+01 +9.282814208e+01 +2.6561e+00 -2.4183e-01 +1.4176e+00 -1.0563e+00 -3.4603e-01 +2.8466e+00 -3.7210e+00 -3.1250e+00 -3.0804e+00 -4.9633e-01 -1.7957e+00 +1.1988e+00 +2.5062e-01 +2.9463e+00 +2.4557e+00 -8.7238e-01 -1.7617e+00 +1.7794e+00 -3.9308e+00 -2.9714e+00
4 +1.485668082e+02 +1.485668082e+02 -3.473191799e+00 -3.473191799e+00 -1.4343e+00 -2.9859e+00 -7.5856e-01 +2.7317e+00 +3.5984e+00 -2.9621e+00 -3.2215e+00 +6.8366e-01 +3.7202e+00 +6.8798e-01 +5.1224e-01 -4.9422e-01 -1.3104e+00 +3.1208e+00 +2.4622e+00 -2.4253e+00 +3.6064e+00 -8.9293e-02 +2.9346e+00 -2.4356e+00
85 +9.928947886e+01 +9.928947886e+01 -5.275052114e+01 -5.275052114e+01 +1.5998e+00 +7.2240e-01 +1.1869e+00 -1.1248e+00 +1.0585e+00 +2.9912e+00 -5.2830e-01 -2.3026e+00 -3.4236e+00 +2.7300e+00 -2.0014e+00 -2.7486e+00 -2.6532e+00 +1.6869e+00 -5.7110e-01 -1.7127e-01 +1.9509e+00 -2.9461e-01 +1.6410e-01 +2.9198e+00
464 +6.291546987e+01 +6.291546987e+01 -8.912453013e+01 -8.912453013e+01 +1.4468e+00 +2.4390e-01 -1.0193e+00 -6.1830e-01 +1.3463e+00 +8.3022e-02 -1.2806e+00 -2.1628e+00 -1.9573e+00 +2.6274e+00 -6.2814e-01 -1.6140e+00 -1.6929e+00 +2.1501e+00 -6.8657e-01 +6.1853e-01 +1.9485e+00 -7.3432e-01 -2.4025e+00 +2.1996e+00
3115 +3.976249066e+01 +3.976249066e+01 -1.122775093e+02 -1.122775093e+02 +1.1019e+00 +4.2856e-01 -1.3729e+00 +1.7720e-01 +1.5530e+00 +2.0716e-02 -1.3598e+00 -1.7341e+00 -1.1320e+00 +2.6431e+00 -7.2412e-01 -1.7836e+00 -2.4177e+00 +2.6553e+00 -4.2247e-01 +7.9660e-01 +1.8611e+00 -5.5471e-01 -1.9560e+00 +2.3835e+00
5126 +2.509793624e+01 +2.509793624e+01 -1.269420638e+02 -1.269420638e+02 +5.3882e-01 +5.4429e-01 -1.7754e+00 +7.0067e-01 +1.8828e+00 +6.5491e-02 -1.4642e+00 -1.6516e+00 -4.5288e-01 +2.9210e+00 -7.7064e-01 -2.1810e+00 -2.6533e+00 +2.8508e+00 -9.3052e-02 +5.3474e-01 +2.1463e+00 -4.8019e-01 -1.5199e+00 +2.8666e+00
6763 +1.567947572e+01 +1.567947572e+01 -1.363605243e+02 -1.363605243e+02 +6.2446e-01 +8.8965e-01 -2.2572e+00 +1.2437e+00 +1.8813e+00 -1.0040e-01 -1.3199e+00 -1.6587e+00 +1.5507e-01 +3.2822e+00 -8.3905e-01 -2.4438e+00 -2.9314e+00 +2.9580e+00 -1.2509e-01 +8.1021e-01 +1.7714e+00 -3.7122e-01 -1.2466e+00 +3.0768e+00
8145 +9.921926629e+00 +9.921926629e+00 -1.421180734e+02 -1.421180734e+02 +2.0876e-01 +8.8702e-01 -2.6359e+00 +1.6344e+00 +2.1300e+00 +5.6043e-03 -1.1527e+00 -1.3762e+00 +5.1911e-01 +3.3175e+00 -9.4319e-01 -2.1554e+00 -3.0640e+00 +3.2730e+00 -2.8649e-01 +8.7764e-01 +1.8758e+00 -1.3903e-01 -1.1990e+00 +3.1523e+00
9263 +5.933542382e+00 +5.933542382e+00 -1.461064576e+02 -1.461064576e+02 +1.9170e-02 +1.0033e+00 -3.0419e+00 +2.1890e+00 +2.0625e+00 +2.7745e-01 -1.0129e+00 -1.2674e+00 +6.3462e-01 +3.4695e+00 -8.5987e-01 -2.4776e+00 -3.3501e+00 +3.2742e+00 -9.2114e-02 +7.6987e-01 +1.7486e+00 -1.5540e-02 -1.0773e+00 +3.1419e+00
9919 +3.855870984e+00 +3.855870984e+00 -1.481841290e+02 -1.481841290e+02 -1.6865e-01 +1.1525e+00 -3.2495e+00 +2.2652e+00 +2.2082e+00 +2.6621e-01 -8.8695e-01 -1.2307e+00 +8.8947e-01 +3.3078e+00 -8.9252e-01 -2.6666e+00 -3.4844e+00 +3.5089e+00 -2.3231e-02 +9.6213e-01 +1.6100e+00 -9.2474e-02 -8.3906e-01 +3.2904e+00
10780 +2.484187486e+00 +2.484187486e+00 -1.495558125e+02 -1.495558125e+02 -2.2098e-01 +1.1090e+00 -3.3850e+00 +2.4405e+00 +2.1311e+00 +1.7863e-01 -1.0720e+00 -9.7854e-01 +1.0744e+00 +3.2012e+00 -1.0143e+00 -2.5810e+00 -3.5608e+00 +3.6490e+00 -1.5176e-01 +1.2543e+00 +1.8606e+00 +1.9328e-01 -7.3438e-01 +3.3925e+00
11442 +1.565567596e+00 +1.565567596e+00 -1.504744324e+02 -1.504744324e+02 -1.0616e-01 +1.3943e+00 -3.4927e+00 +2.6058e+00 +2.2560e+00 +2.7636e-01 -1.0170e+00 -9.1365e-01 +1.0704e+00 +3.3089e+00 -8.9153e-01 -2.7115e+00 -3.6393e+00 +3.6931e+00 +7.9477e-02 +1.1872e+00 +1.9952e+00 +2.8949e-01 -7.7795e-01 +3.4879e+00
12153 +9.911987625e-01 +9.911987625e-01 -1.510488012e+02 -1.510488012e+02 -1.1244e-01 +1.2512e+00 -3.6788e+00 +2.8521e+00 +2.2102e+00 +3.5154e-01 -9.3897e-01 -6.9038e-01 +1.1897e+00 +3.2803e+00 -9.5523e-01 -2.8244e+00 -3.6662e+00 +3.9297e+00 +2.6505e-01 +1.2021e+00 +1.9764e+00 +4.7560e-01 -7.8410e-01 +3.5850e+00
12547 +5.723696615e-01 +5.723696615e-01 -1.514676303e+02 -1.514676303e+02 -2.6590e-01 +1.3088e+00 -3.7255e+00 +2.9780e+00 +2.3074e+00 +1.8109e-01 -1.0385e+00 -8.3426e-01 +1.1940e+00 +3.6251e+00 -1.0027e+00 -2.7291e+00 -3.5938e+00 +3.8930e+00 +3.0690e-01 +1.1607e+00 +1.9872e+00 +3.9281e-01 -5.9972e-01 +3.7521e+00
12936 +3.734977034e-01 +3.734977034e-01 -1.516665023e+02 -1.516665023e+02 -1.4433e-01 +1.3205e+00 -3.8880e+00 +2.9914e+00 +2.3483e+00 +7.8331e-02 -9.6828e-01 -7.2764e-01 +1.3263e+00 +3.4816e+00 -9.9342e-01 -2.8939e+00 -3.8136e+00 +3.9211e+00 +2.1135e-01 +1.0465e+00 +2.1230e+00 +3.3371e-01 -5.7287e-01 +3.8225e+00
13329 +1.965618699e-01 +1.965618699e-01 -1.518434381e+02 -1.518434381e+02 -2.5556e-01 +1.2987e+00 -3.9287e+00 +3.2652e+00 +2.2407e+00 +1.1604e-01 -9.0746e-01 -7.3888e-01 +1.4018e+00 +3.4001e+00 -9.1370e-01 -2.7730e+00 -3.8877e+00 +3.9641e+00 +1.5613e-01 +1.0123e+00 +2.0831e+00 +3.2576e-01 -4.2569e-01 +3.7828e+00
13804 +1.481366611e-01 +1.481366611e-01 -1.518918633e+02 -1.518918633e+02 -2.7313e-01 +1.4549e+00 -4.0094e+00 +3.1533e+00 +2.4045e+00 +2.8644e-01 -8.8874e-01 -6.2778e-01 +1.3131e+00 +3.5508e+00 -8.5882e-01 -2.6041e+00 -3.8172e+00 +3.8285e+00 +3.2239e-01 +1.0581e+00 +2.0572e+00 +2.8108e-01 -4.4016e-01 +3.9117e+00
14708 +8.254241994e-02 +8.254241994e-02 -1.519574576e+02 -1.519574576e+02 -2.5187e-01 +1.4378e+00 -3.8489e+00 +3.2235e+00 +2.4629e+00 +4.3751e-02 -9.3750e-01 -6.7757e-01 +1.4712e+00 +3.5164e+00 -9.3152e-01 -2.7466e+00 -3.8002e+00 +3.9177e+00 +3.1889e-01 +1.2340e+00 +2.1364e+00 +1.9453e-01 -3.4753e-01 +3.9771e+00
18541 +5.726225367e-02 +5.726225367e-02 -1.519827377e+02 -1.519827377e+02 -2.7389e-01 +1.4172e+00 -3.9587e+00 +3.2679e+00 +2.4077e+00 +9.8669e-02 -9.6678e-01 -7.3577e-01 +1.3598e+00 +3.4515e+00 -8.0488e-01 -2.6576e+00 -3.8644e+00 +3.8202e+00 +2.8971e-01 +1.1766e+00 +1.9676e+00 +2.7259e-01 -3.1444e-01 +3.9505e+00
% function evaluation | noise-free fitness - Fopt (-2.525000000000e+01) | best noise-free fitness - Fopt | measured fitness | best measured fitness | x1 | x2...
1 +1.946179971e+02 +1.946179971e+02 +1.693679971e+02 +1.693679971e+02 -1.2657e+00 +8.7191e-01 -7.3253e-01 -2.1488e+00 -3.5539e+00 +3.1741e+00 +3.7163e-01 +7.1050e-01 +3.3779e+00 -1.5772e+00 +9.0841e-01 -2.0823e-01 +2.7048e+00 -7.2853e-01 -3.4800e-01 +3.5165e+00 -1.1648e-01 +2.2951e+00 -2.9360e+00 +3.2485e+00
5 +9.703774215e+01 +9.703774215e+01 +7.178774215e+01 +7.178774215e+01 +1.1936e+00 -1.4275e+00 -2.9478e+00 +1.8276e+00 +3.7184e+00 -2.1174e-01 +5.6348e-01 -9.3679e-01 +1.6560e+00 -3.2853e+00 -3.8819e-01 +9.4836e-01 -3.9373e+00 +1.4563e+00 +1.0992e+00 -1.6169e+00 +2.3909e+00 +6.7454e-01 -1.6988e+00 +3.6467e+00
117 +5.043730964e+01 +5.043730964e+01 +2.518730964e+01 +2.518730964e+01 +1.7197e+00 +1.8503e+00 -1.5365e+00 -3.0356e+00 +1.7532e+00 +2.2998e+00 -1.8418e+00 -3.5243e-01 -3.1237e-01 -2.1098e+00 -2.0613e-01 +3.1155e+00 -1.6299e-01 +2.0881e+00 -1.2332e-01 +1.5325e+00 -2.4614e-01 -5.4891e-01 -4.9209e-01 -2.2662e+00
378 +3.960334952e+01 +3.960334952e+01 +1.435334952e+01 +1.435334952e+01 +1.7610e+00 +1.2635e+00 -1.8962e+00 -1.9714e+00 +2.2993e+00 +2.3089e+00 +2.8336e-01 -5.3809e-01 +9.6525e-01 -2.3958e+00 +2.6158e+00 -4.3016e-01 -5.0551e-01 +1.9226e+00 +2.4536e+00 +7.1288e-01 +1.4969e+00 -2.1545e+00 -1.0680e+00 -2.3607e+00
2017 +2.480537534e+01 +2.480537534e+01 -4.446246596e-01 -4.446246596e-01 +2.0301e+00 +8.6785e-01 -1.9962e+00 -1.7899e+00 +2.6549e+00 +1.6212e+00 -1.9761e-01 -6.4321e-01 +1.2779e+00 -2.1976e+00 +2.3903e+00 -1.1120e-01 -1.0632e+00 +1.5992e+00 +2.4578e+00 +7.5741e-01 +9.1315e-01 -1.9086e+00 -8.9567e-01 -1.9564e+00
3397 +1.538648287e+01 +1.538648287e+01 -9.863517125e+00 -9.863517125e+00 +2.5934e+00 +8.5399e-01 -2.0559e+00 -2.0018e+00 +2.6853e+00 +1.1938e+00 -5.6763e-01 -7.0817e-01 +1.3307e+00 -2.2981e+00 +2.4983e+00 +2.7394e-01 -1.3100e+00 +1.1499e+00 +2.4462e+00 +7.9729e-01 +6.2435e-01 -1.6831e+00 -4.4547e-01 -1.8606e+00
4656 +9.974162346e+00 +9.974162346e+00 -1.527583765e+01 -1.527583765e+01 +2.9372e+00 +3.8914e-01 -1.8751e+00 -2.0629e+00 +2.8071e+00 +7.3937e-01 -6.6093e-01 -7.4562e-01 +1.6195e+00 -2.5848e+00 +2.5817e+00 +5.0319e-01 -1.5991e+00 +8.6412e-01 +2.1892e+00 +6.5133e-01 +4.7360e-01 -1.3938e+00 +5.0460e-02 -1.6977e+00
6286 +6.097322899e+00 +6.097322899e+00 -1.915267710e+01 -1.915267710e+01 +2.9675e+00 +3.6186e-01 -1.9098e+00 -2.0908e+00 +3.0626e+00 +2.9800e-01 -1.0195e+00 -1.2085e+00 +1.3303e+00 -2.8420e+00 +2.6652e+00 +5.8435e-01 -1.7044e+00 +8.5839e-01 +2.2194e+00 +5.4308e-01 +1.5840e-01 -1.2375e+00 +5.3389e-01 -1.5860e+00
6814 +3.928341185e+00 +3.928341185e+00 -2.132165881e+01 -2.132165881e+01 +3.0719e+00 +2.4454e-01 -1.6813e+00 -2.1792e+00 +3.1184e+00 +1.5816e-01 -1.3092e+00 -1.3034e+00 +1.3739e+00 -2.8917e+00 +2.4883e+00 +5.9125e-01 -1.9370e+00 +6.8224e-01 +2.1317e+00 +5.4027e-01 -8.2207e-02 -1.1906e+00 +4.3521e-01 -1.5386e+00
7929 +2.251521089e+00 +2.251521089e+00 -2.299847891e+01 -2.299847891e+01 +3.2668e+00 +4.2295e-01 -1.6776e+00 -2.4534e+00 +3.3400e+00 +3.1200e-01 -1.7585e+00 -1.4271e+00 +1.3662e+00 -2.8489e+00 +2.4109e+00 +5.5215e-01 -2.1483e+00 +6.3360e-01 +2.1936e+00 +3.2615e-01 -3.5353e-01 -1.1719e+00 +4.9084e-01 -1.2930e+00
8320 +1.528271225e+00 +1.528271225e+00 -2.372172878e+01 -2.372172878e+01 +3.1760e+00 +4.6102e-01 -1.6073e+00 -2.1236e+00 +3.2485e+00 -1.4189e-02 -1.7879e+00 -1.5162e+00 +1.3379e+00 -2.7915e+00 +2.6412e+00 +7.0616e-01 -2.1942e+00 +5.5901e-01 +2.1701e+00 +2.0488e-01 -5.1341e-01 -1.2709e+00 +4.7018e-01 -1.3753e+00
8837 +9.662921410e-01 +9.662921410e-01 -2.428370786e+01 -2.428370786e+01 +3.2868e+00 +3.4502e-01 -1.5461e+00 -2.0689e+00 +3.2622e+00 -9.4504e-02 -1.9851e+00 -1.5104e+00 +1.6511e+00 -2.7223e+00 +2.8083e+00 +1.0104e+00 -2.2670e+00 +4.0049e-01 +2.1408e+00 +3.0279e-01 -5.3267e-01 -1.4306e+00 +3.3186e-01 -1.2290e+00
9444 +6.119135922e-01 +6.119135922e-01 -2.463808641e+01 -2.463808641e+01 +3.5490e+00 +4.4852e-01 -1.4659e+00 -2.0694e+00 +3.1546e+00 -6.6887e-02 -1.9844e+00 -1.7545e+00 +1.5256e+00 -2.8219e+00 +2.7489e+00 +9.2375e-01 -2.3750e+00 +2.9279e-01 +2.1143e+00 +3.6229e-01 -5.4233e-01 -1.4332e+00 +4.5871e-01 -1.3520e+00
9959 +3.818026410e-01 +3.818026410e-01 -2.486819736e+01 -2.486819736e+01 +3.4573e+00 +3.9956e-01 -1.3266e+00 -2.1954e+00 +3.1597e+00 -1.1692e-01 -2.1905e+00 -1.6909e+00 +1.4720e+00 -2.6266e+00 +2.7230e+00 +9.6043e-01 -2.4918e+00 +2.9991e-01 +2.0411e+00 +2.6453e-01 -6.2499e-01 -1.4299e+00 +3.6202e-01 -1.3162e+00
10687 +2.427368875e-01 +2.427368875e-01 -2.500726311e+01 -2.500726311e+01 +3.6530e+00 +4.4035e-01 -1.2179e+00 -2.2400e+00 +3.2939e+00 -2.4195e-01 -2.2673e+00 -1.8150e+00 +1.2652e+00 -2.5815e+00 +2.7104e+00 +9.4520e-01 -2.5054e+00 +7.4191e-02 +1.9626e+00 +3.9271e-01 -7.5063e-01 -1.3192e+00 +3.7140e-01 -1.2713e+00
10947 +1.478192006e-01 +1.478192006e-01 -2.510218080e+01 -2.510218080e+01 +3.6443e+00 +4.6772e-01 -1.4644e+00 -2.1931e+00 +3.3938e+00 -9.3444e-02 -2.3836e+00 -1.7749e+00 +1.2620e+00 -2.6287e+00 +2.5948e+00 +9.9562e-01 -2.5459e+00 +1.1862e-01 +1.8920e+00 +4.7022e-01 -5.8332e-01 -1.3981e+00 +4.6060e-01 -1.1768e+00
12459 +9.648269486e-02 +9.648269486e-02 -2.515351731e+01 -2.515351731e+01 +3.5235e+00 +5.7311e-01 -1.3390e+00 -2.1097e+00 +3.2403e+00 -2.3460e-03 -2.4607e+00 -1.8653e+00 +1.3356e+00 -2.7311e+00 +2.5351e+00 +1.1661e+00 -2.6378e+00 +8.9834e-02 +2.0507e+00 +2.9746e-01 -7.9135e-01 -1.4001e+00 +3.7788e-01 -1.1272e+00
14490 +5.411671405e-02 +5.411671405e-02 -2.519588329e+01 -2.519588329e+01 +3.6584e+00 +5.8706e-01 -1.4501e+00 -2.1474e+00 +3.3432e+00 -1.3355e-01 -2.4411e+00 -1.7982e+00 +1.3497e+00 -2.7108e+00 +2.6500e+00 +1.0663e+00 -2.6333e+00 +1.6857e-01 +1.9870e+00 +3.0605e-01 -5.4365e-01 -1.3810e+00 +3.1956e-01 -1.1885e+00
% function evaluation | noise-free fitness - Fopt (2.230000000000e+00) | best noise-free fitness - Fopt | measured fitness | best measured fitness | x1 | x2...
1 +2.333037213e+02 +2.333037213e+02 +2.355337213e+02 +2.355337213e+02 +3.9912e+00 +3.0211e+00 -2.2701e+00 +5.9633e-01 -2.7657e+00 -7.9823e-01 +2.8785e+00 +5.9302e-01 +1.7515e-01 -5.0153e-01 -9.0696e-01 +1.3746e+00 +1.9958e+00 +3.9731e+00 +3.8865e+00 -2.0620e+00 -5.8786e-01 +1.9653e+00 -2.2857e+00 +7.1057e-01
4 +1.314826434e+02 +1.314826434e+02 +1.337126434e+02 +1.337126434e+02 +3.3384e+00 -2.3001e+00 +2.3734e+00 -2.3878e+00 -1.7724e+00 -1.3764e+00 +1.7065e+00 -1.1657e+00 -7.9989e-01 +2.7531e+00 +1.4482e+00 -2.2439e+00 +2.8575e+00 -3.2932e+00 -3.1643e+00 +1.3519e+00 -7.5096e-01 +2.7758e+00 +2.5922e+00 -5.3200e-01
26 +7.241290478e+01 +7.241290478e+01 +7.464290478e+01 +7.464290478e+01 +2.8544e+00 -1.9062e+00 +2.5779e+00 -2.2037e+00 -4.3052e-01 -1.2997e+00 -1.3113e+00 -2.4843e+00 -7.3040e-01 -6.0958e-02 +1.7607e+00 -2.5997e+00 +1.9392e+00 -2.3213e+00 -3.1502e+00 -1.9265e+00 +2.2610e+00 +6.9317e-01 -1.2848e+00 -1.2479e+00
806 +6.280711591e+01 +6.280711591e+01 +6.503711591e+01 +6.503711591e+01 +2.7356e+00 -2.0159e+00 +2.3216e+00 -2.1304e+00 -3.2365e-01 -1.4778e+00 -1.4951e+00 -2.4993e+00 -7.4688e-01 +6.7488e-03 +1.5130e+00 -2.3886e+00 +1.7457e+00 -2.2454e+00 -2.9958e+00 -2.0999e+00 +2.1880e+00 +8.1766e-01 -1.1138e+00 -9.3745e-01
3576 +3.965165443e+01 +3.965165443e+01 +4.188165443e+01 +4.188165443e+01 +3.1075e+00 -2.2411e+00 +1.7693e+00 -2.1874e+00 +4.6453e-01 -2.1587e+00 -1.4806e+00 -2.5287e+00 -7.6715e-01 -5.7573e-02 +9.1923e-01 -2.0407e+00 +2.0442e+00 -2.2668e+00 -2.8857e+00 -2.9833e+00 +2.3471e+00 +6.8646e-01 -1.0584e+00 -4.3477e-02
5722 +2.504899538e+01 +2.504899538e+01 +2.727899538e+01 +2.727899538e+01 +3.2152e+00 -1.9105e+00 +1.3885e+00 -1.8279e+00 +1.1641e+00 -2.3382e+00 -1.7511e+00 -2.4625e+00 -6.0400e-01 +1.9467e-01 +4.9738e-01 -1.8711e+00 +1.9857e+00 -2.5194e+00 -2.7836e+00 -3.1417e+00 +2.3046e+00 +4.2659e-01 -4.8628e-01 +7.8532e-01
7104 +1.583170902e+01 +1.583170902e+01 +1.806170902e+01 +1.806170902e+01 +3.2180e+00 -1.9463e+00 +1.1299e+00 -2.1351e+00 +1.6338e+00 -2.5778e+00 -1.9539e+00 -2.4120e+00 -5.5219e-01 +6.9554e-01 +2.6717e-01 -1.6572e+00 +1.9109e+00 -2.2785e+00 -2.3990e+00 -3.6067e+00 +2.3497e+00 +5.5353e-01 -1.1212e-01 +1.1141e+00
8497 +9.460729798e+00 +9.460729798e+00 +1.169072980e+01 +1.169072980e+01 +3.3147e+00 -2.2817e+00 +8.5986e-01 -2.0362e+00 +2.2158e+00 -3.0133e+00 -2.1060e+00 -2.3373e+00 -4.2160e-01 +6.2042e-01 +1.3303e-03 -1.3543e+00 +1.8438e+00 -2.4019e+00 -2.3025e+00 -3.5838e+00 +2.5005e+00 +5.5667e-01 +1.9650e-01 +1.2824e+00
9604 +6.236586675e+00 +6.236586675e+00 +8.466586675e+00 +8.466586675e+00 +3.4397e+00 -2.3559e+00 +5.8476e-01 -1.9864e+00 +2.5742e+00 -2.9148e+00 -2.2758e+00 -2.3906e+00 -3.2121e-01 +7.1474e-01 -2.6844e-01 -1.2109e+00 +1.8775e+00 -2.5018e+00 -2.2638e+00 -3.7846e+00 +2.7058e+00 +4.4730e-01 +4.9752e-01 +1.5118e+00
10721 +3.972750885e+00 +3.972750885e+00 +6.202750885e+00 +6.202750885e+00 +3.5438e+00 -2.3820e+00 +3.4079e-01 -1.9944e+00 +2.9177e+00 -3.0326e+00 -2.1261e+00 -2.4591e+00 -2.0412e-01 +8.7587e-01 -3.4227e-01 -1.0067e+00 +1.9561e+00 -2.2322e+00 -2.4334e+00 -3.6730e+00 +2.8871e+00 +5.6835e-01 +6.7313e-01 +1.6597e+00
11386 +2.377294832e+00 +2.377294832e+00 +4.607294832e+00 +4.607294832e+00 +3.5314e+00 -2.2620e+00 +2.8528e-01 -2.0550e+00 +2.9634e+00 -3.0618e+00 -2.1205e+00 -2.4673e+00 -2.2787e-01 +9.1931e-01 -4.5554e-01 -8.0783e-01 +1.9020e+00 -2.0850e+00 -2.0882e+00 -3.7989e+00 +2.9145e+00 +5.9212e-01 +9.3544e-01 +2.1037e+00
12107 +1.546313070e+00 +1.546313070e+00 +3.776313070e+00 +3.776313070e+00 +3.4645e+00 -2.3689e+00 +2.7449e-01 -1.9173e+00 +3.1600e+00 -3.2106e+00 -2.1077e+00 -2.4498e+00 -3.3654e-01 +9.7202e-01 -6.6827e-01 -8.0068e-01 +1.8972e+00 -2.0294e+00 -1.8949e+00 -3.9230e+00 +2.9420e+00 +6.8382e-01 +1.1185e+00 +2.0521e+00
12510 +9.808530964e-01 +9.808530964e-01 +3.210853096e+00 +3.210853096e+00 +3.5929e+00 -2.3604e+00 +2.3741e-01 -2.1744e+00 +3.4749e+00 -3.3701e+00 -2.2057e+00 -2.4501e+00 -1.5859e-01 +9.8526e-01 -6.0734e-01 -8.1468e-01 +1.6999e+00 -1.9137e+00 -2.0983e+00 -3.9456e+00 +2.7827e+00 +7.5659e-01 +1.0791e+00 +2.2004e+00
12770 +5.809852009e-01 +5.809852009e-01 +2.810985201e+00 +2.810985201e+00 +3.7811e+00 -2.3028e+00 +1.5711e-01 -2.1878e+00 +3.4770e+00 -3.5052e+00 -2.2558e+00 -2.3046e+00 -1.7502e-01 +8.9312e-01 -8.7937e-01 -8.7813e-01 +1.6800e+00 -1.8899e+00 -1.9023e+00 -3.9417e+00 +3.0059e+00 +8.7738e-01 +1.1986e+00 +2.3123e+00
13154 +3.930258308e-01 +3.930258308e-01 +2.623025831e+00 +2.623025831e+00 +3.8229e+00 -2.3767e+00 +9.6574e-02 -2.1055e+00 +3.4870e+00 -3.4456e+00 -2.2444e+00 -2.4418e+00 -1.6459e-01 +1.1052e+00 -7.7060e-01 -6.5772e-01 +1.6331e+00 -1.7687e+00 -1.9705e+00 -3.8725e+00 +3.0656e+00 +9.4111e-01 +1.2268e+00 +2.3467e+00
13750 +2.481881428e-01 +2.481881428e-01 +2.478188143e+00 +2.478188143e+00 +3.8651e+00 -2.3270e+00 +4.9690e-02 -1.9261e+00 +3.6008e+00 -3.6794e+00 -2.0504e+00 -2.3862e+00 -2.7531e-01 +1.1594e+00 -7.7782e-01 -5.9386e-01 +1.5554e+00 -1.7648e+00 -2.0971e+00 -3.8922e+00 +3.0663e+00 +8.8778e-01 +1.3696e+00 +2.4234e+00
14276 +1.412398935e-01 +1.412398935e-01 +2.371239893e+00 +2.371239893e+00 +3.8322e+00 -2.4284e+00 +9.8823e-02 -1.7831e+00 +3.6298e+00 -3.7427e+00 -2.0087e+00 -2.3952e+00 -2.3019e-01 +1.0490e+00 -8.9259e-01 -6.0047e-01 +1.5970e+00 -1.9195e+00 -1.7912e+00 -3.9470e+00 +2.9781e+00 +9.3647e-01 +1.3145e+00 +2.3766e+00
14408 +9.690543146e-02 +9.690543146e-02 +2.326905431e+00 +2.326905431e+00 +3.8515e+00 -2.3459e+00 -7.0685e-04 -1.7240e+00 +3.6463e+00 -3.6701e+00 -2.1087e+00 -2.4686e+00 -1.4142e-01 +1.1151e+00 -9.3446e-01 -5.8222e-01 +1.6579e+00 -1.9993e+00 -1.8831e+00 -4.0024e+00 +3.0112e+00 +9.4381e-01 +1.4033e+00 +2.4615e+00
16768 +5.833409198e-02 +5.833409198e-02 +2.288334092e+00 +2.288334092e+00 +3.9632e+00 -2.3339e+00 -8.8301e-02 -1.7919e+00 +3.7396e+00 -3.8108e+00 -2.2477e+00 -2.4623e+00 -1.4796e-02 +1.1619e+00 -9.3388e-01 -5.6269e-01 +1.6771e+00 -2.0224e+00 -1.8628e+00 -4.0174e+00 +2.8964e+00 +1.0531e+00 +1.3293e+00 +2.4219e+00
26547 +3.598154082e-02 +3.598154082e-02 +2.265981541e+00 +2.265981541e+00 +3.9133e+00 -2.2792e+00 -5.8019e-02 -1.8354e+00 +3.7547e+00 -3.7919e+00 -2.2539e+00 -2.5144e+00 -1.1128e-01 +1.2199e+00 -9.2634e-01 -6.5360e-01 +1.5553e+00 -1.8644e+00 -1.8380e+00 -4.0023e+00 +2.9308e+00 +9.1421e-01 +1.2969e+00 +2.4279e+00
% function evaluation | noise-free fitness - Fopt (-1.308000000000e+01) | best noise-free fitness - Fopt | measured fitness | best measured fitness | x1 | x2...
1 +1.324843857e+02 +1.324843857e+02 +1.194043857e+02 +1.194043857e+02 +1.9737e+00 -2.9485e+00 +2.3863e-02 +8.3410e-01 -1.7165e+00 -2.5678e+00 -1.5611e+00 -3.3870e-01 -2.6381e+00 -3.6533e+00 -1.2665e+00 +3.0434e+00 +1.2916e+00 +3.0283e+00 -3.3651e+00 +3.0883e+00 +1.6853e-01 -2.0372e-01 +3.3051e-01 +3.0610e+00
37 +9.714707752e+01 +9.714707752e+01 +8.406707752e+01 +8.406707752e+01 -7.5810e-02 -1.6666e+00 +2.8716e-01 +2.3456e+00 -3.3810e+00 -1.4651e+00 +9.7390e-01 +4.4798e-01 -2.6556e+00 -2.5338e+00 -1.1634e+00 +2.1127e+00 +5.1214e-01 +2.5280e+00 +7.4745e-01 +3.0576e+00 -1.4692e+00 -1.6211e-01 +4.4012e-01 +3.2876e-01
377 +6.201960947e+01 +6.201960947e+01 +4.893960947e+01 +4.893960947e+01 +9.9300e-01 +1.1401e+00 +1.5991e+00 +7.6594e-01 -2.1985e+00 -1.7056e+00 -7.1006e-01 -6.5458e-01 -1.7842e+00 -1.2132e+00 +2.1707e+00 -9.2083e-01 -1.8873e+00 +9.0682e-01 -9.4945e-01 -3.2562e+00 -9.6243e-01 +6.3107e-01 +8.1150e-01 +4.5624e-01
2752 +3.960723258e+01 +3.960723258e+01 +2.652723258e+01 +2.652723258e+01 +6.0908e-01 +1.2585e+00 +9.6795e-01 +3.2412e+00 -2.8802e+00 -2.6577e+00 +3.0927e-01 -9.7554e-01 -2.1689e+00 -8.3869e-01 +1.9672e+00 -2.1930e+00 +2.0134e+00 +1.8772e+00 +1.0436e+00 -2.6400e+00 -7.8915e-02 +5.8900e-02 +2.7115e+00 +6.7218e-01
4873 +2.487516337e+01 +2.487516337e+01 +1.179516337e+01 +1.179516337e+01 +2.9095e-01 +6.3744e-01 +1.6066e+00 +3.3436e+00 -3.1922e+00 -2.9837e+00 +4.1614e-01 -1.3906e+00 -1.6451e+00 -1.3906e+00 +2.4490e+00 -2.0691e+00 +2.1151e+00 +1.6673e+00 +1.2860e+00 -2.8019e+00 -1.4317e-01 +4.8576e-01 +2.2900e+00 +9.4088e-01
6633 +1.572407279e+01 +1.572407279e+01 +2.644072788e+00 +2.644072788e+00 +3.3196e-01 -8.5486e-02 +2.1516e+00 +3.2972e+00 -3.3575e+00 -2.9377e+00 +7.6411e-01 -1.5367e+00 -1.4010e+00 -1.7336e+00 +2.2161e+00 -1.8306e+00 +1.8925e+00 +1.4931e+00 +1.0609e+00 -2.8444e+00 -2.0992e-01 +3.6299e-01 +1.9982e+00 +1.1955e+00
8012 +9.671170337e+00 +9.671170337e+00 -3.408829663e+00 -3.408829663e+00 -4.1515e-02 -4.6428e-01 +2.6590e+00 +3.3638e+00 -3.2281e+00 -2.9687e+00 +6.3710e-01 -1.6827e+00 -9.1183e-01 -2.0558e+00 +2.1213e+00 -2.0078e+00 +2.0381e+00 +1.3949e+00 +7.2858e-01 -2.7171e+00 -1.7807e-01 +4.2588e-01 +1.4342e+00 +1.4814e+00
8796 +5.898086200e+00 +5.898086200e+00 -7.181913800e+00 -7.181913800e+00 +4.3126e-02 -8.0327e-01 +2.6860e+00 +3.4060e+00 -2.9440e+00 -3.1228e+00 +8.0790e-01 -1.7763e+00 -6.3956e-01 -2.2593e+00 +2.4372e+00 -1.8639e+00 +1.7465e+00 +1.2068e+00 +6.7415e-01 -2.3766e+00 -2.0246e-01 +3.8186e-01 +1.2680e+00 +1.7332e+00
9679 +3.957451896e+00 +3.957451896e+00 -9.122548104e+00 -9.122548104e+00 +1.2659e-01 -1.0227e+00 +2.9313e+00 +3.5643e+00 -2.7476e+00 -3.1496e+00 +9.6647e-01 -1.7055e+00 -5.2389e-01 -2.4159e+00 +2.3631e+00 -1.8788e+00 +1.6765e+00 +1.2561e+00 +7.1840e-01 -2.4516e+00 -3.0286e-01 +7.2882e-01 +1.2052e+00 +1.8784e+00
10328 +2.311561056e+00 +2.311561056e+00 -1.076843894e+01 -1.076843894e+01 +9.3808e-02 -1.4302e+00 +3.0122e+00 +3.6021e+00 -2.7096e+00 -3.1284e+00 +1.2990e+00 -1.6430e+00 -2.4644e-01 -2.5436e+00 +2.4805e+00 -1.8973e+00 +1.7247e+00 +1.0931e+00 +8.0728e-01 -2.3511e+00 -3.3644e-01 +6.5797e-01 +1.3287e+00 +1.9255e+00
11163 +1.572149750e+00 +1.572149750e+00 -1.150785025e+01 -1.150785025e+01 +2.2546e-01 -1.5119e+00 +3.1078e+00 +3.7095e+00 -2.6407e+00 -2.9691e+00 +1.4742e+00 -1.8884e+00 -4.3110e-01 -2.7902e+00 +2.3918e+00 -1.7851e+00 +1.8026e+00 +1.0781e+00 +7.7415e-01 -2.3579e+00 -3.9619e-01 +7.0237e-01 +1.4909e+00 +2.0686e+00
11565 +9.644135869e-01 +9.644135869e-01 -1.211558641e+01 -1.211558641e+01 +8.4460e-02 -1.7245e+00 +3.1175e+00 +3.7202e+00 -2.4775e+00 -2.8493e+00 +1.4179e+00 -2.0412e+00 -3.8109e-01 -3.0335e+00 +2.3548e+00 -1.6798e+00 +1.9725e+00 +9.8367e-01 +6.6546e-01 -2.3085e+00 -4.7711e-01 +7.1604e-01 +1.2634e+00 +2.0843e+00
12412 +6.134807027e-01 +6.134807027e-01 -1.246651930e+01 -1.246651930e+01 +8.6416e-02 -1.7600e+00 +3.2167e+00 +3.5403e+00 -2.3764e+00 -2.9802e+00 +1.5461e+00 -2.1813e+00 -2.2438e-01 -2.9273e+00 +2.3707e+00 -1.6042e+00 +1.8659e+00 +7.9964e-01 +5.8304e-01 -2.3415e+00 -4.3257e-01 +8.3694e-01 +1.2235e+00 +2.2324e+00
12683 +3.259487944e-01 +3.259487944e-01 -1.275405121e+01 -1.275405121e+01 +1.3922e-01 -1.7845e+00 +3.2320e+00 +3.6588e+00 -2.2422e+00 -2.8468e+00 +1.4767e+00 -1.9759e+00 -1.4135e-01 -3.1299e+00 +2.6237e+00 -1.5252e+00 +2.0328e+00 +1.0039e+00 +6.5907e-01 -2.3091e+00 -2.9487e-01 +8.4047e-01 +1.1926e+00 +2.2503e+00
12812 +2.460521475e-01 +2.460521475e-01 -1.283394785e+01 -1.283394785e+01 +5.5390e-02 -1.8633e+00 +3.3039e+00 +3.6121e+00 -2.2068e+00 -2.7490e+00 +1.4732e+00 -2.0603e+00 -4.1463e-02 -3.1596e+00 +2.6489e+00 -1.4878e+00 +2.1256e+00 +9.8233e-01 +6.5307e-01 -2.2637e+00 -2.7354e-01 +8.8201e-01 +1.2472e+00 +2.2665e+00
13336 +1.490380463e-01 +1.490380463e-01 -1.293096195e+01 -1.293096195e+01 +1.2131e-01 -1.8207e+00 +3.4393e+00 +3.6716e+00 -2.3592e+00 -2.8306e+00 +1.5492e+00 -1.9328e+00 +9.0405e-02 -3.0888e+00 +2.6998e+00 -1.4537e+00 +2.0105e+00 +8.6804e-01 +6.4940e-01 -2.2396e+00 -2.2684e-01 +7.0143e-01 +1.1817e+00 +2.2809e+00
13921 +9.638705954e-02 +9.638705954e-02 -1.298361294e+01 -1.298361294e+01 +1.9332e-01 -1.9183e+00 +3.5199e+00 +3.6818e+00 -2.4069e+00 -2.8856e+00 +1.6693e+00 -1.9817e+00 +1.6256e-01 -3.1020e+00 +2.7407e+00 -1.3219e+00 +2.1115e+00 +8.6369e-01 +5.6643e-01 -2.1837e+00 -3.1757e-01 +7.3233e-01 +1.2934e+00 +2.4136e+00
14465 +6.239634981e-02 +6.239634981e-02 -1.301760365e+01 -1.301760365e+01 +1.5854e-01 -1.9377e+00 +3.5008e+00 +3.7105e+00 -2.3788e+00 -2.8676e+00 +1.5705e+00 -2.0430e+00 +8.4339e-02 -3.1426e+00 +2.6785e+00 -1.3768e+00 +2.0899e+00 +9.2512e-01 +6.0313e-01 -2.0955e+00 -2.5440e-01 +9.4728e-01 +1.2135e+00 +2.5445e+00
17901 +3.924373944e-02 +3.924373944e-02 -1.304075626e+01 -1.304075626e+01 +2.2891e-01 -1.9400e+00 +3.5306e+00 +3.4951e+00 -2.4011e+00 -2.9091e+00 +1.6703e+00 -2.0717e+00 +1.2984e-01 -3.1527e+00 +2.6372e+00 -1.4677e+00 +1.9796e+00 +8.3396e-01 +6.1745e-01 -2.1950e+00 -3.9997e-01 +8.6415e-01 +1.1526e+00 +2.4032e+00
% function evaluation | noise-free fitness - Fopt (2.671600000000e+02) | best noise-free fitness - Fopt | measured fitness | best measured fitness | x1 | x2...
1 +2.041405036e+02 +2.041405036e+02 +4.713005036e+02 +4.713005036e+02 -2.5368e+00 +1.3591e+00 +3.1910e+00 +1.2672e+00 -2.7970e+00 -3.6911e+00 +1.6650e+00 -3.6638e+00 -2.1913e-01 -3.6484e+00 +1.1361e+00 -8.1090e-01 +6.4191e-01 -1.5483e-01 -2.0491e+00 +3.3166e+00 +8.5759e-01 +3.4842e-03 -1.7786e-02 +8.5280e-01
5 +1.453986277e+02 +1.453986277e+02 +4.125586277e+02 +4.125586277e+02 -3.5305e+00 -1.9045e+00 +1.6754e+00 -3.2796e+00 -1.7826e-02 +4.3357e-01 +6.9143e-02 +7.2262e-01 +8.1167e-01 +1.3582e+00 +2.3921e+00 +1.8443e-01 -5.7813e-01 -2.9918e+00 +4.6457e-01 +3.4413e+00 +1.5552e+00 -1.8458e+00 +4.4129e-01 -5.6611e-01
47 +4.437456058e+01 +4.437456058e+01 +3.115345606e+02 +3.115345606e+02 -1.1318e+00 -2.7433e+00 -2.5481e+00 -2.8240e+00 +2.3125e+00 +2.9256e-01 +5.4016e-01 +7.6910e-01 -2.9263e+00 +4.6377e-01 -3.6401e+00 +2.6002e-01 -2.1027e+00 -3.1775e+00 -1.6904e+00 -3.6404e-01 +2.1053e-01 -2.1401e-01 +1.7111e+00 -2.6105e+00
591 +3.840584597e+01 +3.840584597e+01 +3.055658460e+02 +3.055658460e+02 -1.1204e+00 -2.6314e+00 -2.5755e+00 -2.6548e+00 +2.3870e+00 +3.6998e-03 +6.0883e-01 +5.1440e-01 -2.9251e+00 +6.7367e-01 -3.4463e+00 +3.9727e-01 -1.9307e+00 -3.1492e+00 -1.5651e+00 -4.3923e-01 +7.0333e-02 -5.4179e-02 +1.4754e+00 -2.4227e+00
2383 +2.495249846e+01 +2.495249846e+01 +2.921124985e+02 +2.921124985e+02 -1.6054e+00 -2.8613e+00 -2.4612e+00 -2.6254e+00 +2.8447e+00 -2.0943e-01 +6.8415e-01 -9.7600e-02 -3.0917e+00 +8.2150e-01 -3.3387e+00 +2.5610e-01 -1.8055e+00 -2.8387e+00 -2.1504e+00 +5.9887e-02 -3.3161e-01 +5.2507e-01 +1.4528e+00 -2.1438e+00
4008 +1.571756433e+01 +1.571756433e+01 +2.828775643e+02 +2.828775643e+02 -1.9233e+00 -2.7981e+00 -2.5587e+00 -2.4815e+00 +2.9214e+00 -8.8671e-01 +9.0161e-01 -3.8729e-01 -3.0047e+00 +9.5743e-01 -3.1285e+00 +4.0376e-01 -1.2291e+00 -2.3388e+00 -2.1848e+00 -1.5115e-02 -3.3960e-01 +1.0234e+00 +1.2870e+00 -2.1946e+00
5641 +9.765273701e+00 +9.765273701e+00 +2.769252737e+02 +2.769252737e+02 -2.2222e+00 -3.3267e+00 -2.8448e+00 -2.5431e+00 +3.1556e+00 -1.0393e+00 +9.7644e-01 -6.9627e-01 -2.9059e+00 +1.3395e+00 -2.9405e+00 +4.4513e-01 -8.5643e-01 -2.6332e+00 -2.4422e+00 +2.4540e-01 -5.8437e-01 +1.1928e+00 +1.0189e+00 -2.2925e+00
6762 +6.300884544e+00 +6.300884544e+00 +2.734608845e+02 +2.734608845e+02 -2.3253e+00 -3.6304e+00 -3.2830e+00 -2.5134e+00 +3.0403e+00 -1.2032e+00 +9.9182e-01 -1.1098e+00 -3.2141e+00 +1.4013e+00 -2.6248e+00 +2.5586e-01 -3.7623e-01 -2.6448e+00 -2.6978e+00 +4.2851e-01 -4.5826e-01 +1.1210e+00 +9.4464e-01 -2.6469e+00
7288 +3.963655671e+00 +3.963655671e+00 +2.711236557e+02 +2.711236557e+02 -2.5389e+00 -3.5191e+00 -3.4289e+00 -2.2779e+00 +3.0686e+00 -1.2715e+00 +7.8859e-01 -1.3919e+00 -3.2483e+00 +1.4198e+00 -2.7654e+00 +5.5522e-01 -3.8635e-01 -2.5070e+00 -2.7416e+00 +4.8917e-01 -5.3284e-01 +1.5674e+00 +8.6185e-01 -2.4954e+00
8271 +2.442017833e+00 +2.442017833e+00 +2.696020178e+02 +2.696020178e+02 -2.5904e+00 -3.5666e+00 -3.4303e+00 -2.2476e+00 +2.8598e+00 -1.5253e+00 +1.1430e+00 -1.5893e+00 -3.3762e+00 +1.3416e+00 -2.8593e+00 +7.1283e-01 -5.0565e-02 -2.3403e+00 -2.7234e+00 +8.2846e-01 -5.5441e-01 +1.8449e+00 +7.5254e-01 -2.1107e+00
8807 +1.495468273e+00 +1.495468273e+00 +2.686554683e+02 +2.686554683e+02 -2.5908e+00 -3.4992e+00 -3.4526e+00 -2.1504e+00 +3.1338e+00 -1.5535e+00 +1.2353e+00 -1.6467e+00 -3.4134e+00 +1.3209e+00 -2.6774e+00 +4.7901e-01 -1.3072e-02 -2.3809e+00 -2.9067e+00 +6.4966e-01 -7.2471e-01 +1.9886e+00 +5.0568e-01 -2.2158e+00
9268 +9.609272036e-01 +9.609272036e-01 +2.681209272e+02 +2.681209272e+02 -2.7207e+00 -3.6048e+00 -3.6109e+00 -2.1391e+00 +3.1782e+00 -1.6539e+00 +1.2192e+00 -1.8015e+00 -3.2449e+00 +1.2988e+00 -2.5458e+00 +5.8801e-01 +1.7200e-01 -2.2827e+00 -2.9146e+00 +7.2996e-01 -8.2917e-01 +2.0511e+00 +5.2909e-01 -2.2758e+00
9798 +5.827151433e-01 +5.827151433e-01 +2.677427151e+02 +2.677427151e+02 -2.7315e+00 -3.8032e+00 -3.4614e+00 -2.2132e+00 +3.2717e+00 -1.8016e+00 +1.0431e+00 -1.8540e+00 -3.3452e+00 +1.2291e+00 -2.3456e+00 +3.8838e-01 +3.6835e-01 -2.2207e+00 -2.7698e+00 +7.9170e-01 -9.8445e-01 +2.3279e+00 +5.1837e-01 -2.3275e+00
10044 +3.518990691e-01 +3.518990691e-01 +2.675118991e+02 +2.675118991e+02 -2.7708e+00 -3.7296e+00 -3.4284e+00 -2.0885e+00 +3.1880e+00 -1.9233e+00 +1.0159e+00 -1.9676e+00 -3.3536e+00 +1.3722e+00 -2.2307e+00 +4.1217e-01 +2.5450e-01 -2.2446e+00 -2.7997e+00 +9.1801e-01 -9.5172e-01 +2.4313e+00 +4.3085e-01 -2.2175e+00
10302 +2.478578619e-01 +2.478578619e-01 +2.674078579e+02 +2.674078579e+02 -2.7647e+00 -3.7361e+00 -3.4292e+00 -2.0040e+00 +3.1726e+00 -1.9025e+00 +1.2565e+00 -2.0431e+00 -3.4648e+00 +1.4065e+00 -2.1248e+00 +3.9723e-01 +2.3425e-01 -2.0335e+00 -2.7667e+00 +8.2646e-01 -8.9191e-01 +2.5303e+00 +5.6813e-01 -2.2062e+00
10910 +1.370564341e-01 +1.370564341e-01 +2.672970564e+02 +2.672970564e+02 -2.8639e+00 -3.6172e+00 -3.5984e+00 -1.9244e+00 +3.1722e+00 -1.9685e+00 +1.1883e+00 -2.1985e+00 -3.5399e+00 +1.5915e+00 -2.2042e+00 +4.8086e-01 +3.8973e-01 -1.9117e+00 -2.8553e+00 +7.8497e-01 -9.6680e-01 +2.4475e+00 +4.7041e-01 -2.3343e+00
11178 +9.463269273e-02 +9.463269273e-02 +2.672546327e+02 +2.672546327e+02 -2.9641e+00 -3.5833e+00 -3.4908e+00 -1.8825e+00 +3.3172e+00 -1.8081e+00 +1.1358e+00 -2.0679e+00 -3.5634e+00 +1.5237e+00 -2.2677e+00 +5.0153e-01 +3.4420e-01 -1.8627e+00 -2.8601e+00 +8.1217e-01 -8.8304e-01 +2.5117e+00 +5.9782e-01 -2.3292e+00
11837 +5.391762075e-02 +5.391762075e-02 +2.672139176e+02 +2.672139176e+02 -2.9102e+00 -3.7314e+00 -3.5268e+00 -1.8796e+00 +3.3099e+00 -1.7845e+00 +1.0869e+00 -2.1699e+00 -3.6179e+00 +1.4808e+00 -2.2383e+00 +5.4060e-01 +2.9683e-01 -2.0189e+00 -2.9431e+00 +8.7715e-01 -8.1874e-01 +2.4606e+00 +4.1589e-01 -2.1909e+00
21686 +3.776471776e-02 +3.776471776e-02 +2.671977647e+02 +2.671977647e+02 -2.9449e+00 -3.6485e+00 -3.4304e+00 -1.8987e+00 +3.3585e+00 -1.8463e+00 +1.0612e+00 -2.1107e+00 -3.6777e+00 +1.5219e+00 -2.1727e+00 +4.1564e-01 +3.5082e-01 -1.9771e+00 -2.8449e+00 +8.2476e-01 -8.9704e-01 +2.4110e+00 +3.9105e-01 -2.2393e+00
% function evaluation | noise-free fitness - Fopt (3.710000000000e+00) | best noise-free fitness - Fopt | measured fitness | best measured fitness | x1 | x2...
1 +2.897358314e+02 +2.897358314e+02 +2.934458314e+02 +2.934458314e+02 +1.3724e+00 +3.9308e+00 -1.9470e+00 +3.2712e+00 +1.8100e+00 -2.9431e+00 -4.9849e-02 -2.9573e+00 +2.3039e-01 -3.2064e+00 +3.1097e+00 -2.1993e+00 -7.8196e-01 -1.6962e-01 +3.5838e+00 +1.7597e+00 +2.2077e+00 +3.6754e+00 -3.4682e+00 -3.9291e+00
2 +1.858229086e+02 +1.858229086e+02 +1.895329086e+02 +1.895329086e+02 -3.9188e+00 -3.1492e+00 -1.0110e+00 +2.3938e+00 +3.5042e+00 -2.8076e+00 +7.6977e-01 -6.0351e-01 +3.6133e+00 +2.1485e+00 -3.6730e+00 +8.9752e-01 -1.4901e+00 -1.9998e+00 -1.2567e+00 -3.6876e+00 +1.4201e+00 -1.7157e+00 -1.5445e+00 -3.7026e+00
9 +1.159443124e+02 +1.159443124e+02 +1.196543124e+02 +1.196543124e+02 +1.9264e+00 +9.0804e-01 -2.4550e-01 -5.9028e-01 +2.7370e-01 -2.4456e+00 -3.4833e+00 +1.6978e+00 +1.2957e+00 -3.4299e+00 -1.3513e+00 -3.2945e-01 +1.0038e+00 -2.1403e+00 -2.8334e+00 +2.1812e+00 -2.7715e+00 +1.1413e+00 -2.6716e+00 -1.9653e+00
18 +9.273062179e+01 +9.273062179e+01 +9.644062179e+01 +9.644062179e+01 +2.9416e+00 -2.2145e+00 +3.0512e+00 -7.4922e-03 -3.2726e-02 +2.4335e+00 +2.0316e+00 +1.1995e+00 +1.9486e-01 -2.0300e+00 -1.7829e+00 -8.4995e-01 -2.2262e+00 +2.9141e-01 -5.4005e-02 +5.0125e-01 +6.2575e-01 -1.2591e+00 -3.5234e-01 +3.0345e+00
1194 +6.250168943e+01 +6.250168943e+01 +6.621168943e+01 +6.621168943e+01 +3.1427e+00 -2.1328e+00 +1.7912e+00 -1.5870e+00 +3.2257e+00 +2.5941e+00 +1.4659e+00 +2.3665e+00 +8.8510e-01 -1.6059e+00 -1.6501e+00 -3.3872e-01 -2.0765e+00 -1.0115e+00 -2.9116e-01 -8.8176e-01 +7.7598e-01 +1.1983e+00 -2.5063e+00 +1.4448e+00
4221 +3.979879577e+01 +3.979879577e+01 +4.350879577e+01 +4.350879577e+01 +3.3529e+00 -2.1521e+00 +1.2898e+00 -1.8298e+00 +2.9038e+00 +2.3172e+00 +6.4933e-01 +2.5410e+00 +1.3126e+00 -1.6589e+00 -1.5078e+00 -1.2146e+00 -2.0327e+00 -8.9965e-01 -6.4147e-01 -1.5305e+00 +2.6663e-01 +9.3034e-01 -2.8841e+00 +1.0413e+00
6711 +2.509294214e+01 +2.509294214e+01 +2.880294214e+01 +2.880294214e+01 +3.7816e+00 -2.2519e+00 +1.3075e+00 -1.7682e+00 +2.4548e+00 +2.1872e+00 -1.8566e-02 +2.4534e+00 +1.3572e+00 -1.3152e+00 -1.4247e+00 -1.8362e+00 -1.5911e+00 -9.4756e-01 -9.4269e-01 -1.7171e+00 +3.8857e-01 +2.4254e-01 -2.9519e+00 +4.9177e-01
8360 +1.563290576e+01 +1.563290576e+01 +1.934290576e+01 +1.934290576e+01 +3.6443e+00 -2.4440e+00 +1.2449e+00 -1.6281e+00 +1.9578e+00 +2.2462e+00 -4.0540e-01 +2.8661e+00 +1.4283e+00 -1.3342e+00 -1.3968e+00 -2.0545e+00 -1.4927e+00 -1.0649e+00 -1.3341e+00 -2.1743e+00 +1.1029e-03 -1.3005e-01 -3.2287e+00 +1.1164e-01
9617 +9.823992429e+00 +9.823992429e+00 +1.353399243e+01 +1.353399243e+01 +3.7213e+00 -2.5256e+00 +1.1432e+00 -1.8397e+00 +1.5200e+00 +1.9610e+00 -6.7607e-01 +2.8291e+00 +1.4696e+00 -1.1755e+00 -1.2408e+00 -2.2950e+00 -1.6094e+00 -6.7204e-01 -1.5557e+00 -2.5013e+00 -1.5141e-01 -4.2028e-01 -3.3557e+00 +3.5954e-03
10731 +6.053662249e+00 +6.053662249e+00 +9.763662249e+00 +9.763662249e+00 +3.7838e+00 -2.5006e+00 +8.9916e-01 -1.9841e+00 +1.3367e+00 +1.7940e+00 -1.0033e+00 +2.8812e+00 +1.5053e+00 -9.6231e-01 -1.1859e+00 -2.6502e+00 -1.5243e+00 -5.1056e-01 -1.4582e+00 -2.9035e+00 -3.5882e-01 -5.6321e-01 -3.3451e+00 -1.6550e-01
11632 +3.922890048e+00 +3.922890048e+00 +7.632890048e+00 +7.632890048e+00 +3.8122e+00 -2.6748e+00 +9.0137e-01 -1.9328e+00 +1.1911e+00 +1.8473e+00 -1.0173e+00 +3.2551e+00 +1.3657e+00 -6.5933e-01 -1.1465e+00 -2.6836e+00 -1.3950e+00 -4.7617e-01 -1.5498e+00 -3.2394e+00 -4.0220e-01 -8.3162e-01 -3.3973e+00 -4.3130e-01
12498 +2.449174035e+00 +2.449174035e+00 +6.159174035e+00 +6.159174035e+00 +3.9026e+00 -2.9852e+00 +1.0240e+00 -1.8934e+00 +1.1014e+00 +1.8950e+00 -1.0560e+00 +3.0848e+00 +1.5681e+00 -7.8809e-01 -1.1611e+00 -2.6424e+00 -1.0807e+00 -5.7070e-01 -1.7180e+00 -3.4362e+00 -3.6676e-01 -1.1385e+00 -3.3212e+00 -6.4705e-01
13021 +1.532852040e+00 +1.532852040e+00 +5.242852040e+00 +5.242852040e+00 +3.8270e+00 -3.0743e+00 +8.8772e-01 -1.8361e+00 +9.5432e-01 +1.7794e+00 -1.2785e+00 +3.2913e+00 +1.5990e+00 -8.1443e-01 -1.0699e+00 -2.7609e+00 -1.1587e+00 -5.3898e-01 -1.8452e+00 -3.5100e+00 -4.7087e-01 -1.2654e+00 -3.3395e+00 -6.8213e-01
13746 +8.300933240e-01 +8.300933240e-01 +4.540093324e+00 +4.540093324e+00 +3.8077e+00 -3.0845e+00 +9.2430e-01 -1.9707e+00 +1.0819e+00 +1.6929e+00 -1.5675e+00 +3.2347e+00 +1.8186e+00 -1.1005e+00 -1.1333e+00 -2.8272e+00 -1.0283e+00 -4.9172e-01 -1.7554e+00 -3.8415e+00 -6.9436e-01 -1.3980e+00 -3.3619e+00 -7.6411e-01
14007 +6.301918880e-01 +6.301918880e-01 +4.340191888e+00 +4.340191888e+00 +3.9400e+00 -3.0913e+00 +1.1026e+00 -2.0625e+00 +9.7716e-01 +1.6264e+00 -1.5578e+00 +3.0727e+00 +1.6894e+00 -9.4508e-01 -1.2092e+00 -2.8182e+00 -1.0519e+00 -3.3126e-01 -1.6780e+00 -3.8863e+00 -5.9311e-01 -1.5606e+00 -3.3404e+00 -8.5774e-01
14532 +3.867425710e-01 +3.867425710e-01 +4.096742571e+00 +4.096742571e+00 +3.9229e+00 -3.1377e+00 +7.8758e-01 -2.1088e+00 +1.0028e+00 +1.5843e+00 -1.8069e+00 +3.3722e+00 +1.7583e+00 -1.0076e+00 -1.3181e+00 -2.8784e+00 -8.3747e-01 -2.9373e-01 -1.6813e+00 -3.7137e+00 -8.2988e-01 -1.6776e+00 -3.4408e+00 -7.9736e-01
15251 +2.453061191e-01 +2.453061191e-01 +3.955306119e+00 +3.955306119e+00 +3.8984e+00 -3.1147e+00 +7.6383e-01 -1.9760e+00 +9.6231e-01 +1.3244e+00 -1.7782e+00 +3.1632e+00 +1.7612e+00 -8.1313e-01 -1.1764e+00 -3.0133e+00 -8.8801e-01 -2.8910e-01 -1.6930e+00 -3.8454e+00 -7.1426e-01 -1.7063e+00 -3.2923e+00 -9.3238e-01
15397 +1.065186093e-01 +1.065186093e-01 +3.816518609e+00 +3.816518609e+00 +3.9110e+00 -3.1254e+00 +9.0483e-01 -2.0517e+00 +7.4709e-01 +1.4196e+00 -1.8333e+00 +3.2022e+00 +1.8099e+00 -9.3244e-01 -1.2779e+00 -2.9869e+00 -9.1098e-01 -1.3837e-01 -1.7617e+00 -3.8241e+00 -9.0866e-01 -1.7326e+00 -3.2551e+00 -1.0361e+00
18151 +9.174700705e-02 +9.174700705e-02 +3.801747007e+00 +3.801747007e+00 +3.7969e+00 -3.2456e+00 +8.4260e-01 -2.0499e+00 +6.2603e-01 +1.4013e+00 -1.8134e+00 +3.2280e+00 +1.7515e+00 -8.8242e-01 -1.0193e+00 -2.9825e+00 -9.1456e-01 -2.9298e-01 -1.8082e+00 -3.8963e+00 -8.9391e-01 -1.7963e+00 -3.4261e+00 -9.4074e-01
20044 +4.200310770e-02 +4.200310770e-02 +3.752003108e+00 +3.752003108e+00 +4.0079e+00 -3.2467e+00 +8.6016e-01 -1.9364e+00 +6.0117e-01 +1.4941e+00 -1.8690e+00 +3.1224e+00 +1.8469e+00 -8.2918e-01 -1.1515e+00 -2.8830e+00 -8.9470e-01 -2.0155e-01 -1.7513e+00 -3.9155e+00 -9.7638e-01 -1.7313e+00 -3.3732e+00 -1.0103e+00
% function evaluation | noise-free fitness - Fopt (9.478000000000e+01) | best noise-free fitness - Fopt | measured fitness | best measured fitness | x1 | x2...
1 +2.399642392e+02 +2.399642392e+02 +3.347442392e+02 +3.347442392e+02 -1.0300e+00 +2.1448e+00 +3.7389e+00 +3.8382e+00 +1.2638e+00 -4.3670e-01 -9.7963e-01 -1.3464e+00 +1.0129e+00 +3.8198e+00 +4.4647e-03 -1.6339e+00 +2.6221e+00 -1.1648e+00 -3.7798e+00 +1.5124e+00 -1.4404e+00 -3.1086e+00 +1.4004e+00 +3.4229e+00
15 +1.555338429e+02 +1.555338429e+02 +2.503138429e+02 +2.503138429e+02 +5.5671e-01 -1.5159e+00 +3.7474e+00 +5.2311e-01 +3.8703e+00 -2.9097e+00 +2.5751e+00 +2.6074e+00 +6.4920e-01 -3.3489e+00 +1.1055e+00 +1.9499e+00 -2.3038e+00 -1.2763e+00 +1.9312e-01 +3.7900e+00 +1.9663e+00 +5.0366e-01 +3.0137e+00 +2.0640e+00
21 +9.600641651e+01 +9.600641651e+01 +1.907864165e+02 +1.907864165e+02 +7.1642e-01 -2.3653e+00 +2.8997e+00 -6.7912e-01 +9.6964e-01 -1.2990e+00 +6.2174e-01 +1.3834e+00 +4.7153e-01 -2.3757e+00 +2.1479e-01 -2.1677e-01 -1.2704e+00 -2.1766e+00 -3.8042e+00 +7.8723e-01 -1.6488e+00 +1.8561e+00 +3.1899e+00 -1.2514e+00
94 +6.150271264e+01 +6.150271264e+01 +1.562827126e+02 +1.562827126e+02 -1.2367e+00 -1.2315e+00 +2.5494e+00 -2.8246e+00 +1.9077e+00 -1.6327e+00 +1.4586e-01 -6.3931e-01 +2.2255e-03 +2.5942e+00 +5.3961e-01 -2.0835e+00 -3.6793e+00 -5.2903e-01 -2.4071e+00 -1.0553e+00 +2.1279e+00 +1.2681e+00 +2.2846e+00 +3.3982e-01
2383 +3.944901680e+01 +3.944901680e+01 +1.342290168e+02 +1.342290168e+02 -6.1972e-01 -1.6052e+00 +2.6619e+00 -2.9211e+00 +1.6760e+00 -1.2730e+00 +8.3338e-01 -1.0183e-03 +6.9182e-01 +2.6572e+00 +2.7512e-01 -1.8310e+00 -3.2819e+00 -3.7030e-01 -1.9204e+00 -1.3719e+00 +1.9131e+00 +1.4479e+00 +2.0941e+00 -1.7516e-01
4608 +2.498835537e+01 +2.498835537e+01 +1.197683554e+02 +1.197683554e+02 -5.2885e-01 -1.8903e+00 +3.0316e+00 -3.1634e+00 +1.5968e+00 -8.7542e-01 +1.4230e+00 +4.8637e-01 +1.1973e+00 +2.9487e+00 +3.0804e-01 -1.5586e+00 -3.0941e+00 -6.2012e-01 -1.8706e+00 -1.8106e+00 +1.8475e+00 +1.5589e+00 +2.0860e+00 -6.5660e-01
6265 +1.562191309e+01 +1.562191309e+01 +1.104019131e+02 +1.104019131e+02 -2.3943e-01 -1.9928e+00 +3.2500e+00 -2.9816e+00 +1.6557e+00 -5.1600e-01 +1.8506e+00 +7.7275e-01 +1.8203e+00 +2.8481e+00 +2.7146e-01 -1.4039e+00 -2.6885e+00 -9.6221e-01 -1.8108e+00 -2.0941e+00 +1.5788e+00 +2.0277e+00 +1.7175e+00 -8.7270e-01
7623 +9.446304678e+00 +9.446304678e+00 +1.042263047e+02 +1.042263047e+02 -1.1869e-01 -2.4320e+00 +3.5608e+00 -2.8684e+00 +1.8853e+00 -2.3370e-01 +2.0734e+00 +1.1926e+00 +2.1537e+00 +2.8019e+00 +2.8143e-01 -1.2884e+00 -2.2608e+00 -8.7048e-01 -1.6820e+00 -2.4580e+00 +1.6199e+00 +2.2314e+00 +1.8185e+00 -1.2160e+00
8666 +6.305902985e+00 +6.305902985e+00 +1.010859030e+02 +1.010859030e+02 -1.4259e-02 -2.4880e+00 +3.5990e+00 -3.1067e+00 +2.1474e+00 -2.7757e-01 +2.3167e+00 +1.3671e+00 +2.1931e+00 +2.8754e+00 +4.5251e-01 -1.4125e+00 -2.0150e+00 -1.0390e+00 -1.6793e+00 -2.7025e+00 +1.6905e+00 +2.2479e+00 +1.8469e+00 -1.6844e+00
9653 +3.901129647e+00 +3.901129647e+00 +9.868112965e+01 +9.868112965e+01 +2.3056e-01 -2.4378e+00 +3.8226e+00 -3.0848e+00 +2.1441e+00 -4.0565e-01 +2.6154e+00 +1.5117e+00 +2.5748e+00 +2.9511e+00 +2.2597e-01 -1.1620e+00 -1.9963e+00 -1.2012e+00 -1.4260e+00 -2.6814e+00 +1.7335e+00 +2.3601e+00 +1.9004e+00 -1.8195e+00
10305 +2.434224522e+00 +2.434224522e+00 +9.721422452e+01 +9.721422452e+01 +3.8761e-01 -2.6495e+00 +3.8881e+00 -3.3674e+00 +2.2396e+00 -3.4428e-01 +2.7997e+00 +1.7019e+00 +2.8796e+00 +2.9720e+00 +3.6591e-01 -1.1255e+00 -1.9548e+00 -1.2730e+00 -1.6452e+00 -2.7693e+00 +1.7135e+00 +2.2889e+00 +1.7778e+00 -1.7833e+00
10903 +1.573468562e+00 +1.573468562e+00 +9.635346856e+01 +9.635346856e+01 +4.6625e-01 -2.7997e+00 +4.0313e+00 -3.5115e+00 +2.1784e+00 -2.0728e-01 +3.0013e+00 +1.9028e+00 +2.8812e+00 +2.9369e+00 +3.3733e-01 -9.1317e-01 -1.7790e+00 -1.2833e+00 -1.5551e+00 -2.8861e+00 +1.7253e+00 +2.3870e+00 +1.8161e+00 -1.8957e+00
11169 +9.669674081e-01 +9.669674081e-01 +9.574696741e+01 +9.574696741e+01 +5.6677e-01 -2.9274e+00 +3.9832e+00 -3.3849e+00 +2.3111e+00 -3.1724e-01 +3.1009e+00 +1.8871e+00 +3.0324e+00 +3.0534e+00 +3.2403e-01 -7.5350e-01 -1.8398e+00 -1.4392e+00 -1.4720e+00 -2.8568e+00 +1.7340e+00 +2.3406e+00 +1.8111e+00 -1.9493e+00
11568 +5.851678395e-01 +5.851678395e-01 +9.536516784e+01 +9.536516784e+01 +7.0462e-01 -2.8856e+00 +3.7683e+00 -3.3749e+00 +2.5074e+00 -3.1237e-01 +3.3626e+00 +2.0004e+00 +3.1891e+00 +3.2004e+00 +3.2486e-01 -7.8213e-01 -1.7519e+00 -1.4770e+00 -1.3891e+00 -2.8579e+00 +1.7352e+00 +2.3149e+00 +1.7946e+00 -2.0056e+00
12165 +3.903097538e-01 +3.903097538e-01 +9.517030975e+01 +9.517030975e+01 +8.9029e-01 -2.9107e+00 +3.8468e+00 -3.2875e+00 +2.4161e+00 -3.0147e-01 +3.5774e+00 +2.0344e+00 +2.9860e+00 +3.1830e+00 +4.0365e-01 -6.6849e-01 -1.8943e+00 -1.4626e+00 -1.2420e+00 -2.9078e+00 +1.7552e+00 +2.1300e+00 +1.9399e+00 -2.0922e+00
12568 +2.437064732e-01 +2.437064732e-01 +9.502370647e+01 +9.502370647e+01 +8.3452e-01 -2.9836e+00 +3.8364e+00 -3.4180e+00 +2.5572e+00 -2.4766e-01 +3.5479e+00 +1.9138e+00 +3.1348e+00 +3.1354e+00 +4.8765e-01 -7.3299e-01 -1.7361e+00 -1.5731e+00 -1.3247e+00 -2.7801e+00 +1.7331e+00 +2.2528e+00 +1.8209e+00 -2.1111e+00
12935 +1.578529681e-01 +1.578529681e-01 +9.493785297e+01 +9.493785297e+01 +7.8742e-01 -3.1608e+00 +3.8355e+00 -3.4128e+00 +2.5462e+00 -1.4024e-01 +3.6725e+00 +1.9610e+00 +3.0827e+00 +3.2097e+00 +4.5813e-01 -6.7287e-01 -1.7420e+00 -1.7425e+00 -1.1820e+00 -2.7773e+00 +1.7245e+00 +2.1202e+00 +1.9344e+00 -2.0957e+00
13212 +9.887478717e-02 +9.887478717e-02 +9.487887479e+01 +9.487887479e+01 +8.8358e-01 -3.2445e+00 +3.8629e+00 -3.4580e+00 +2.4423e+00 -8.8223e-02 +3.7072e+00 +1.9623e+00 +3.1766e+00 +3.1954e+00 +5.4547e-01 -7.6324e-01 -1.6717e+00 -1.7974e+00 -1.1408e+00 -2.8665e+00 +1.7696e+00 +2.1761e+00 +1.9263e+00 -2.2522e+00
17483 +5.966447093e-02 +5.966447093e-02 +9.483966447e+01 +9.483966447e+01 +1.0225e+00 -3.1811e+00 +3.9030e+00 -3.4704e+00 +2.5320e+00 -1.3272e-01 +3.6349e+00 +1.9011e+00 +3.1162e+00 +3.0935e+00 +5.1909e-01 -6.6763e-01 -1.6240e+00 -1.7456e+00 -1.2996e+00 -2.9999e+00 +1.8408e+00 +1.9402e+00 +1.9364e+00 -2.1116e+00
% function evaluation | noise-free fitness - Fopt (2.339200000000e+02) | best noise-free fitness - Fopt | measured fitness | best measured fitness | x1 | x2...
1 +1.826662260e+02 +1.826662260e+02 +4.165862260e+02 +4.165862260e+02 -7.2449e-02 +3.4706e+00 -3.5932e+00 +1.1282e+00 -4.3693e-01 -2.8153e+00 +3.8945e+00 -5.5876e-01 -2.6226e+00 -1.6320e+00 -1.7875e+00 -3.3365e+00 -3.9603e+00 -2.2336e+00 -3.3167e+00 -2.0135e+00 +1.9469e+00 -9.3276e-01 -1.4532e+00 -1.3830e+00
4 +6.589921710e+01 +6.589921710e+01 +2.998192171e+02 +2.998192171e+02 -1.2972e+00 +3.5304e+00 -1.8961e+00 -6.3403e-01 -2.1250e+00 +3.7837e+00 -1.7686e+00 -3.0893e+00 -9.2728e-01 -1.1065e+00 -3.2954e+00 +1.2217e+00 -1.1995e+00 -7.6582e-01 +9.2981e-01 +2.0741e+00 +2.3377e+00 -1.3173e+00 -1.9891e+00 +9.5928e-01
38 +5.383793284e+01 +5.383793284e+01 +2.877579328e+02 +2.877579328e+02 -5.9378e-01 +2.2182e-01 -3.0394e+00 -6.7016e-01 -2.0627e+00 +2.1738e+00 -2.0080e+00 -2.1502e+00 +3.9317e-01 +1.1112e+00 -2.2785e+00 +1.5114e+00 -1.1951e+00 +8.8703e-01 -1.7979e+00 +2.8566e+00 +1.8047e+00 -9.1658e-01 -2.0062e+00 +1.7789e+00
1532 +3.974273915e+01 +3.974273915e+01 +2.736627392e+02 +2.736627392e+02 -1.3310e+00 +1.0189e+00 -2.2029e+00 -7.7926e-01 -1.7042e+00 +2.8192e+00 -1.7809e+00 -1.8886e+00 +1.4303e-01 +7.7932e-01 -2.9234e+00 +1.2584e+00 -1.1166e+00 +6.9302e-01 -1.0638e+00 +2.9380e+00 +1.7947e+00 -7.7948e-01 -1.8480e+00 +1.3133e+00
3369 +2.480543190e+01 +2.480543190e+01 +2.587254319e+02 +2.587254319e+02 -2.3283e+00 +1.6921e+00 -3.5553e+00 -7.2209e-01 +7.2236e-01 +2.2184e+00 +1.4435e+00 +1.1823e+00 -6.1743e-01 +2.1987e+00 -1.5462e+00 +7.7293e-01 -1.3384e+00 -2.5222e-01 +1.6310e-01 +3.2113e+00 +1.2709e+00 -1.2710e+00 +2.2175e-01 +2.5996e+00
5007 +1.562556384e+01 +1.562556384e+01 +2.495455638e+02 +2.495455638e+02 -2.7546e+00 +1.7427e+00 -3.4738e+00 -1.1329e+00 +1.5281e-01 +2.6410e+00 +9.9934e-01 +1.4323e+00 -1.7771e-01 +2.1745e+00 -1.6355e+00 +3.1593e-01 -1.2580e+00 -3.0892e-01 +1.8746e-01 +3.1805e+00 +1.0736e+00 -1.0288e+00 -3.0746e-01 +2.3495e+00
6457 +9.991826329e+00 +9.991826329e+00 +2.439118263e+02 +2.439118263e+02 -2.6586e+00 +8.6369e-01 -2.3357e+00 -1.9541e+00 -1.0675e+00 +3.7539e+00 -3.0067e-01 -4.4518e-01 -4.5322e-02 +1.2886e+00 -2.8824e+00 +3.3916e-01 -6.3929e-01 +6.2376e-01 +3.8434e-03 +3.5176e+00 +1.5446e+00 -1.9894e-01 -2.2028e+00 +1.2794e+00
7632 +6.244512853e+00 +6.244512853e+00 +2.401645129e+02 +2.401645129e+02 -2.9543e+00 +1.4953e+00 -3.4375e+00 -1.8163e+00 -3.5887e-01 +2.8187e+00 +1.0140e+00 +1.0161e+00 -2.3617e-01 +1.8739e+00 -2.1724e+00 -2.6625e-01 -1.1641e+00 -2.4892e-01 +4.2532e-01 +3.3403e+00 +5.6041e-01 -9.7179e-01 -1.0112e+00 +1.7164e+00
8361 +3.816839062e+00 +3.816839062e+00 +2.377368391e+02 +2.377368391e+02 -2.9621e+00 +5.3282e-01 -2.8331e+00 -2.1375e+00 -1.1663e+00 +3.5892e+00 +5.1346e-01 +6.0777e-02 +7.4558e-02 +1.4028e+00 -2.6408e+00 +2.4186e-02 -9.1878e-01 +2.9965e-01 +4.9017e-01 +3.6414e+00 +1.2432e+00 +4.5180e-02 -1.9934e+00 +1.3625e+00
9226 +2.356605883e+00 +2.356605883e+00 +2.362766059e+02 +2.362766059e+02 -3.1642e+00 +5.1401e-01 -2.8819e+00 -2.3328e+00 -1.0469e+00 +3.5675e+00 +6.7600e-01 +2.2203e-01 +2.6175e-01 +1.3823e+00 -2.6498e+00 -1.7041e-01 -1.1764e+00 +3.3552e-01 +6.4965e-01 +3.6253e+00 +1.0256e+00 -7.4785e-02 -2.0588e+00 +1.1973e+00
9783 +1.500999054e+00 +1.500999054e+00 +2.354209991e+02 +2.354209991e+02 -3.1770e+00 +9.5148e-01 -3.1743e+00 -2.3476e+00 -3.7649e-01 +3.0737e+00 +1.1132e+00 +6.3582e-01 +2.2297e-01 +1.7953e+00 -2.2279e+00 -6.0498e-01 -1.1260e+00 -1.1391e-01 +7.9351e-01 +3.5994e+00 +7.8439e-01 -5.7162e-01 -1.6514e+00 +1.4634e+00
10176 +8.623414654e-01 +8.623414654e-01 +2.347823415e+02 +2.347823415e+02 -3.3453e+00 +7.2184e-01 -3.1422e+00 -2.5473e+00 -4.0520e-01 +3.2504e+00 +1.0642e+00 +6.7536e-01 +1.3027e-01 +1.8972e+00 -2.3017e+00 -5.8428e-01 -1.1375e+00 +1.7040e-02 +8.7303e-01 +3.6368e+00 +7.9024e-01 -4.4571e-01 -1.6790e+00 +1.3995e+00
10792 +5.350325323e-01 +5.350325323e-01 +2.344550325e+02 +2.344550325e+02 -3.3096e+00 +7.3449e-01 -3.0700e+00 -2.7049e+00 -3.4799e-01 +3.3259e+00 +1.1930e+00 +7.2595e-01 +1.3442e-01 +1.9523e+00 -2.2922e+00 -5.9781e-01 -1.1194e+00 -1.8360e-02 +8.2980e-01 +3.6913e+00 +6.7720e-01 -2.7869e-01 -1.7606e+00 +1.2726e+00
10928 +3.692729988e-01 +3.692729988e-01 +2.342892730e+02 +2.342892730e+02 -3.3396e+00 +7.0637e-01 -3.0708e+00 -2.7583e+00 -3.5748e-01 +3.4058e+00 +1.2602e+00 +7.3566e-01 +6.4623e-02 +1.9081e+00 -2.3772e+00 -5.8996e-01 -1.1225e+00 -6.8630e-02 +8.6955e-01 +3.6813e+00 +7.2524e-01 -3.5091e-01 -1.7906e+00 +1.2635e+00
11297 +2.001150220e-01 +2.001150220e-01 +2.341201150e+02 +2.341201150e+02 -3.3725e+00 +7.2630e-01 -2.9605e+00 -2.9412e+00 -4.7776e-01 +3.4464e+00 +1.2891e+00 +7.0194e-01 +1.1499e-01 +1.8997e+00 -2.4985e+00 -5.9005e-01 -1.2284e+00 -1.2075e-01 +8.9204e-01 +3.7721e+00 +7.3788e-01 -3.3793e-01 -1.9736e+00 +1.1516e+00
11831 +1.453671452e-01 +1.453671452e-01 +2.340653671e+02 +2.340653671e+02 -3.3239e+00 +7.1501e-01 -2.8858e+00 -3.0250e+00 -3.8459e-01 +3.4696e+00 +1.2517e+00 +6.0830e-01 -3.9156e-02 +1.7171e+00 -2.5301e+00 -6.6215e-01 -1.0515e+00 -1.7047e-01 +9.3907e-01 +3.6077e+00 +6.7919e-01 -3.0528e-01 -2.0737e+00 +1.0787e+00
12294 +9.182123973e-02 +9.182123973e-02 +2.340118212e+02 +2.340118212e+02 -3.3220e+00 +6.6339e-01 -2.9082e+00 -2.9614e+00 -4.6051e-01 +3.4643e+00 +1.3074e+00 +6.7383e-01 +6.7417e-02 +1.8659e+00 -2.5877e+00 -6.7862e-01 -9.5519e-01 -1.4715e-01 +8.3226e-01 +3.7086e+00 +8.8561e-01 -3.3388e-01 -2.0514e+00 +1.1566e+00
14332 +6.061058961e-02 +6.061058961e-02 +2.339806106e+02 +2.339806106e+02 -3.4364e+00 +6.8401e-01 -3.0137e+00 -2.9742e+00 -5.4798e-01 +3.5917e+00 +1.3158e+00 +5.9360e-01 +1.0278e-01 +1.8049e+00 -2.7121e+00 -7.0530e-01 -9.3135e-01 -1.3087e-01 +9.1077e-01 +3.7005e+00 +7.8939e-01 -1.3425e-01 -1.9928e+00 +1.0270e+00
% function evaluation | noise-free fitness - Fopt (-6.092000000000e+01) | best noise-free fitness - Fopt | measured fitness | best measured fitness | x1 | x2...
1 +2.880564561e+02 +2.880564561e+02 +2.271364561e+02 +2.271364561e+02 +1.5372e+00 -2.4463e+00 -1.9421e-01 -1.3434e+00 +1.4259e+00 -3.8319e+00 -2.7521e+00 +2.4016e+00 -6.8539e-01 -1.4828e+00 -1.0275e+00 -3.9622e+00 +3.2244e+00 -3.7192e-01 +2.0909e+00 +2.5195e+00 +2.1252e+00 -1.5378e+00 -1.1088e+00 +1.5943e+00
6 +2.437963047e+02 +2.437963047e+02 +1.828763047e+02 +1.828763047e+02 +2.7432e+00 +3.6499e+00 +1.9093e+00 +3.2780e+00 -1.5015e+00 -3.6048e+00 -3.6458e+00 +1.5299e-01 +1.2486e+00 +2.3200e+00 +3.2859e+00 -2.9060e+00 +6.1300e-01 +1.8951e-02 -4.3996e-01 +5.8008e-01 -3.9306e+00 +2.8962e+00 +2.8499e+00 -3.2570e+00
9 +1.237022273e+02 +1.237022273e+02 +6.278222726e+01 +6.278222726e+01 +2.0620e+00 -1.6297e+00 +3.3731e-01 +2.7643e-01 +6.8238e-01 +1.8791e+00 +9.0494e-01 -3.6946e+00 -8.6725e-01 +1.2431e+00 -3.2616e+00 -4.1773e-01 -2.6947e+00 -9.9256e-01 +3.5395e+00 -9.9871e-01 -8.9006e-02 -7.0344e-01 +2.0093e+00 -3.5523e+00
71 +9.800347347e+01 +9.800347347e+01 +3.708347347e+01 +3.708347347e+01 +1.4010e+00 +3.4049e+00 -4.8697e-01 +6.9589e-01 -1.5276e+00 +1.1736e+00 +2.4708e+00 +1.5651e+00 -6.0460e-01 -5.9719e-02 +2.0249e+00 +4.5926e-01 -2.2461e+00 -2.5002e+00 +3.0722e-01 -8.8388e-01 +2.1054e+00 -1.6320e+00 -3.4268e-01 -3.2669e+00
227 +6.279198959e+01 +6.279198959e+01 +1.871989590e+00 +1.871989590e+00 +1.8205e+00 +1.0999e+00 -3.4443e-01 +7.2507e-02 -1.0677e+00 +1.2428e+00 +1.2130e+00 -2.6918e-01 -1.3177e+00 -3.4744e-01 -1.2267e+00 +1.7524e+00 -2.1376e+00 -2.3495e+00 +1.5368e+00 -9.6028e-01 +1.6874e+00 +3.4634e-01 -8.6417e-02 -3.1230e+00
2636 +3.965938851e+01 +3.965938851e+01 -2.126061149e+01 -2.126061149e+01 +1.6791e+00 +1.4290e+00 +3.6221e-01 -3.3244e-01 -1.4152e+00 +1.5538e+00 +1.1445e+00 +5.0599e-02 -1.5677e+00 -8.6940e-01 -1.4725e+00 +1.7893e+00 -2.5197e+00 -1.9863e+00 +1.2529e+00 -1.6249e+00 +1.7611e+00 +7.4639e-01 +6.3781e-01 -3.3280e+00
4742 +2.480640361e+01 +2.480640361e+01 -3.611359639e+01 -3.611359639e+01 +1.5536e+00 +1.5852e+00 +9.1038e-01 -2.1467e-01 -2.0248e+00 +1.7273e+00 +1.2391e+00 +6.2115e-01 -1.7480e+00 -1.2336e+00 -1.6963e+00 +2.0482e+00 -2.7280e+00 -1.4358e+00 +8.1438e-01 -1.7182e+00 +1.8234e+00 +1.3646e+00 +1.1910e+00 -3.3344e+00
6243 +1.576385224e+01 +1.576385224e+01 -4.515614776e+01 -4.515614776e+01 +1.4158e+00 +1.8105e+00 +1.2771e+00 -4.6273e-01 -2.2528e+00 +1.8049e+00 +1.1022e+00 +1.0221e+00 -1.9080e+00 -1.6033e+00 -1.9175e+00 +2.2066e+00 -2.7328e+00 -1.1338e+00 +6.8210e-01 -2.0489e+00 +1.6405e+00 +1.6324e+00 +1.5826e+00 -2.8543e+00
7637 +9.661989441e+00 +9.661989441e+00 -5.125801056e+01 -5.125801056e+01 +1.2660e+00 +2.2593e+00 +1.9280e+00 -7.9339e-01 -2.2293e+00 +1.4535e+00 +1.1409e+00 +7.2195e-01 -2.0055e+00 -1.6879e+00 -1.9119e+00 +2.7300e+00 -3.0748e+00 -8.4818e-01 +6.3287e-01 -2.6100e+00 +1.5105e+00 +1.5178e+00 +1.7618e+00 -2.7808e+00
8795 +6.085665099e+00 +6.085665099e+00 -5.483433490e+01 -5.483433490e+01 +9.6725e-01 +2.2181e+00 +2.3316e+00 -6.2698e-01 -2.3009e+00 +1.8576e+00 +1.0477e+00 +6.2279e-01 -1.8273e+00 -1.6300e+00 -1.7600e+00 +2.2926e+00 -3.3125e+00 -5.3558e-01 +5.7302e-01 -2.6938e+00 +1.2784e+00 +1.6387e+00 +2.2679e+00 -2.6163e+00
9652 +3.738003651e+00 +3.738003651e+00 -5.718199635e+01 -5.718199635e+01 +9.7670e-01 +2.1656e+00 +2.6376e+00 -6.1830e-01 -2.4748e+00 +1.9664e+00 +8.5335e-01 +4.7392e-01 -1.8907e+00 -2.1670e+00 -1.9472e+00 +2.2430e+00 -3.3750e+00 -4.5770e-01 +6.6954e-01 -2.9726e+00 +1.4132e+00 +1.7548e+00 +2.3773e+00 -2.4546e+00
10179 +2.484701434e+00 +2.484701434e+00 -5.843529857e+01 -5.843529857e+01 +1.0310e+00 +2.3631e+00 +2.6722e+00 -8.5775e-01 -2.5109e+00 +1.9350e+00 +8.9079e-01 +8.1060e-01 -2.1671e+00 -2.2430e+00 -2.1197e+00 +2.2647e+00 -3.5669e+00 -2.9413e-01 +4.1371e-01 -2.9944e+00 +1.2534e+00 +1.9818e+00 +2.3520e+00 -2.5352e+00
10906 +1.511179805e+00 +1.511179805e+00 -5.940882020e+01 -5.940882020e+01 +1.1208e+00 +2.3813e+00 +2.9845e+00 -1.0188e+00 -2.4222e+00 +2.2783e+00 +6.3589e-01 +8.2612e-01 -1.9929e+00 -2.3963e+00 -2.1441e+00 +2.2913e+00 -3.6928e+00 -3.7124e-02 +4.8876e-01 -3.0324e+00 +1.3249e+00 +1.9457e+00 +2.6600e+00 -2.3567e+00
11304 +9.418345895e-01 +9.418345895e-01 -5.997816541e+01 -5.997816541e+01 +1.1444e+00 +2.5534e+00 +3.2454e+00 -1.0818e+00 -2.6676e+00 +2.0349e+00 +6.8051e-01 +7.8823e-01 -1.8995e+00 -2.4217e+00 -2.1886e+00 +2.1898e+00 -3.7873e+00 -3.5086e-03 +3.9813e-01 -2.9092e+00 +1.5030e+00 +2.0615e+00 +2.8021e+00 -2.3641e+00
11685 +5.095328020e-01 +5.095328020e-01 -6.041046720e+01 -6.041046720e+01 +1.0953e+00 +2.5694e+00 +3.2795e+00 -1.2357e+00 -2.7345e+00 +1.9781e+00 +9.6491e-01 +7.8193e-01 -1.9815e+00 -2.5670e+00 -2.2487e+00 +2.2143e+00 -3.7383e+00 +9.8289e-02 +2.4210e-01 -3.0369e+00 +1.4494e+00 +2.0053e+00 +2.8105e+00 -2.3478e+00
12157 +3.786102674e-01 +3.786102674e-01 -6.054138973e+01 -6.054138973e+01 +9.9117e-01 +2.6748e+00 +3.3909e+00 -1.0586e+00 -2.6852e+00 +1.9830e+00 +9.9877e-01 +7.9848e-01 -2.0389e+00 -2.5329e+00 -2.3012e+00 +2.1639e+00 -3.7517e+00 +2.4512e-01 +2.4856e-01 -3.1630e+00 +1.4450e+00 +2.0063e+00 +2.9404e+00 -2.4536e+00
12809 +1.985752346e-01 +1.985752346e-01 -6.072142477e+01 -6.072142477e+01 +1.0280e+00 +2.6979e+00 +3.3641e+00 -1.0445e+00 -3.0431e+00 +2.2415e+00 +9.5726e-01 +7.0057e-01 -2.0882e+00 -2.6789e+00 -2.2626e+00 +2.2261e+00 -3.8163e+00 +2.5865e-01 +2.1641e-01 -3.2082e+00 +1.5779e+00 +1.9233e+00 +2.9236e+00 -2.3363e+00
13061 +1.501637735e-01 +1.501637735e-01 -6.076983623e+01 -6.076983623e+01 +1.0145e+00 +2.7037e+00 +3.4524e+00 -9.8605e-01 -3.0530e+00 +2.0974e+00 +1.0035e+00 +7.9455e-01 -2.0210e+00 -2.6781e+00 -2.3850e+00 +2.3555e+00 -3.7566e+00 +2.8478e-01 +1.3872e-01 -3.2003e+00 +1.6051e+00 +1.9181e+00 +3.0165e+00 -2.2792e+00
13930 +9.773193790e-02 +9.773193790e-02 -6.082226806e+01 -6.082226806e+01 +9.3118e-01 +2.6879e+00 +3.4593e+00 -1.0969e+00 -3.1551e+00 +2.2109e+00 +9.2411e-01 +9.1333e-01 -2.0887e+00 -2.6108e+00 -2.2211e+00 +2.4376e+00 -3.7528e+00 +4.2340e-01 +3.6578e-02 -3.2666e+00 +1.4830e+00 +2.0014e+00 +3.1087e+00 -2.3368e+00
15695 +5.213304576e-02 +5.213304576e-02 -6.086786695e+01 -6.086786695e+01 +8.4801e-01 +2.5939e+00 +3.4465e+00 -1.1244e+00 -3.1577e+00 +2.0927e+00 +9.0919e-01 +1.0715e+00 -2.0910e+00 -2.6080e+00 -2.1563e+00 +2.4112e+00 -3.8030e+00 +2.6583e-01 +1.6626e-01 -3.2933e+00 +1.4602e+00 +1.8552e+00 +3.1231e+00 -2.2914e+00
% function evaluation | noise-free fitness - Fopt (-1.948000000000e+01) | best noise-free fitness - Fopt | measured fitness | best measured fitness | x1 | x2...
1 +1.502618310e+02 +1.502618310e+02 +1.307818310e+02 +1.307818310e+02 +7.8288e-01 +1.3782e+00 -2.7664e-01 +1.2075e+00 +7.5823e-01 +2.2503e+00 -3.7845e+00 +9.1323e-01 -1.8364e+00 -1.9519e+00 -6.5194e-01 -3.6081e-01 -5.8398e-01 -3.4225e+00 +9.0606e-01 +1.6860e+00 -1.0321e+00 +2.6093e+00 -4.0667e-01 +1.0487e+00
4 +7.665380963e+01 +7.665380963e+01 +5.717380963e+01 +5.717380963e+01 +5.0334e-01 +2.1528e+00 -1.6644e+00 +2.5217e-01 +4.5937e-01 +3.2440e+00 -2.6459e+00 -2.9074e+00 -6.7191e-01 +7.5770e-01 -4.1468e-01 -3.8380e+00 +9.7106e-01 +1.8337e+00 +1.5493e+00 +3.6257e-01 -2.9262e+00 -2.1246e-01 +7.3748e-01 +1.4788e-01
674 +6.256128741e+01 +6.256128741e+01 +4.308128741e+01 +4.308128741e+01 +5.6245e-01 +2.0710e+00 -1.4136e+00 +4.7648e-01 +7.3407e-01 +3.0115e+00 -2.7013e+00 -2.1401e+00 -1.1386e+00 +7.4017e-01 -5.0730e-01 -2.9750e+00 +1.0532e+00 +1.9666e+00 +1.5923e+00 +3.0363e-01 -2.7825e+00 +1.9684e+00 +3.3001e-01 +4.9535e-01
3563 +3.979617903e+01 +3.979617903e+01 +2.031617903e+01 +2.031617903e+01 +4.1102e-01 +2.4583e+00 -7.4519e-01 +3.4657e-01 +1.2232e+00 +1.8638e+00 -2.6370e+00 -2.0333e+00 -5.6925e-01 +7.9535e-01 -1.4140e+00 -3.1520e+00 +1.4398e+00 +2.6305e+00 +1.7171e+00 +1.6512e-01 -2.6026e+00 +1.9547e+00 -1.8851e-01 +5.3341e-01
5600 +2.506884970e+01 +2.506884970e+01 +5.588849696e+00 +5.588849696e+00 +3.6632e-01 +2.3408e+00 -2.0223e-01 +5.1526e-01 +1.4302e+00 +1.2610e+00 -2.5396e+00 -2.4350e+00 -1.9836e-01 +1.0380e+00 -1.7078e+00 -3.4839e+00 +2.0497e+00 +2.7257e+00 +1.1571e+00 +2.9443e-02 -2.3782e+00 +2.3998e+00 +4.9599e-02 +5.6572e-01
7578 +1.559118957e+01 +1.559118957e+01 -3.888810434e+00 -3.888810434e+00 -1.2232e-01 +2.2883e+00 +1.1051e-01 +4.5158e-01 +1.8264e+00 +6.1234e-01 -2.1378e+00 -2.5463e+00 +2.4595e-01 +1.3230e+00 -1.9665e+00 -3.4682e+00 +2.3548e+00 +2.9148e+00 +6.2107e-01 +4.9648e-02 -2.3930e+00 +2.6944e+00 +3.5015e-01 +7.3110e-01
9088 +9.591955853e+00 +9.591955853e+00 -9.888044147e+00 -9.888044147e+00 -1.5963e-01 +2.2274e+00 +2.0142e-01 +5.7085e-01 +2.0546e+00 +1.2807e-01 -2.4944e+00 -2.5983e+00 +7.6733e-01 +1.4139e+00 -2.2303e+00 -3.5619e+00 +2.6147e+00 +2.9162e+00 +9.2861e-01 -2.8270e-01 -2.2128e+00 +2.8280e+00 +3.2551e-01 +4.0754e-01
10122 +6.210913269e+00 +6.210913269e+00 -1.326908673e+01 -1.326908673e+01 -3.4247e-01 +2.1370e+00 +2.7114e-01 +8.6224e-01 +2.2579e+00 -1.4235e-01 -2.6578e+00 -2.6027e+00 +1.1122e+00 +1.5973e+00 -2.2392e+00 -3.6301e+00 +2.8234e+00 +2.9924e+00 +1.0270e+00 -4.1857e-01 -2.2041e+00 +2.9126e+00 +2.6676e-01 +5.0187e-01
11121 +3.894331609e+00 +3.894331609e+00 -1.558566839e+01 -1.558566839e+01 -4.4354e-01 +2.2081e+00 +4.3920e-01 +1.1331e+00 +2.5156e+00 -3.2132e-01 -2.6055e+00 -2.5179e+00 +1.1840e+00 +1.3404e+00 -2.5141e+00 -3.7270e+00 +2.9377e+00 +3.0412e+00 +8.4367e-01 -9.0472e-01 -2.1015e+00 +3.0951e+00 +3.4300e-01 +5.4439e-01
12101 +2.489756546e+00 +2.489756546e+00 -1.699024345e+01 -1.699024345e+01 -6.4926e-01 +2.0747e+00 +6.1960e-01 +1.1267e+00 +2.5699e+00 -7.3109e-01 -2.6891e+00 -2.5683e+00 +1.5639e+00 +1.3055e+00 -2.5555e+00 -3.5491e+00 +2.6893e+00 +3.1917e+00 +6.9812e-01 -7.7961e-01 -2.0699e+00 +3.3244e+00 +4.0405e-01 +7.4741e-01
12636 +1.571376867e+00 +1.571376867e+00 -1.790862313e+01 -1.790862313e+01 -7.4221e-01 +2.0709e+00 +6.5237e-01 +1.3397e+00 +2.7160e+00 -7.0347e-01 -2.7236e+00 -2.5100e+00 +1.7311e+00 +1.4928e+00 -2.7934e+00 -3.7186e+00 +3.0121e+00 +2.9057e+00 +7.2441e-01 -6.1780e-01 -1.9486e+00 +3.2387e+00 +2.1020e-01 +9.4779e-01
13143 +9.579521453e-01 +9.579521453e-01 -1.852204785e+01 -1.852204785e+01 -7.8892e-01 +2.0183e+00 +7.7250e-01 +1.3566e+00 +2.9071e+00 -7.4641e-01 -2.8223e+00 -2.5159e+00 +1.7018e+00 +1.5429e+00 -2.8815e+00 -3.7285e+00 +3.1897e+00 +2.9819e+00 +5.9616e-01 -6.7470e-01 -1.9309e+00 +3.2894e+00 +2.8328e-01 +8.8710e-01
13879 +6.057274633e-01 +6.057274633e-01 -1.887427254e+01 -1.887427254e+01 -7.3682e-01 +2.0233e+00 +7.8572e-01 +1.4461e+00 +2.9339e+00 -7.2748e-01 -2.8809e+00 -2.5985e+00 +1.7553e+00 +1.6341e+00 -2.8980e+00 -3.6321e+00 +3.4232e+00 +3.1214e+00 +6.9227e-01 -7.4849e-01 -1.7952e+00 +3.3107e+00 +5.2294e-01 +8.0640e-01
14261 +3.472184153e-01 +3.472184153e-01 -1.913278158e+01 -1.913278158e+01 -9.5407e-01 +1.9844e+00 +7.1487e-01 +1.5868e+00 +3.0527e+00 -8.8747e-01 -3.0251e+00 -2.5714e+00 +1.9168e+00 +1.6247e+00 -2.9479e+00 -3.5459e+00 +3.4617e+00 +3.1903e+00 +5.9038e-01 -8.4338e-01 -1.8636e+00 +3.3600e+00 +5.4655e-01 +8.9165e-01
14789 +2.267695232e-01 +2.267695232e-01 -1.925323048e+01 -1.925323048e+01 -1.0678e+00 +1.9984e+00 +8.1174e-01 +1.6757e+00 +3.1088e+00 -9.0844e-01 -3.0671e+00 -2.7648e+00 +1.9668e+00 +1.6752e+00 -2.9217e+00 -3.4708e+00 +3.3024e+00 +3.2325e+00 +6.3273e-01 -9.4549e-01 -1.7643e+00 +3.4237e+00 +4.5760e-01 +9.2475e-01
15128 +1.499122734e-01 +1.499122734e-01 -1.933008773e+01 -1.933008773e+01 -9.8149e-01 +1.9528e+00 +8.9023e-01 +1.6060e+00 +3.1004e+00 -9.4118e-01 -3.0304e+00 -2.8359e+00 +2.0325e+00 +1.5930e+00 -3.0188e+00 -3.4670e+00 +3.3682e+00 +3.1980e+00 +5.8150e-01 -9.6271e-01 -1.7837e+00 +3.3497e+00 +3.8467e-01 +8.9542e-01
16036 +9.623838264e-02 +9.623838264e-02 -1.938376162e+01 -1.938376162e+01 -1.0187e+00 +2.0339e+00 +9.1371e-01 +1.4780e+00 +3.2274e+00 -9.8110e-01 -2.9663e+00 -2.8106e+00 +2.0817e+00 +1.5948e+00 -2.8909e+00 -3.5906e+00 +3.5204e+00 +3.3234e+00 +4.2985e-01 -1.0494e+00 -1.8517e+00 +3.3120e+00 +3.9023e-01 +9.8521e-01
16893 +6.223705465e-02 +6.223705465e-02 -1.941776295e+01 -1.941776295e+01 -9.5100e-01 +1.9562e+00 +1.0471e+00 +1.4824e+00 +3.1841e+00 -1.1353e+00 -3.0277e+00 -2.7799e+00 +2.0817e+00 +1.6795e+00 -2.9668e+00 -3.5561e+00 +3.4837e+00 +3.2807e+00 +4.1253e-01 -1.0264e+00 -1.6153e+00 +3.3292e+00 +3.2898e-01 +9.5549e-01
28050 +3.850589705e-02 +3.850589705e-02 -1.944149410e+01 -1.944149410e+01 -9.6468e-01 +2.0005e+00 +1.0028e+00 +1.5452e+00 +3.0688e+00 -9.8984e-01 -3.0126e+00 -2.8043e+00 +2.1276e+00 +1.7492e+00 -2.8882e+00 -3.5683e+00 +3.4986e+00 +3.3307e+00 +4.1724e-01 -9.9461e-01 -1.6640e+00 +3.3384e+00 +4.5351e-01 +9.9442e-01
% function evaluation | noise-free fitness - Fopt (1.344700000000e+02) | best noise-free fitness - Fopt | measured fitness | best measured fitness | x1 | x2...
1 +3.514173343e+02 +3.514173343e+02 +4.858873343e+02 +4.858873343e+02 -2.7195e+00 +2.3855e+00 +1.9002e+00 -9.2381e-01 +3.7977e+00 -3.6905e+00 -3.9494e+00 +7.1341e-01 +2.2281e+00 -2.4009e+00 -2.6662e+00 +2.8030e+00 +2.3147e+00 +2.6577e+00 +3.7697e+00 +3.5830e+00 +2.1860e+00 -8.7887e-01 +3.9854e+00 +6.8464e-01
2 +1.808783764e+02 +1.808783764e+02 +3.153483764e+02 +3.153483764e+02 -3.0696e+00 -2.1895e+00 -3.4878e+00 -1.2101e+00 -1.6371e+00 +2.0876e+00 +1.6212e+00 +2.2482e+00 -3.6178e+00 -2.7630e+00 +1.1325e+00 +2.6270e-02 -1.9750e+00 -1.1535e+00 +1.3217e+00 +2.3101e+00 +3.1229e+00 +3.3260e+00 -2.5059e+00 -3.3801e-01
10 +1.305488614e+02 +1.305488614e+02 +2.650188614e+02 +2.650188614e+02 +1.4932e+00 +3.1927e+00 +1.8161e+00 -1.4377e+00 +1.7750e+00 +1.4146e+00 +2.3407e+00 -7.3801e-01 -2.0713e+00 +2.3819e+00 -4.4595e-02 -7.0598e-01 +3.1833e+00 -2.8127e+00 -5.5514e-02 -2.2912e+00 +2.0642e+00 -1.0637e+00 -1.3529e+00 +2.4535e+00
45 +8.595933757e+01 +8.595933757e+01 +2.204293376e+02 +2.204293376e+02 -7.7953e-01 +2.8690e+00 -7.0064e-01 -1.7885e+00 -3.5807e+00 +3.6224e+00 +2.4949e+00 +6.8292e-01 -1.0978e+00 +2.8307e-01 -1.8349e+00 +2.3725e+00 +1.6605e+00 +1.9081e+00 -3.9468e+00 -2.7758e+00 -3.6257e-01 -3.6782e+00 -3.2382e+00 +4.2126e-02
224 +6.298541114e+01 +6.298541114e+01 +1.974554111e+02 +1.974554111e+02 -4.1249e-03 +1.7122e+00 +3.0342e-01 -1.5810e+00 -2.2886e+00 +2.8496e+00 +1.3514e+00 +1.4180e+00 -9.6936e-01 -1.8844e+00 -1.5410e+00 +1.8753e+00 +1.5078e+00 -1.1675e+00 -1.3538e+00 -2.5830e+00 -9.4839e-01 -3.1468e+00 -1.9028e+00 +3.1220e-02
2502 +3.929500955e+01 +3.929500955e+01 +1.737650096e+02 +1.737650096e+02 -1.7229e+00 +2.0152e+00 +3.9632e-01 -1.7530e+00 -2.5764e+00 +2.1669e+00 +2.5928e+00 +4.1848e-01 -1.5014e+00 -1.7353e+00 -7.4504e-01 +1.2266e+00 +8.6792e-01 -5.0697e-01 -1.9448e+00 -2.4848e+00 -4.7518e-01 -3.4235e+00 -2.3395e+00 -6.6059e-01
4863 +2.509904657e+01 +2.509904657e+01 +1.595690466e+02 +1.595690466e+02 -2.1182e+00 +2.3225e+00 +3.2522e-01 -2.1025e+00 -2.4689e+00 +1.7499e+00 +2.4859e+00 -1.3469e-01 -1.9130e+00 -1.7177e+00 -2.4064e-01 +8.1507e-01 +4.5658e-01 -1.1658e+00 -2.0706e+00 -2.3765e+00 -7.6699e-01 -3.5136e+00 -2.4856e+00 -3.3693e-01
6249 +1.576976665e+01 +1.576976665e+01 +1.502397666e+02 +1.502397666e+02 -2.3165e+00 +2.5232e+00 +8.3714e-02 -2.2295e+00 -2.7333e+00 +1.4324e+00 +2.8505e+00 -2.7129e-01 -1.8485e+00 -2.2030e+00 +2.5505e-01 +1.0588e+00 +2.8322e-01 -1.7136e+00 -2.3567e+00 -2.4689e+00 -8.1334e-01 -3.1226e+00 -2.6365e+00 +3.8664e-01
7624 +9.899267451e+00 +9.899267451e+00 +1.443692675e+02 +1.443692675e+02 -2.5463e+00 +2.6312e+00 +2.0698e-01 -2.5069e+00 -2.9944e+00 +1.2956e+00 +2.6187e+00 -4.8144e-01 -2.0840e+00 -2.4589e+00 +4.3111e-01 +9.5525e-01 +2.4975e-01 -2.1027e+00 -2.5049e+00 -1.7461e+00 -9.5815e-01 -3.1773e+00 -2.5313e+00 +5.9775e-01
8273 +6.272847614e+00 +6.272847614e+00 +1.407428476e+02 +1.407428476e+02 -2.8638e+00 +2.8909e+00 +2.6966e-01 -2.5019e+00 -3.0232e+00 +1.0036e+00 +2.6120e+00 -4.8975e-01 -2.5308e+00 -2.5663e+00 +8.8787e-01 +1.0026e+00 +1.0354e-01 -2.3035e+00 -2.4994e+00 -1.7105e+00 -1.0297e+00 -3.2035e+00 -2.3173e+00 +6.1366e-01
9136 +3.829193547e+00 +3.829193547e+00 +1.382991935e+02 +1.382991935e+02 -2.8751e+00 +2.9062e+00 +4.0622e-01 -2.4283e+00 -3.1747e+00 +9.9947e-01 +2.7048e+00 -6.4032e-01 -2.6863e+00 -2.5028e+00 +1.2012e+00 +1.0124e+00 +8.6429e-02 -2.6112e+00 -2.7575e+00 -1.4240e+00 -1.3453e+00 -3.1214e+00 -2.4230e+00 +8.3630e-01
9660 +2.481428053e+00 +2.481428053e+00 +1.369514281e+02 +1.369514281e+02 -3.1063e+00 +2.8785e+00 +4.7731e-01 -2.5492e+00 -3.0210e+00 +6.6750e-01 +2.7360e+00 -7.8557e-01 -2.6412e+00 -2.6898e+00 +1.3208e+00 +9.4675e-01 +1.1385e-01 -2.5899e+00 -3.0081e+00 -1.4007e+00 -1.3656e+00 -3.0797e+00 -2.4945e+00 +9.3842e-01
10047 +1.507973015e+00 +1.507973015e+00 +1.359779730e+02 +1.359779730e+02 -3.2055e+00 +3.0798e+00 +3.9270e-01 -2.4833e+00 -3.2311e+00 +5.6094e-01 +2.5484e+00 -9.1829e-01 -2.7214e+00 -2.6980e+00 +1.4337e+00 +9.2361e-01 +3.3660e-01 -2.7768e+00 -3.1743e+00 -1.4497e+00 -1.4082e+00 -2.9273e+00 -2.4947e+00 +9.4894e-01
10773 +8.120843724e-01 +8.120843724e-01 +1.352820844e+02 +1.352820844e+02 -3.2062e+00 +3.0872e+00 +5.3036e-01 -2.5813e+00 -3.1696e+00 +6.3084e-01 +2.5260e+00 -9.4288e-01 -3.0480e+00 -2.7318e+00 +1.6305e+00 +7.9090e-01 +2.0782e-01 -2.9280e+00 -3.3529e+00 -1.5760e+00 -1.5068e+00 -3.0115e+00 -2.3007e+00 +1.0902e+00
11033 +6.080984432e-01 +6.080984432e-01 +1.350780984e+02 +1.350780984e+02 -3.1511e+00 +2.9807e+00 +4.1104e-01 -2.7171e+00 -3.1998e+00 +4.9605e-01 +2.5325e+00 -9.2893e-01 -3.0611e+00 -2.5684e+00 +1.6927e+00 +7.5293e-01 +2.3823e-01 -2.9058e+00 -3.4066e+00 -1.4421e+00 -1.4337e+00 -3.0773e+00 -2.3751e+00 +1.1926e+00
11295 +3.765529601e-01 +3.765529601e-01 +1.348465530e+02 +1.348465530e+02 -3.1732e+00 +2.9619e+00 +3.7777e-01 -2.5965e+00 -3.2416e+00 +4.0977e-01 +2.5968e+00 -1.1651e+00 -3.0771e+00 -2.6119e+00 +1.8548e+00 +8.7110e-01 +3.0669e-01 -2.8696e+00 -3.5779e+00 -1.5382e+00 -1.4944e+00 -3.1142e+00 -2.2783e+00 +1.2559e+00
11826 +2.296386676e-01 +2.296386676e-01 +1.346996387e+02 +1.346996387e+02 -3.2868e+00 +3.1085e+00 +3.6095e-01 -2.7273e+00 -3.0695e+00 +3.7853e-01 +2.6934e+00 -1.1179e+00 -3.0315e+00 -2.6092e+00 +1.9568e+00 +9.1969e-01 +3.8665e-01 -2.9505e+00 -3.7809e+00 -1.4322e+00 -1.5429e+00 -2.9603e+00 -2.2712e+00 +1.1432e+00
12175 +1.548523608e-01 +1.548523608e-01 +1.346248524e+02 +1.346248524e+02 -3.3386e+00 +3.1244e+00 +3.7020e-01 -2.7189e+00 -3.1418e+00 +2.9417e-01 +2.5979e+00 -1.0575e+00 -3.0513e+00 -2.5760e+00 +2.0182e+00 +1.0067e+00 +3.4480e-01 -2.9988e+00 -3.7215e+00 -1.4653e+00 -1.5819e+00 -2.9928e+00 -2.2266e+00 +1.1974e+00
12700 +9.850942027e-02 +9.850942027e-02 +1.345685094e+02 +1.345685094e+02 -3.1533e+00 +3.1282e+00 +2.5460e-01 -2.7142e+00 -3.1886e+00 +2.6718e-01 +2.4751e+00 -1.1463e+00 -3.2404e+00 -2.8135e+00 +2.0372e+00 +1.0533e+00 +3.3548e-01 -3.0507e+00 -3.7087e+00 -1.4871e+00 -1.6464e+00 -3.1242e+00 -2.2658e+00 +1.2073e+00
13811 +5.178111126e-02 +5.178111126e-02 +1.345217811e+02 +1.345217811e+02 -3.1299e+00 +3.1495e+00 +3.8539e-01 -2.8386e+00 -3.1445e+00 +3.0258e-01 +2.5444e+00 -1.0571e+00 -3.1173e+00 -2.7068e+00 +2.0592e+00 +1.0728e+00 +3.3099e-01 -3.1082e+00 -3.8496e+00 -1.5023e+00 -1.5813e+00 -3.0270e+00 -2.3704e+00 +1.2412e+00
% function evaluation | noise-free fitness - Fopt (4.453500000000e+02) | best noise-free fitness - Fopt | measured fitness | best measured fitness | x1 | x2...
1 +2.267656956e+02 +2.267656956e+02 +6.721156956e+02 +6.721156956e+02 +1.8956e+00 -2.4260e+00 -4.7481e-02 +3.5988e+00 +2.5740e+00 +2.5756e+00 -3.5518e+00 -4.9228e-01 -3.4478e+00 +1.3708e+00 +1.6273e+00 -3.1284e+00 +6.9849e-01 +3.5235e+00 +2.5996e+00 +1.4184e+00 -2.0089e+00 +6.2321e-01 -2.7366e-01 +1.6304e+00
12 +1.495389298e+02 +1.495389298e+02 +5.948889298e+02 +5.948889298e+02 -2.3396e+00 -4.8632e-01 +8.7236e-01 -1.4991e+00 +3.9262e+00 -1.8620e-01 -9.0843e-01 +3.4462e+00 -4.7874e-01 -1.0400e+00 +2.5090e-01 +1.7205e+00 +4.5970e-01 +6.6939e-01 -1.5678e+00 -1.8252e+00 +1.4755e-01 +6.8596e-01 -1.6775e+00 -2.7428e+00
39 +7.813952970e+01 +7.813952970e+01 +5.234895297e+02 +5.234895297e+02 -2.4087e+00 +1.7515e+00 -1.3742e+00 -5.0806e-01 +2.6661e+00 +7.3855e-01 -2.1046e+00 -1.2727e+00 +1.6098e+00 -1.2489e+00 +1.6555e+00 +1.6988e+00 -2.2435e+00 -3.0350e+00 -8.8197e-01 -1.9252e+00 +6.4829e-01 +2.7789e-01 -1.6384e+00 +1.5524e+00
162 +5.101374158e+01 +5.101374158e+01 +4.963637416e+02 +4.963637416e+02 -2.1054e+00 +1.2249e+00 -1.4533e+00 +1.3651e+00 +3.0546e+00 +2.0919e+00 -2.3499e+00 +8.3300e-01 +1.5419e+00 -2.9677e+00 +1.9926e+00 +1.9632e+00 -1.3450e+00 +1.9524e-01 -5.0821e-01 -2.6475e+00 -7.1802e-01 +7.6000e-01 +1.4966e-01 +1.2553e+00
1533 +3.940742759e+01 +3.940742759e+01 +4.847574276e+02 +4.847574276e+02 -2.4470e+00 +1.3172e+00 -1.1815e+00 +1.4056e+00 +3.1341e+00 +2.2455e+00 -2.4686e+00 +1.1640e+00 +1.3954e+00 -2.8475e+00 +2.0094e+00 +1.9273e+00 -1.0291e+00 -2.2413e-01 -2.7635e-01 -2.5004e+00 -6.6568e-01 +3.6564e-01 +4.9950e-01 +1.6096e+00
3695 +2.501985327e+01 +2.501985327e+01 +4.703698533e+02 +4.703698533e+02 -2.6543e+00 +1.7926e+00 -7.9053e-01 +8.8189e-01 +3.3572e+00 +2.5924e+00 -2.7911e+00 +1.5385e+00 +1.6262e+00 -2.5244e+00 +2.1104e+00 +2.0852e+00 -9.8871e-01 -7.7954e-01 -2.7232e-01 -2.4851e+00 -9.9112e-01 +9.9128e-02 +1.2956e+00 +1.6366e+00
5336 +1.557687009e+01 +1.557687009e+01 +4.609268701e+02 +4.609268701e+02 -2.8048e+00 +2.0010e+00 -6.9688e-01 +8.0357e-01 +3.0489e+00 +2.7591e+00 -2.9575e+00 +1.7206e+00 +1.4780e+00 -2.6265e+00 +2.1996e+00 +2.1846e+00 -8.4292e-01 -1.4333e+00 -1.1378e-01 -2.4061e+00 -1.0311e+00 -2.9811e-01 +1.8956e+00 +2.2331e+00
6972 +9.825725974e+00 +9.825725974e+00 +4.551757260e+02 +4.551757260e+02 -2.5223e+00 +2.3004e+00 -3.3257e-01 +7.7491e-01 +3.3695e+00 +2.7562e+00 -3.3710e+00 +1.4720e+00 +1.4421e+00 -2.5143e+00 +2.4006e+00 +2.1004e+00 -6.2545e-01 -1.9367e+00 +3.0885e-01 -2.5562e+00 -1.0171e+00 -4.5223e-01 +2.4453e+00 +2.3450e+00
8093 +6.043271059e+00 +6.043271059e+00 +4.513932711e+02 +4.513932711e+02 -2.6328e+00 +2.5525e+00 -4.9194e-01 +8.1038e-01 +3.0917e+00 +2.7924e+00 -3.6822e+00 +1.5645e+00 +1.1774e+00 -2.4032e+00 +2.5151e+00 +2.4043e+00 -3.8068e-01 -2.1781e+00 +7.2066e-01 -2.7353e+00 -1.1324e+00 -7.3853e-01 +2.8327e+00 +2.1840e+00
8747 +3.923648256e+00 +3.923648256e+00 +4.492736483e+02 +4.492736483e+02 -2.8275e+00 +2.5835e+00 -5.1243e-01 +8.8599e-01 +3.3499e+00 +2.9878e+00 -3.5670e+00 +1.3458e+00 +1.3500e+00 -2.3366e+00 +2.4888e+00 +2.5731e+00 -3.6382e-01 -2.3200e+00 +8.7477e-01 -2.5232e+00 -1.3665e+00 -1.0850e+00 +3.0051e+00 +2.3581e+00
9867 +2.357937339e+00 +2.357937339e+00 +4.477079373e+02 +4.477079373e+02 -2.9522e+00 +2.7807e+00 -5.2334e-01 +7.1475e-01 +3.3210e+00 +3.2047e+00 -3.6169e+00 +1.2322e+00 +1.4533e+00 -2.5496e+00 +2.1660e+00 +2.6548e+00 -2.4555e-01 -2.4699e+00 +9.3589e-01 -2.3866e+00 -1.4443e+00 -1.3265e+00 +3.1739e+00 +2.7645e+00
10261 +1.525964541e+00 +1.525964541e+00 +4.468759645e+02 +4.468759645e+02 -2.9344e+00 +2.8604e+00 -6.0029e-01 +5.4087e-01 +3.3406e+00 +3.3381e+00 -3.6867e+00 +1.2763e+00 +1.6092e+00 -2.3550e+00 +2.2882e+00 +2.7752e+00 -2.3761e-01 -2.4504e+00 +1.0663e+00 -2.3334e+00 -1.3510e+00 -1.4338e+00 +3.2698e+00 +2.8737e+00
10860 +9.930757895e-01 +9.930757895e-01 +4.463430758e+02 +4.463430758e+02 -2.9975e+00 +3.0547e+00 -6.7775e-01 +5.2062e-01 +3.3302e+00 +3.3995e+00 -3.6987e+00 +1.3735e+00 +1.5491e+00 -2.2324e+00 +2.2741e+00 +2.9000e+00 -3.0807e-01 -2.5523e+00 +1.1919e+00 -2.2862e+00 -1.3482e+00 -1.3871e+00 +3.3645e+00 +2.8560e+00
11246 +5.693070544e-01 +5.693070544e-01 +4.459193071e+02 +4.459193071e+02 -2.8999e+00 +3.0992e+00 -5.4095e-01 +4.8017e-01 +3.2753e+00 +3.2880e+00 -3.7584e+00 +1.4829e+00 +1.6528e+00 -2.1087e+00 +2.2450e+00 +3.0462e+00 -1.7022e-01 -2.4938e+00 +1.2361e+00 -2.2853e+00 -1.4095e+00 -1.5099e+00 +3.5689e+00 +3.0286e+00
11505 +3.656845248e-01 +3.656845248e-01 +4.457156845e+02 +4.457156845e+02 -3.0404e+00 +3.2207e+00 -6.8498e-01 +5.4835e-01 +3.2467e+00 +3.4265e+00 -3.7873e+00 +1.6232e+00 +1.6233e+00 -2.0850e+00 +2.5132e+00 +2.9462e+00 -5.1741e-02 -2.6544e+00 +1.2551e+00 -2.3522e+00 -1.5216e+00 -1.3477e+00 +3.6812e+00 +2.9388e+00
11644 +2.339154132e-01 +2.339154132e-01 +4.455839154e+02 +4.455839154e+02 -3.0269e+00 +3.1812e+00 -7.1463e-01 +4.6839e-01 +3.2334e+00 +3.3770e+00 -3.8657e+00 +1.5852e+00 +1.5471e+00 -2.0404e+00 +2.4191e+00 +3.0461e+00 -3.1896e-02 -2.6082e+00 +1.2901e+00 -2.3410e+00 -1.6162e+00 -1.4187e+00 +3.7276e+00 +2.9744e+00
12109 +1.432334879e-01 +1.432334879e-01 +4.454932335e+02 +4.454932335e+02 -3.0816e+00 +3.3185e+00 -6.6355e-01 +3.2413e-01 +3.2268e+00 +3.3838e+00 -3.8110e+00 +1.6089e+00 +1.5772e+00 -2.0970e+00 +2.3013e+00 +2.9535e+00 -3.9291e-02 -2.7034e+00 +1.1977e+00 -2.3664e+00 -1.6008e+00 -1.4283e+00 +3.8710e+00 +3.1041e+00
13015 +8.111580769e-02 +8.111580769e-02 +4.454311158e+02 +4.454311158e+02 -3.1815e+00 +3.3414e+00 -6.1528e-01 +2.7732e-01 +3.2251e+00 +3.4260e+00 -3.8686e+00 +1.5686e+00 +1.4838e+00 -1.7879e+00 +2.1959e+00 +2.9585e+00 +1.0125e-01 -2.4929e+00 +1.3648e+00 -2.3527e+00 -1.6801e+00 -1.3298e+00 +3.9093e+00 +3.1011e+00
16831 +5.790105571e-02 +5.790105571e-02 +4.454079011e+02 +4.454079011e+02 -3.1700e+00 +3.3382e+00 -6.2037e-01 +3.3696e-01 +3.3958e+00 +3.3973e+00 -3.8536e+00 +1.6529e+00 +1.5312e+00 -2.0249e+00 +2.1777e+00 +3.0269e+00 +7.7026e-02 -2.5282e+00 +1.4846e+00 -2.3303e+00 -1.5235e+00 -1.3149e+00 +3.9789e+00 +2.9673e+00
24323 +3.833482275e-02 +3.833482275e-02 +4.453883348e+02 +4.453883348e+02 -3.1561e+00 +3.2392e+00 -5.7320e-01 +3.2303e-01 +3.2359e+00 +3.3073e+00 -3.9228e+00 +1.6707e+00 +1.5398e+00 -2.0052e+00 +2.2192e+00 +2.9567e+00 +8.9635e-02 -2.5381e+00 +1.4568e+00 -2.3444e+00 -1.5651e+00 -1.3989e+00 +3.9674e+00 +3.0804e+00
