% function evaluation | noise-free fitness - Fopt (7.948000000000e+01) | best noise-free fitness - Fopt | measured fitness | best measured fitness | x1 | x2...
1 +3.178279038e+01 +3.178279038e+01 +1.112627904e+02 +1.112627904e+02 -3.0529e+00 +3.4100e+00
2 +7.410861869e+00 +7.410861869e+00 +8.689086187e+01 +8.689086187e+01 +1.0505e+00 +1.4460e+00
5 +2.840176360e+00 +2.840176360e+00 +8.232017636e+01 +8.232017636e+01 -1.3083e+00 -1.7918e+00
6 +5.885830600e-01 +5.885830600e-01 +8.006858306e+01 +8.006858306e+01 +1.0081e+00 -1.2914e+00
27 +2.531512757e-01 +2.531512757e-01 +7.973315128e+01 +7.973315128e+01 -1.8456e-01 -1.4055e+00
157 +2.297627775e-01 +2.297627775e-01 +7.970976278e+01 +7.970976278e+01 -1.0315e-01 -1.4778e+00
256 +1.691778416e-02 +1.691778416e-02 +7.949691778e+01 +7.949691778e+01 +2.0281e-01 -1.0367e+00
378 +1.203777950e-02 +1.203777950e-02 +7.949203778e+01 +7.949203778e+01 +2.7260e-01 -1.0489e+00
506 +2.232293387e-03 +2.232293387e-03 +7.948223229e+01 +7.948223229e+01 +2.3508e-01 -1.1130e+00
649 +4.021080121e-04 +4.021080121e-04 +7.948040211e+01 +7.948040211e+01 +2.4145e-01 -1.1403e+00
934 +2.169067714e-04 +2.169067714e-04 +7.948021691e+01 +7.948021691e+01 +2.4067e-01 -1.1484e+00
1299 +1.454988530e-04 +1.454988530e-04 +7.948014550e+01 +7.948014550e+01 +2.6200e-01 -1.1646e+00
1764 +2.478170165e-05 +2.478170165e-05 +7.948002478e+01 +7.948002478e+01 +2.5668e-01 -1.1599e+00
% function evaluation | noise-free fitness - Fopt (3.944800000000e+02) | best noise-free fitness - Fopt | measured fitness | best measured fitness | x1 | x2...
1 +1.448105955e+01 +1.448105955e+01 +4.089610596e+02 +4.089610596e+02 -1.4621e-01 -2.2563e+00
2 +2.854433154e+00 +2.854433154e+00 +3.973344332e+02 +3.973344332e+02 -2.9199e+00 -1.5131e+00
7 +5.805741235e-01 +5.805741235e-01 +3.950605741e+02 +3.950605741e+02 -3.1981e+00 -3.1908e+00
168 +3.627469348e-01 +3.627469348e-01 +3.948427469e+02 +3.948427469e+02 -3.3461e+00 -3.1307e+00
300 +2.476331293e-01 +2.476331293e-01 +3.947276331e+02 +3.947276331e+02 -3.4325e+00 -3.0652e+00
423 +1.449353087e-01 +1.449353087e-01 +3.946249353e+02 +3.946249353e+02 -3.5292e+00 -2.9831e+00
542 +9.832366340e-02 +9.832366340e-02 +3.945783237e+02 +3.945783237e+02 -3.5875e+00 -2.9312e+00
671 +6.043133632e-02 +6.043133632e-02 +3.945404313e+02 +3.945404313e+02 -3.7001e+00 -3.0356e+00
803 +3.486326154e-02 +3.486326154e-02 +3.945148633e+02 +3.945148633e+02 -3.7141e+00 -2.9203e+00
812 +1.795262311e-02 +1.795262311e-02 +3.944979526e+02 +3.944979526e+02 -3.7666e+00 -2.8663e+00
820 +1.283983681e-02 +1.283983681e-02 +3.944928398e+02 +3.944928398e+02 -3.7865e+00 -2.8723e+00
939 +7.491880753e-03 +7.491880753e-03 +3.944874919e+02 +3.944874919e+02 -3.8356e+00 -2.8308e+00
944 +4.085048395e-04 +4.085048395e-04 +3.944804085e+02 +3.944804085e+02 -3.8873e+00 -2.9073e+00
1198 +3.271039781e-04 +3.271039781e-04 +3.944803271e+02 +3.944803271e+02 -3.9009e+00 -2.8725e+00
1335 +1.883936293e-04 +1.883936293e-04 +3.944801884e+02 +3.944801884e+02 -3.8934e+00 -2.9032e+00
1522 +1.121800394e-04 +1.121800394e-04 +3.944801122e+02 +3.944801122e+02 -3.9081e+00 -2.8862e+00
1779 +3.519187658e-06 +3.519187658e-06 +3.944800035e+02 +3.944800035e+02 -3.8998e+00 -2.8916e+00
% function evaluation | noise-free fitness - Fopt (-2.471100000000e+02) | best noise-free fitness - Fopt | measured fitness | best measured fitness | x1 | x2...
1 +2.556982275e+01 +2.556982275e+01 -2.215401772e+02 -2.215401772e+02 +1.0531e+00 -1.2224e+00
2 +3.800204365e+00 +3.800204365e+00 -2.433097956e+02 -2.433097956e+02 -1.9939e+00 -5.3441e-01
4 +3.518255323e-02 +3.518255323e-02 -2.470748174e+02 -2.470748174e+02 -3.8285e+00 +3.8834e-01
23 +1.232173001e-02 +1.232173001e-02 -2.470976783e+02 -2.470976783e+02 -3.8337e+00 +3.0844e-01
78 +5.330753690e-03 +5.330753690e-03 -2.471046692e+02 -2.471046692e+02 -3.7749e+00 +1.3408e-01
161 +2.943392323e-03 +2.943392323e-03 -2.471070566e+02 -2.471070566e+02 -3.8197e+00 +2.5310e-01
169 +2.591300787e-04 +2.591300787e-04 -2.471097409e+02 -2.471097409e+02 -3.7910e+00 +2.1751e-01
474 +1.007814992e-04 +1.007814992e-04 -2.471098992e+02 -2.471098992e+02 -3.8040e+00 +1.9485e-01
1121 +2.693352275e-05 +2.693352275e-05 -2.471099731e+02 -2.471099731e+02 -3.8035e+00 +2.0220e-01
1459 +4.632525275e-06 +4.632525275e-06 -2.471099954e+02 -2.471099954e+02 -3.7981e+00 +2.0533e-01
% function evaluation | noise-free fitness - Fopt (-1.520400000000e+02) | best noise-free fitness - Fopt | measured fitness | best measured fitness | x1 | x2...
1 +4.421661456e+00 +4.421661456e+00 -1.476183385e+02 -1.476183385e+02 +1.8244e+00 +1.2074e+00
13 +1.973084164e+00 +1.973084164e+00 -1.500669158e+02 -1.500669158e+02 -1.4737e+00 +7.0460e-01
46 +6.381801954e-02 +6.381801954e-02 -1.519761820e+02 -1.519761820e+02 -9.6530e-02 +1.2377e+00
72 +3.750213220e-02 +3.750213220e-02 -1.520024979e+02 -1.520024979e+02 -1.6404e-01 +1.2601e+00
203 +6.064887235e-03 +6.064887235e-03 -1.520339351e+02 -1.520339351e+02 -2.6387e-01 +1.3462e+00
337 +7.353231209e-04 +7.353231209e-04 -1.520392647e+02 -1.520392647e+02 -2.8461e-01 +1.4448e+00
344 +6.107133675e-04 +6.107133675e-04 -1.520393893e+02 -1.520393893e+02 -2.4418e-01 +1.4150e+00
487 +3.186510478e-04 +3.186510478e-04 -1.520396813e+02 -1.520396813e+02 -2.8309e-01 +1.4321e+00
990 +1.093160611e-05 +1.093160611e-05 -1.520399891e+02 -1.520399891e+02 -2.6720e-01 +1.4207e+00
1417 +7.159561761e-06 +7.159561761e-06 -1.520399928e+02 -1.520399928e+02 -2.6734e-01 +1.4267e+00
% function evaluation | noise-free fitness - Fopt (-2.525000000000e+01) | best noise-free fitness - Fopt | measured fitness | best measured fitness | x1 | x2...
1 +9.038195851e+00 +9.038195851e+00 -1.621180415e+01 -1.621180415e+01 +3.0370e+00 -2.3152e+00
3 +6.201457901e+00 +6.201457901e+00 -1.904854210e+01 -1.904854210e+01 +3.2757e+00 -1.8319e+00
50 +1.799343736e+00 +1.799343736e+00 -2.345065626e+01 -2.345065626e+01 +2.4581e+00 -4.4678e-02
53 +7.972104434e-01 +7.972104434e-01 -2.445278956e+01 -2.445278956e+01 +2.7218e+00 +6.1276e-01
74 +5.154756017e-01 +5.154756017e-01 -2.473452440e+01 -2.473452440e+01 +2.9809e+00 +9.7298e-01
80 +3.952371310e-01 +3.952371310e-01 -2.485476287e+01 -2.485476287e+01 +3.1151e+00 +1.0172e+00
341 +2.317068241e-01 +2.317068241e-01 -2.501829318e+01 -2.501829318e+01 +3.2242e+00 +9.1710e-01
469 +1.531150107e-01 +1.531150107e-01 -2.509688499e+01 -2.509688499e+01 +3.3125e+00 +8.8415e-01
611 +9.550999551e-02 +9.550999551e-02 -2.515449000e+01 -2.515449000e+01 +3.3860e+00 +8.4344e-01
726 +6.147585999e-02 +6.147585999e-02 -2.518852414e+01 -2.518852414e+01 +3.3704e+00 +6.7927e-01
734 +3.790486285e-02 +3.790486285e-02 -2.521209514e+01 -2.521209514e+01 +3.4764e+00 +7.7250e-01
856 +1.255157480e-02 +1.255157480e-02 -2.523744843e+01 -2.523744843e+01 +3.5665e+00 +7.3648e-01
880 +7.141986153e-03 +7.141986153e-03 -2.524285801e+01 -2.524285801e+01 +3.5448e+00 +6.8311e-01
985 +6.186310032e-03 +6.186310032e-03 -2.524381369e+01 -2.524381369e+01 +3.6257e+00 +7.1303e-01
999 +2.247574452e-03 +2.247574452e-03 -2.524775243e+01 -2.524775243e+01 +3.5790e+00 +6.6674e-01
1248 +1.110363027e-04 +1.110363027e-04 -2.524988896e+01 -2.524988896e+01 +3.6111e+00 +6.2520e-01
1428 +5.115979513e-05 +5.115979513e-05 -2.524994884e+01 -2.524994884e+01 +3.6188e+00 +6.4083e-01
1687 +3.410594537e-05 +3.410594537e-05 -2.524996589e+01 -2.524996589e+01 +3.6198e+00 +6.3732e-01
% function evaluation | noise-free fitness - Fopt (2.230000000000e+00) | best noise-free fitness - Fopt | measured fitness | best measured fitness | x1 | x2...
1 +5.241015947e+01 +5.241015947e+01 +5.464015947e+01 +5.464015947e+01 -5.8399e-01 +3.3139e+00
2 +3.445399314e+01 +3.445399314e+01 +3.668399314e+01 +3.668399314e+01 -1.8284e+00 -1.1601e+00
5 +1.678489395e+01 +1.678489395e+01 +1.901489395e+01 +1.901489395e+01 -1.6028e-01 -2.7415e+00
6 +4.746860506e+00 +4.746860506e+00 +6.976860506e+00 +6.976860506e+00 +1.8402e+00 -1.7012e+00
8 +3.298789229e+00 +3.298789229e+00 +5.528789229e+00 +5.528789229e+00 +3.1081e+00 -3.9807e+00
28 +2.505519025e+00 +2.505519025e+00 +4.735519025e+00 +4.735519025e+00 +2.9257e+00 -3.5881e+00
68 +1.434234569e-01 +1.434234569e-01 +2.373423457e+00 +2.373423457e+00 +3.5680e+00 -2.4988e+00
79 +9.852422866e-02 +9.852422866e-02 +2.328524229e+00 +2.328524229e+00 +3.6136e+00 -2.4303e+00
214 +4.188085074e-02 +4.188085074e-02 +2.271880851e+00 +2.271880851e+00 +3.7306e+00 -2.4365e+00
333 +3.683365269e-02 +3.683365269e-02 +2.266833653e+00 +2.266833653e+00 +3.7816e+00 -2.4898e+00
338 +2.510790345e-02 +2.510790345e-02 +2.255107903e+00 +2.255107903e+00 +3.7741e+00 -2.4207e+00
353 +1.519940775e-02 +1.519940775e-02 +2.245199408e+00 +2.245199408e+00 +3.7956e+00 -2.3446e+00
461 +9.686786759e-03 +9.686786759e-03 +2.239686787e+00 +2.239686787e+00 +3.8320e+00 -2.4023e+00
472 +5.316409603e-03 +5.316409603e-03 +2.235316410e+00 +2.235316410e+00 +3.8459e+00 -2.3625e+00
474 +8.018511313e-04 +8.018511313e-04 +2.230801851e+00 +2.230801851e+00 +3.8905e+00 -2.3598e+00
598 +5.974177242e-04 +5.974177242e-04 +2.230597418e+00 +2.230597418e+00 +3.9350e+00 -2.3731e+00
615 +5.122299636e-05 +5.122299636e-05 +2.230051223e+00 +2.230051223e+00 +3.9244e+00 -2.3590e+00
1006 +3.193805596e-05 +3.193805596e-05 +2.230031938e+00 +2.230031938e+00 +3.9128e+00 -2.3545e+00
1256 +2.921806073e-06 +2.921806073e-06 +2.230002922e+00 +2.230002922e+00 +3.9188e+00 -2.3569e+00
% function evaluation | noise-free fitness - Fopt (-1.308000000000e+01) | best noise-free fitness - Fopt | measured fitness | best measured fitness | x1 | x2...
1 +4.210679138e+00 +4.210679138e+00 -8.869320862e+00 -8.869320862e+00 +1.9439e+00 -3.0375e+00
5 +1.720856178e+00 +1.720856178e+00 -1.135914382e+01 -1.135914382e+01 -2.6691e-01 -7.1376e-01
9 +2.349806271e-01 +2.349806271e-01 -1.284501937e+01 -1.284501937e+01 +1.4130e-01 -2.4137e+00
94 +1.141883007e-01 +1.141883007e-01 -1.296581170e+01 -1.296581170e+01 +4.2318e-01 -1.6693e+00
204 +9.387161272e-02 +9.387161272e-02 -1.298612839e+01 -1.298612839e+01 +3.2657e-01 -1.6496e+00
332 +5.480264004e-02 +5.480264004e-02 -1.302519736e+01 -1.302519736e+01 +3.8377e-01 -1.7736e+00
346 +3.928672174e-02 +3.928672174e-02 -1.304071328e+01 -1.304071328e+01 +3.3919e-01 -1.7811e+00
474 +1.606758390e-02 +1.606758390e-02 -1.306393242e+01 -1.306393242e+01 +2.6152e-01 -1.8170e+00
545 +1.206364766e-02 +1.206364766e-02 -1.306793635e+01 -1.306793635e+01 +2.8291e-01 -2.0196e+00
548 +6.890854006e-03 +6.890854006e-03 -1.307310915e+01 -1.307310915e+01 +1.5734e-01 -1.9954e+00
607 +6.188852006e-03 +6.188852006e-03 -1.307381115e+01 -1.307381115e+01 +2.3487e-01 -1.8587e+00
680 +1.061466026e-04 +1.061466026e-04 -1.307989385e+01 -1.307989385e+01 +2.2303e-01 -1.9386e+00
732 +4.665343067e-05 +4.665343067e-05 -1.307995335e+01 -1.307995335e+01 +2.1775e-01 -1.9398e+00
1638 +3.166912742e-05 +3.166912742e-05 -1.307996833e+01 -1.307996833e+01 +2.1850e-01 -1.9316e+00
% function evaluation | noise-free fitness - Fopt (2.671600000000e+02) | best noise-free fitness - Fopt | measured fitness | best measured fitness | x1 | x2...
1 +1.515339376e+01 +1.515339376e+01 +2.823133938e+02 +2.823133938e+02 +3.3283e-01 -1.5131e+00
10 +2.203391963e+00 +2.203391963e+00 +2.693633920e+02 +2.693633920e+02 -2.4813e+00 -2.2217e+00
51 +1.127668023e+00 +1.127668023e+00 +2.682876680e+02 +2.682876680e+02 -3.8958e+00 -3.1961e+00
60 +1.160430927e-01 +1.160430927e-01 +2.672760431e+02 +2.672760431e+02 -2.5936e+00 -3.5807e+00
72 +8.312068063e-02 +8.312068063e-02 +2.672431207e+02 +2.672431207e+02 -2.6477e+00 -3.5764e+00
75 +6.176775242e-02 +6.176775242e-02 +2.672217678e+02 +2.672217678e+02 -2.6925e+00 -3.5624e+00
206 +2.825349111e-02 +2.825349111e-02 +2.671882535e+02 +2.671882535e+02 -2.7739e+00 -3.5736e+00
213 +2.352240203e-02 +2.352240203e-02 +2.671835224e+02 +2.671835224e+02 -2.7884e+00 -3.5769e+00
337 +1.271821119e-02 +1.271821119e-02 +2.671727182e+02 +2.671727182e+02 -2.8719e+00 -3.5399e+00
357 +7.048342060e-03 +7.048342060e-03 +2.671670483e+02 +2.671670483e+02 -2.8539e+00 -3.6732e+00
359 +6.253603145e-03 +6.253603145e-03 +2.671662536e+02 +2.671662536e+02 -2.8506e+00 -3.6327e+00
469 +4.107128007e-05 +4.107128007e-05 +2.671600411e+02 +2.671600411e+02 -2.9335e+00 -3.6317e+00
738 +2.102132777e-05 +2.102132777e-05 +2.671600210e+02 +2.671600210e+02 -2.9252e+00 -3.6355e+00
993 +1.452760694e-05 +1.452760694e-05 +2.671600145e+02 +2.671600145e+02 -2.9320e+00 -3.6397e+00
% function evaluation | noise-free fitness - Fopt (3.710000000000e+00) | best noise-free fitness - Fopt | measured fitness | best measured fitness | x1 | x2...
1 +1.069068973e+02 +1.069068973e+02 +1.106168973e+02 +1.106168973e+02 -3.5713e+00 +3.8470e+00
2 +2.659140802e+00 +2.659140802e+00 +6.369140802e+00 +6.369140802e+00 +2.5059e+00 -3.9183e+00
28 +2.310787552e+00 +2.310787552e+00 +6.020787552e+00 +6.020787552e+00 +2.5875e+00 -3.8309e+00
58 +5.777538964e-02 +5.777538964e-02 +3.767775390e+00 +3.767775390e+00 +3.7516e+00 -3.1381e+00
71 +2.168167376e-02 +2.168167376e-02 +3.731681674e+00 +3.731681674e+00 +3.8315e+00 -3.2080e+00
206 +1.274226556e-02 +1.274226556e-02 +3.722742266e+00 +3.722742266e+00 +3.8851e+00 -3.2811e+00
228 +5.837002335e-03 +5.837002335e-03 +3.715837002e+00 +3.715837002e+00 +3.9166e+00 -3.2625e+00
335 +2.481408337e-03 +2.481408337e-03 +3.712481408e+00 +3.712481408e+00 +3.9344e+00 -3.2409e+00
344 +3.902699834e-05 +3.902699834e-05 +3.710039027e+00 +3.710039027e+00 +3.9752e+00 -3.2230e+00
1004 +8.206653570e-06 +8.206653570e-06 +3.710008207e+00 +3.710008207e+00 +3.9773e+00 -3.2150e+00
1638 +1.956546427e-07 +1.956546427e-07 +3.710000196e+00 +3.710000196e+00 +3.9788e+00 -3.2178e+00
% function evaluation | noise-free fitness - Fopt (9.478000000000e+01) | best noise-free fitness - Fopt | measured fitness | best measured fitness | x1 | x2...
1 +2.794657203e+01 +2.794657203e+01 +1.227265720e+02 +1.227265720e+02 +2.5600e+00 +1.8773e+00
2 +1.717801346e+00 +1.717801346e+00 +9.649780135e+01 +9.649780135e+01 +6.9307e-01 -1.8644e+00
27 +1.569472876e+00 +1.569472876e+00 +9.634947288e+01 +9.634947288e+01 +6.8737e-01 -1.9244e+00
50 +9.993381081e-01 +9.993381081e-01 +9.577933811e+01 +9.577933811e+01 +1.5122e+00 -3.9680e+00
74 +3.371736454e-01 +3.371736454e-01 +9.511717365e+01 +9.511717365e+01 +1.3022e+00 -2.7041e+00
204 +1.178179151e-01 +1.178179151e-01 +9.489781792e+01 +9.489781792e+01 +1.1492e+00 -2.8857e+00
331 +6.216014046e-02 +6.216014046e-02 +9.484216014e+01 +9.484216014e+01 +1.1035e+00 -2.9704e+00
461 +3.126351878e-02 +3.126351878e-02 +9.481126352e+01 +9.481126352e+01 +9.8783e-01 -2.9845e+00
465 +2.162987333e-02 +2.162987333e-02 +9.480162987e+01 +9.480162987e+01 +9.8411e-01 -3.0147e+00
597 +6.208989991e-03 +6.208989991e-03 +9.478620899e+01 +9.478620899e+01 +1.0024e+00 -3.1144e+00
609 +3.203591010e-03 +3.203591010e-03 +9.478320359e+01 +9.478320359e+01 +9.6540e-01 -3.1060e+00
620 +2.302634863e-03 +2.302634863e-03 +9.478230263e+01 +9.478230263e+01 +9.1357e-01 -3.1092e+00
734 +1.272497249e-03 +1.272497249e-03 +9.478127250e+01 +9.478127250e+01 +9.6209e-01 -3.1313e+00
750 +6.527613513e-04 +6.527613513e-04 +9.478065276e+01 +9.478065276e+01 +9.4078e-01 -3.1283e+00
854 +7.436692258e-05 +7.436692258e-05 +9.478007437e+01 +9.478007437e+01 +9.2887e-01 -3.1600e+00
1711 +4.023847296e-06 +4.023847296e-06 +9.478000402e+01 +9.478000402e+01 +9.3417e-01 -3.1547e+00
1817 +1.278175603e-06 +1.278175603e-06 +9.478000128e+01 +9.478000128e+01 +9.3441e-01 -3.1536e+00
% function evaluation | noise-free fitness - Fopt (2.339200000000e+02) | best noise-free fitness - Fopt | measured fitness | best measured fitness | x1 | x2...
1 +5.935910881e+01 +5.935910881e+01 +2.932791088e+02 +2.932791088e+02 +3.9534e+00 -1.5871e+00
3 +5.808503612e+00 +5.808503612e+00 +2.397285036e+02 +2.397285036e+02 -2.6687e+00 +2.9284e+00
16 +1.492846846e+00 +1.492846846e+00 +2.354128468e+02 +2.354128468e+02 -2.8364e+00 +1.7114e+00
31 +3.601764462e-01 +3.601764462e-01 +2.342801764e+02 +2.342801764e+02 -3.7605e+00 +1.4337e-01
62 +1.372749309e-01 +1.372749309e-01 +2.340572749e+02 +2.340572749e+02 -3.3089e+00 +9.9190e-01
74 +8.670076606e-02 +8.670076606e-02 +2.340067008e+02 +2.340067008e+02 -3.3093e+00 +9.1107e-01
109 +4.180961778e-02 +4.180961778e-02 +2.339618096e+02 +2.339618096e+02 -3.2432e+00 +5.4077e-01
116 +1.302474291e-02 +1.302474291e-02 +2.339330247e+02 +2.339330247e+02 -3.3260e+00 +5.7807e-01
246 +5.208420624e-03 +5.208420624e-03 +2.339252084e+02 +2.339252084e+02 -3.3784e+00 +5.8196e-01
379 +3.345265223e-03 +3.345265223e-03 +2.339233453e+02 +2.339233453e+02 -3.3738e+00 +6.0791e-01
385 +8.240897421e-04 +8.240897421e-04 +2.339208241e+02 +2.339208241e+02 -3.4277e+00 +6.6741e-01
613 +4.203886678e-04 +4.203886678e-04 +2.339204204e+02 +2.339204204e+02 -3.4037e+00 +6.4767e-01
675 +3.301300450e-04 +3.301300450e-04 +2.339203301e+02 +2.339203301e+02 -3.4349e+00 +6.2599e-01
684 +6.555598708e-05 +6.555598708e-05 +2.339200656e+02 +2.339200656e+02 -3.4154e+00 +6.4325e-01
805 +2.692725997e-05 +2.692725997e-05 +2.339200269e+02 +2.339200269e+02 -3.4177e+00 +6.4135e-01
1206 +2.316143315e-05 +2.316143315e-05 +2.339200232e+02 +2.339200232e+02 -3.4181e+00 +6.4131e-01
2180 +6.570315236e-06 +6.570315236e-06 +2.339200066e+02 +2.339200066e+02 -3.4249e+00 +6.3952e-01
% function evaluation | noise-free fitness - Fopt (-6.092000000000e+01) | best noise-free fitness - Fopt | measured fitness | best measured fitness | x1 | x2...
1 +2.907328068e+01 +2.907328068e+01 -3.184671932e+01 -3.184671932e+01 +1.4139e+00 -2.7631e+00
2 +2.008217781e+01 +2.008217781e+01 -4.083782219e+01 -4.083782219e+01 -3.4079e+00 +3.8763e+00
5 +1.422756740e+01 +1.422756740e+01 -4.669243260e+01 -4.669243260e+01 +5.2474e-01 -1.1511e+00
7 +6.394168844e+00 +6.394168844e+00 -5.452583116e+01 -5.452583116e+01 +1.7196e+00 +2.1490e-01
10 +5.469670843e+00 +5.469670843e+00 -5.545032916e+01 -5.545032916e+01 -1.3064e+00 +3.4100e+00
43 +1.739542012e+00 +1.739542012e+00 -5.918045799e+01 -5.918045799e+01 +8.4656e-01 +1.2850e+00
48 +1.322874074e+00 +1.322874074e+00 -5.959712593e+01 -5.959712593e+01 +2.6345e-01 +1.6379e+00
87 +1.868240752e-01 +1.868240752e-01 -6.073317592e+01 -6.073317592e+01 +1.0127e+00 +3.0173e+00
228 +1.561956278e-01 +1.561956278e-01 -6.076380437e+01 -6.076380437e+01 +9.6978e-01 +2.9900e+00
331 +9.484925360e-02 +9.484925360e-02 -6.082515075e+01 -6.082515075e+01 +9.3636e-01 +2.9075e+00
461 +5.461770006e-02 +5.461770006e-02 -6.086538230e+01 -6.086538230e+01 +9.7795e-01 +2.8192e+00
593 +3.595129671e-02 +3.595129671e-02 -6.088404870e+01 -6.088404870e+01 +9.2570e-01 +2.7892e+00
611 +2.502714442e-02 +2.502714442e-02 -6.089497286e+01 -6.089497286e+01 +9.8254e-01 +2.7306e+00
727 +7.483059772e-03 +7.483059772e-03 -6.091251694e+01 -6.091251694e+01 +8.3041e-01 +2.6670e+00
854 +1.615425472e-03 +1.615425472e-03 -6.091838457e+01 -6.091838457e+01 +8.8007e-01 +2.6424e+00
876 +1.393761893e-03 +1.393761893e-03 -6.091860624e+01 -6.091860624e+01 +9.2538e-01 +2.5958e+00
880 +9.907565328e-04 +9.907565328e-04 -6.091900924e+01 -6.091900924e+01 +9.1307e-01 +2.5832e+00
994 +4.131348569e-04 +4.131348569e-04 -6.091958687e+01 -6.091958687e+01 +8.7830e-01 +2.5858e+00
1126 +2.398562289e-04 +2.398562289e-04 -6.091976014e+01 -6.091976014e+01 +8.9912e-01 +2.5917e+00
1556 +9.364322935e-07 +9.364322935e-07 -6.091999906e+01 -6.091999906e+01 +8.8825e-01 +2.6024e+00
% function evaluation | noise-free fitness - Fopt (-1.948000000000e+01) | best noise-free fitness - Fopt | measured fitness | best measured fitness | x1 | x2...
1 +1.596431461e+01 +1.596431461e+01 -3.515685389e+00 -3.515685389e+00 -2.2449e-01 -1.8818e+00
2 +3.504003974e+00 +3.504003974e+00 -1.597599603e+01 -1.597599603e+01 +7.6003e-01 +2.7961e+00
8 +1.360215603e+00 +1.360215603e+00 -1.811978440e+01 -1.811978440e+01 -2.1181e+00 +1.9572e+00
31 +4.274269501e-01 +4.274269501e-01 -1.905257305e+01 -1.905257305e+01 -5.8964e-01 +2.5884e+00
43 +3.024895098e-01 +3.024895098e-01 -1.917751049e+01 -1.917751049e+01 -1.2014e+00 +1.5546e+00
157 +6.990651325e-02 +6.990651325e-02 -1.941009349e+01 -1.941009349e+01 -9.9094e-01 +2.3084e+00
286 +3.248246483e-02 +3.248246483e-02 -1.944751754e+01 -1.944751754e+01 -1.0148e+00 +2.2165e+00
412 +1.488398666e-02 +1.488398666e-02 -1.946511601e+01 -1.946511601e+01 -9.4952e-01 +2.1683e+00
418 +9.527893521e-03 +9.527893521e-03 -1.947047211e+01 -1.947047211e+01 -9.7902e-01 +2.1411e+00
543 +3.005873969e-03 +3.005873969e-03 -1.947699413e+01 -1.947699413e+01 -9.4502e-01 +2.1003e+00
558 +3.202939057e-04 +3.202939057e-04 -1.947967971e+01 -1.947967971e+01 -9.7053e-01 +2.0372e+00
942 +3.787431793e-05 +3.787431793e-05 -1.947996213e+01 -1.947996213e+01 -9.5353e-01 +2.0523e+00
2336 +5.527993743e-06 +5.527993743e-06 -1.947999447e+01 -1.947999447e+01 -9.5734e-01 +2.0454e+00
% function evaluation | noise-free fitness - Fopt (1.344700000000e+02) | best noise-free fitness - Fopt | measured fitness | best measured fitness | x1 | x2...
1 +5.507149943e+00 +5.507149943e+00 +1.399771499e+02 +1.399771499e+02 -9.3436e-01 +3.4639e+00
101 +4.980137596e-01 +4.980137596e-01 +1.349680138e+02 +1.349680138e+02 -3.4138e+00 +2.4671e+00
116 +3.790200245e-01 +3.790200245e-01 +1.348490200e+02 +1.348490200e+02 -3.4074e+00 +2.5581e+00
376 +1.662576167e-01 +1.662576167e-01 +1.346362576e+02 +1.346362576e+02 -3.3298e+00 +2.7541e+00
506 +1.572097782e-01 +1.572097782e-01 +1.346272098e+02 +1.346272098e+02 -3.4014e+00 +2.7853e+00
641 +8.819288276e-02 +8.819288276e-02 +1.345581929e+02 +1.345581929e+02 -3.1754e+00 +2.8716e+00
644 +6.239394263e-02 +6.239394263e-02 +1.345323939e+02 +1.345323939e+02 -3.3150e+00 +2.9122e+00
766 +2.949010509e-02 +2.949010509e-02 +1.344994901e+02 +1.344994901e+02 -3.2759e+00 +2.9849e+00
899 +1.981705025e-02 +1.981705025e-02 +1.344898171e+02 +1.344898171e+02 -3.3185e+00 +3.0276e+00
905 +1.023789837e-02 +1.023789837e-02 +1.344802379e+02 +1.344802379e+02 -3.2013e+00 +3.0742e+00
908 +9.643706274e-03 +9.643706274e-03 +1.344796437e+02 +1.344796437e+02 -3.2338e+00 +3.0616e+00
1027 +6.036847605e-03 +6.036847605e-03 +1.344760368e+02 +1.344760368e+02 -3.3184e+00 +3.1038e+00
1037 +9.040478180e-04 +9.040478180e-04 +1.344709040e+02 +1.344709040e+02 -3.2758e+00 +3.1300e+00
1160 +5.125922537e-04 +5.125922537e-04 +1.344705126e+02 +1.344705126e+02 -3.2589e+00 +3.1786e+00
1286 +4.388826821e-05 +4.388826821e-05 +1.344700439e+02 +1.344700439e+02 -3.2665e+00 +3.1594e+00
2326 +3.596891611e-05 +3.596891611e-05 +1.344700360e+02 +1.344700360e+02 -3.2588e+00 +3.1616e+00
% function evaluation | noise-free fitness - Fopt (4.453500000000e+02) | best noise-free fitness - Fopt | measured fitness | best measured fitness | x1 | x2...
1 +2.306355195e+01 +2.306355195e+01 +4.684135520e+02 +4.684135520e+02 +1.0931e+00 +1.1669e+00
4 +2.096705596e+00 +2.096705596e+00 +4.474467056e+02 +4.474467056e+02 -3.0349e+00 +1.8927e+00
15 +3.315035777e-02 +3.315035777e-02 +4.453831504e+02 +4.453831504e+02 -3.3319e+00 +3.4504e+00
34 +1.091885127e-02 +1.091885127e-02 +4.453609189e+02 +4.453609189e+02 -3.2543e+00 +3.4171e+00
161 +6.000611760e-03 +6.000611760e-03 +4.453560006e+02 +4.453560006e+02 -3.2375e+00 +3.3958e+00
167 +3.550352361e-04 +3.550352361e-04 +4.453503550e+02 +4.453503550e+02 -3.1972e+00 +3.3505e+00
426 +4.512821477e-05 +4.512821477e-05 +4.453500451e+02 +4.453500451e+02 -3.1896e+00 +3.3374e+00
2427 +1.160026790e-05 +1.160026790e-05 +4.453500116e+02 +4.453500116e+02 -3.1903e+00 +3.3330e+00
