% function evaluation | noise-free fitness - Fopt (7.948000000000e+01) | best noise-free fitness - Fopt | measured fitness | best measured fitness | x1 | x2...
1 +1.321432292e+02 +1.321432292e+02 +2.116232292e+02 +2.116232292e+02 -3.4761e+00 +3.3375e+00 +3.7198e+00 -2.6023e+00 -3.5311e+00 -2.5173e+00 -6.7335e-02 +2.5271e+00 +1.2484e+00 +2.7963e+00
3 +3.278156113e+01 +3.278156113e+01 +1.122615611e+02 +1.122615611e+02 +1.4152e+00 -3.3440e+00 -3.7258e+00 +9.2526e-01 -2.8716e+00 +1.9897e-01 +9.9686e-01 -8.5104e-01 +3.1641e-01 +1.9503e-01
13 +1.409844699e+01 +1.409844699e+01 +9.357844699e+01 +9.357844699e+01 -7.3179e-01 -3.0416e+00 -2.4442e+00 +1.4411e-01 -2.1461e+00 +2.1624e+00 +9.3980e-02 +4.1992e-01 -1.4811e+00 -3.2144e+00
618 +9.780079998e+00 +9.780079998e+00 +8.926008000e+01 +8.926008000e+01 +2.1283e+00 -1.2024e+00 -1.2164e+00 +1.3837e+00 -1.5715e+00 -4.1983e-01 +8.9340e-01 -1.1071e-03 -1.5289e-01 -2.3332e+00
1732 +6.160992026e+00 +6.160992026e+00 +8.564099203e+01 +8.564099203e+01 +1.7721e+00 -1.3280e+00 -1.0381e+00 +1.5839e+00 -1.9297e+00 -2.1083e-01 +5.2714e-01 +9.3859e-02 -2.6884e-01 -2.4751e+00
2492 +3.814949198e+00 +3.814949198e+00 +8.329494920e+01 +8.329494920e+01 +1.4485e+00 -1.1968e+00 -1.0620e+00 +1.8117e+00 -2.1464e+00 -3.2945e-01 +4.5672e-01 +2.1364e-01 -7.0959e-01 -2.6257e+00
3355 +2.379917561e+00 +2.379917561e+00 +8.185991756e+01 +8.185991756e+01 +1.1333e+00 -1.3443e+00 -8.2078e-01 +1.8618e+00 -2.2204e+00 -1.6287e-01 +3.0325e-01 +8.5825e-03 -8.9104e-01 -2.5662e+00
3745 +1.544403227e+00 +1.544403227e+00 +8.102440323e+01 +8.102440323e+01 +1.0400e+00 -1.2425e+00 -7.3629e-01 +1.8486e+00 -2.3542e+00 -7.3818e-02 +5.4473e-02 +1.8421e-01 -1.0707e+00 -2.6194e+00
4003 +9.884681347e-01 +9.884681347e-01 +8.046846813e+01 +8.046846813e+01 +8.0031e-01 -1.2225e+00 -9.2034e-01 +1.9710e+00 -2.4745e+00 +1.6414e-01 +1.6153e-01 +2.3052e-01 -1.1596e+00 -2.5957e+00
4602 +5.855445754e-01 +5.855445754e-01 +8.006554458e+01 +8.006554458e+01 +5.9530e-01 -1.2679e+00 -1.0184e+00 +2.1350e+00 -2.5359e+00 +1.9510e-01 +9.2938e-02 +1.6241e-01 -1.2023e+00 -2.9522e+00
4864 +2.812345771e-01 +2.812345771e-01 +7.976123458e+01 +7.976123458e+01 +4.2361e-01 -1.1675e+00 -9.1421e-01 +2.1522e+00 -2.4919e+00 +1.4271e-01 -1.2862e-01 +1.2259e-01 -1.4358e+00 -3.0685e+00
4993 +1.703525360e-01 +1.703525360e-01 +7.965035254e+01 +7.965035254e+01 +3.4048e-01 -1.1101e+00 -9.3485e-01 +2.0727e+00 -2.5539e+00 +2.0205e-01 -5.7621e-02 +1.4635e-01 -1.5057e+00 -3.0773e+00
5127 +1.386374084e-01 +1.386374084e-01 +7.961863741e+01 +7.961863741e+01 +4.3685e-01 -1.0991e+00 -8.4915e-01 +2.0726e+00 -2.6282e+00 +2.8463e-01 -9.7110e-02 +5.7799e-02 -1.4551e+00 -3.0380e+00
5396 +9.173516658e-02 +9.173516658e-02 +7.957173517e+01 +7.957173517e+01 +3.8722e-01 -1.1081e+00 -8.4141e-01 +2.0521e+00 -2.5376e+00 +3.4334e-01 -1.9859e-02 +9.9041e-02 -1.5912e+00 -3.0558e+00
5522 +5.327933239e-02 +5.327933239e-02 +7.953327933e+01 +7.953327933e+01 +3.4615e-01 -1.1183e+00 -7.9975e-01 +2.0283e+00 -2.6077e+00 +3.1673e-01 -1.4319e-01 +9.3586e-02 -1.6125e+00 -2.9834e+00
5664 +3.144297086e-02 +3.144297086e-02 +7.951144297e+01 +7.951144297e+01 +2.9070e-01 -1.0614e+00 -7.4219e-01 +1.9561e+00 -2.6063e+00 +3.7956e-01 -2.1220e-01 +1.3322e-01 -1.6055e+00 -3.0345e+00
6075 +2.264578539e-02 +2.264578539e-02 +7.950264579e+01 +7.950264579e+01 +1.7424e-01 -1.0788e+00 -7.8468e-01 +1.9245e+00 -2.6871e+00 +4.6125e-01 -1.1817e-01 +1.6318e-01 -1.6101e+00 -2.9916e+00
6379 +1.577401815e-02 +1.577401815e-02 +7.949577402e+01 +7.949577402e+01 +2.6437e-01 -1.1502e+00 -7.1472e-01 +1.9316e+00 -2.6696e+00 +4.0270e-01 -1.8406e-01 +1.1890e-01 -1.6274e+00 -3.1481e+00
10923 +5.664499497e-03 +5.664499497e-03 +7.948566450e+01 +7.948566450e+01 +2.8479e-01 -1.1395e+00 -7.0700e-01 +1.9371e+00 -2.6552e+00 +4.6556e-01 -1.0524e-01 +1.4845e-01 -1.6704e+00 -3.0751e+00
% function evaluation | noise-free fitness - Fopt (3.944800000000e+02) | best noise-free fitness - Fopt | measured fitness | best measured fitness | x1 | x2...
1 +1.906612391e+02 +1.906612391e+02 +5.851412391e+02 +5.851412391e+02 +1.0258e+00 +2.3353e+00 +2.8811e+00 -2.9640e+00 -3.0825e-02 -3.4148e-01 +2.6257e-01 -3.4049e+00 -3.0554e+00 +4.0797e-01
3 +5.109629309e+01 +5.109629309e+01 +4.455762931e+02 +4.455762931e+02 -4.7440e-02 -2.0756e+00 +1.3953e+00 +3.7725e+00 -3.2278e-01 -3.3749e+00 +3.1167e+00 +3.8809e-01 +1.4037e+00 -2.9348e+00
248 +3.832774220e+01 +3.832774220e+01 +4.328077422e+02 +4.328077422e+02 -2.1536e+00 -8.1422e-02 -9.5708e-01 +9.5046e-01 +1.1189e+00 -1.8378e+00 +2.8314e+00 -1.5595e+00 -2.9130e+00 -1.7507e+00
1886 +2.489316258e+01 +2.489316258e+01 +4.193731626e+02 +4.193731626e+02 -1.9073e+00 -6.1259e-01 -2.4129e+00 +1.5877e+00 +1.3750e+00 -1.9287e+00 +2.9610e+00 -1.3506e+00 -2.7589e+00 -2.0325e+00
3532 +1.534190722e+01 +1.534190722e+01 +4.098219072e+02 +4.098219072e+02 -2.3924e+00 -1.1607e+00 -2.9735e+00 +2.0893e+00 +1.0378e+00 -2.1811e+00 +3.0963e+00 -1.1494e+00 -2.5074e+00 -2.1615e+00
4906 +9.932508950e+00 +9.932508950e+00 +4.044125090e+02 +4.044125090e+02 -2.7011e+00 -1.6705e+00 -2.9819e+00 +2.2238e+00 +1.1365e+00 -2.2261e+00 +3.5143e+00 -1.0717e+00 -2.0761e+00 -2.5867e+00
6160 +6.291919170e+00 +6.291919170e+00 +4.007719192e+02 +4.007719192e+02 -2.8244e+00 -1.7920e+00 -3.2284e+00 +2.5563e+00 +8.5683e-01 -2.5457e+00 +3.4038e+00 -7.6590e-01 -1.6922e+00 -2.7512e+00
6936 +3.891641643e+00 +3.891641643e+00 +3.983716416e+02 +3.983716416e+02 -3.0861e+00 -2.0215e+00 -3.3539e+00 +2.9655e+00 +1.0619e+00 -2.5824e+00 +3.4006e+00 -9.6347e-01 -1.7323e+00 -3.1104e+00
7675 +2.481762979e+00 +2.481762979e+00 +3.969617630e+02 +3.969617630e+02 -3.2838e+00 -2.4011e+00 -3.3025e+00 +2.9621e+00 +1.0433e+00 -2.5513e+00 +3.2813e+00 -7.9154e-01 -1.4164e+00 -3.2694e+00
8319 +1.556675554e+00 +1.556675554e+00 +3.960366756e+02 +3.960366756e+02 -3.4571e+00 -2.5474e+00 -3.5316e+00 +3.0921e+00 +8.1555e-01 -2.6680e+00 +3.2562e+00 -9.1737e-01 -1.3238e+00 -3.3887e+00
8712 +8.179058932e-01 +8.179058932e-01 +3.952979059e+02 +3.952979059e+02 -3.5059e+00 -2.7325e+00 -3.5092e+00 +3.3208e+00 +8.6789e-01 -2.7020e+00 +3.2129e+00 -6.7266e-01 -1.1703e+00 -3.5682e+00
8843 +6.256172116e-01 +6.256172116e-01 +3.951056172e+02 +3.951056172e+02 -3.5202e+00 -2.8056e+00 -3.5127e+00 +3.4071e+00 +8.0937e-01 -2.7247e+00 +3.2617e+00 -6.2060e-01 -1.1221e+00 -3.6062e+00
9318 +3.899228056e-01 +3.899228056e-01 +3.948699228e+02 +3.948699228e+02 -3.6401e+00 -2.9207e+00 -3.4936e+00 +3.5890e+00 +8.5098e-01 -2.8415e+00 +3.2727e+00 -6.4846e-01 -1.1104e+00 -3.5386e+00
9698 +2.279233281e-01 +2.279233281e-01 +3.947079233e+02 +3.947079233e+02 -3.7344e+00 -2.9286e+00 -3.6414e+00 +3.6539e+00 +8.2140e-01 -2.8007e+00 +3.4642e+00 -7.6934e-01 -1.0765e+00 -3.5584e+00
9840 +1.131692072e-01 +1.131692072e-01 +3.945931692e+02 +3.945931692e+02 -3.9036e+00 -2.9649e+00 -3.7437e+00 +3.7567e+00 +8.8308e-01 -2.7898e+00 +3.4781e+00 -7.4012e-01 -1.0309e+00 -3.5759e+00
10094 +9.932440634e-02 +9.932440634e-02 +3.945793244e+02 +3.945793244e+02 -3.7624e+00 -3.0589e+00 -3.7451e+00 +3.7749e+00 +9.0855e-01 -2.8321e+00 +3.4473e+00 -6.2426e-01 -9.5577e-01 -3.5996e+00
10817 +4.659806902e-02 +4.659806902e-02 +3.945265981e+02 +3.945265981e+02 -3.9333e+00 -2.9784e+00 -3.9059e+00 +3.8283e+00 +8.6912e-01 -2.8147e+00 +3.4122e+00 -7.0019e-01 -9.2237e-01 -3.7309e+00
10957 +2.281456241e-02 +2.281456241e-02 +3.945028146e+02 +3.945028146e+02 -3.9225e+00 -2.8888e+00 -3.9210e+00 +3.9382e+00 +8.6998e-01 -2.9070e+00 +3.3852e+00 -6.5836e-01 -8.7820e-01 -3.7361e+00
11866 +1.115427717e-02 +1.115427717e-02 +3.944911543e+02 +3.944911543e+02 -3.9109e+00 -2.8734e+00 -3.7970e+00 +3.9160e+00 +8.6392e-01 -2.9091e+00 +3.3927e+00 -5.7292e-01 -8.4462e-01 -3.6600e+00
12503 +6.099404689e-03 +6.099404689e-03 +3.944860994e+02 +3.944860994e+02 -3.8827e+00 -2.8623e+00 -3.8619e+00 +3.8882e+00 +8.4980e-01 -2.9171e+00 +3.4394e+00 -6.1040e-01 -8.5403e-01 -3.7410e+00
% function evaluation | noise-free fitness - Fopt (-2.471100000000e+02) | best noise-free fitness - Fopt | measured fitness | best measured fitness | x1 | x2...
1 +1.831266509e+02 +1.831266509e+02 -6.398334908e+01 -6.398334908e+01 +1.7427e+00 +3.4249e+00 -2.4869e+00 +2.9965e+00 +3.1027e+00 +2.6732e+00 -1.1770e+00 +1.6941e+00 -2.2026e+00 +3.2136e+00
2 +1.379866176e+02 +1.379866176e+02 -1.091233824e+02 -1.091233824e+02 -3.0852e+00 -2.9413e+00 -3.6048e+00 +2.9420e+00 +2.9418e+00 +3.1459e+00 -2.3181e+00 -1.3366e+00 -2.9813e-01 +3.5606e+00
4 +6.630702135e+01 +6.630702135e+01 -1.808029787e+02 -1.808029787e+02 +1.0016e+00 -3.9819e+00 +3.0788e+00 -2.1777e+00 -1.7840e+00 +1.1792e+00 +3.0509e+00 -3.6967e+00 -2.3989e+00 +3.6764e+00
24 +5.231086879e+01 +5.231086879e+01 -1.947991312e+02 -1.947991312e+02 +4.8527e-01 -3.8187e+00 +1.2839e-01 -1.6358e+00 -5.5532e-01 +1.0956e+00 +3.0995e+00 -2.4412e+00 -9.1559e-01 +1.3996e+00
79 +2.351693500e+01 +2.351693500e+01 -2.235930650e+02 -2.235930650e+02 -3.3851e+00 +1.1484e+00 -2.2367e-01 -3.3288e+00 -1.7380e+00 -1.5295e+00 +2.7068e+00 -2.7205e+00 +1.0331e+00 +1.2276e+00
352 +1.327336318e+01 +1.327336318e+01 -2.338366368e+02 -2.338366368e+02 -3.3857e+00 +1.1824e+00 -2.2926e-01 -2.6841e+00 -1.8203e+00 +4.3079e-01 +2.5875e+00 -2.6985e+00 +1.1642e+00 +1.3008e+00
728 +9.860720096e+00 +9.860720096e+00 -2.372492799e+02 -2.372492799e+02 -3.3222e+00 +9.6884e-01 -1.1199e-01 -2.5389e+00 -2.0255e+00 +2.5088e+00 +2.3300e+00 -2.6688e+00 +1.2221e+00 +1.3477e+00
1844 +6.253018605e+00 +6.253018605e+00 -2.408569814e+02 -2.408569814e+02 -3.4691e+00 +7.3007e-01 -3.3053e-01 -2.7689e+00 -2.1144e+00 +2.4359e+00 +2.7407e+00 -3.1206e+00 +8.3235e-01 +1.3312e+00
2501 +3.931152495e+00 +3.931152495e+00 -2.431788475e+02 -2.431788475e+02 -3.5305e+00 +4.6563e-01 -5.8676e-01 -3.0973e+00 -2.1257e+00 +2.4586e+00 +2.8132e+00 -3.0946e+00 +3.6439e-01 +1.6269e+00
3359 +2.306321523e+00 +2.306321523e+00 -2.448036785e+02 -2.448036785e+02 -3.6468e+00 +2.4076e-01 -6.2174e-01 -3.0678e+00 -2.3385e+00 +2.3224e+00 +2.9097e+00 -3.3457e+00 +4.1448e-01 +2.0147e+00
3742 +1.569203414e+00 +1.569203414e+00 -2.455407966e+02 -2.455407966e+02 -3.7300e+00 +3.2462e-01 -6.9993e-01 -3.1746e+00 -2.4448e+00 +2.1910e+00 +2.9034e+00 -3.5650e+00 +2.7285e-01 +2.1174e+00
4132 +9.824173529e-01 +9.824173529e-01 -2.461275826e+02 -2.461275826e+02 -3.6854e+00 +2.6168e-01 -7.1238e-01 -3.3575e+00 -2.5942e+00 +2.2142e+00 +3.0072e+00 -3.8182e+00 +3.1437e-01 +2.2016e+00
4738 +5.787525069e-01 +5.787525069e-01 -2.465312475e+02 -2.465312475e+02 -3.7947e+00 +1.8944e-01 -7.3340e-01 -3.3422e+00 -2.6810e+00 +2.4442e+00 +2.9966e+00 -3.8759e+00 +2.4782e-01 +2.4899e+00
4992 +3.570984847e-01 +3.570984847e-01 -2.467529015e+02 -2.467529015e+02 -3.8525e+00 +3.9589e-02 -8.8340e-01 -3.4941e+00 -2.7868e+00 +2.3344e+00 +3.0380e+00 -3.9486e+00 +8.8629e-02 +2.5158e+00
5259 +2.000234093e-01 +2.000234093e-01 -2.469099766e+02 -2.469099766e+02 -3.8033e+00 +1.4865e-01 -8.1481e-01 -3.5128e+00 -2.9619e+00 +2.4542e+00 +3.1319e+00 -3.8996e+00 +1.4672e-01 +2.5844e+00
5402 +1.571503702e-01 +1.571503702e-01 -2.469528496e+02 -2.469528496e+02 -3.7647e+00 +3.4466e-01 -6.7096e-01 -3.5727e+00 -2.9327e+00 +2.3491e+00 +3.1015e+00 -3.7450e+00 +9.5252e-02 +2.6747e+00
5529 +9.523978880e-02 +9.523978880e-02 -2.470147602e+02 -2.470147602e+02 -3.8001e+00 +2.5047e-01 -7.3254e-01 -3.6592e+00 -2.9662e+00 +2.4331e+00 +3.0650e+00 -3.7775e+00 +2.7997e-02 +2.7449e+00
5655 +5.006899127e-02 +5.006899127e-02 -2.470599310e+02 -2.470599310e+02 -3.8817e+00 +2.1997e-01 -6.7374e-01 -3.6352e+00 -3.0412e+00 +2.3594e+00 +3.1526e+00 -3.8002e+00 -6.1764e-02 +2.6952e+00
6111 +3.841359560e-02 +3.841359560e-02 -2.470715864e+02 -2.470715864e+02 -3.8414e+00 +1.5100e-01 -7.1626e-01 -3.6418e+00 -3.0804e+00 +2.4180e+00 +3.2195e+00 -3.9693e+00 -1.0381e-01 +2.6948e+00
6912 +2.158853449e-02 +2.158853449e-02 -2.470884115e+02 -2.470884115e+02 -3.8849e+00 +2.1760e-01 -6.8086e-01 -3.6197e+00 -3.1169e+00 +2.3436e+00 +3.2080e+00 -3.8742e+00 -9.7530e-02 +2.7512e+00
7027 +1.061797874e-02 +1.061797874e-02 -2.470993820e+02 -2.470993820e+02 -3.8357e+00 +1.7516e-01 -7.1245e-01 -3.6603e+00 -3.0668e+00 +2.3124e+00 +3.2413e+00 -3.9278e+00 -1.3870e-01 +2.8510e+00
7158 +7.712874774e-03 +7.712874774e-03 -2.471022871e+02 -2.471022871e+02 -3.8531e+00 +2.3973e-01 -6.9522e-01 -3.7220e+00 -3.0985e+00 +2.2920e+00 +3.1953e+00 -3.9319e+00 -9.4086e-02 +2.8020e+00
% function evaluation | noise-free fitness - Fopt (-1.520400000000e+02) | best noise-free fitness - Fopt | measured fitness | best measured fitness | x1 | x2...
1 +1.250517392e+02 +1.250517392e+02 -2.698826082e+01 -2.698826082e+01 -3.0004e+00 -2.0007e+00 -5.1477e-01 -2.9137e+00 +3.2356e+00 +1.7391e+00 +1.7196e+00 -1.1383e+00 -5.8344e-01 -2.9365e+00
2 +4.125328459e+01 +4.125328459e+01 -1.107867154e+02 -1.107867154e+02 +1.3610e+00 +4.1160e-01 -2.3519e+00 +3.7582e+00 +2.5238e+00 -2.6190e+00 -1.4381e+00 -3.8345e+00 -2.4554e+00 +2.2847e+00
8 +3.947235577e+01 +3.947235577e+01 -1.125676442e+02 -1.125676442e+02 +2.6140e+00 +2.7059e+00 -2.8007e+00 +2.9871e-01 +3.4280e+00 +2.1662e+00 -2.7827e+00 +6.8023e-01 +3.2852e+00 +1.1411e+00
158 +2.355763991e+01 +2.355763991e+01 -1.284823601e+02 -1.284823601e+02 +2.6295e+00 +1.1259e+00 -3.8784e+00 +2.1009e-02 +3.4526e+00 +2.5547e-01 -1.8517e+00 -2.8376e-01 +2.2992e+00 +2.2536e+00
1039 +1.566999957e+01 +1.566999957e+01 -1.363700004e+02 -1.363700004e+02 -1.3142e+00 +1.9199e+00 -2.7848e+00 +1.4284e+00 +2.1890e+00 +2.0720e-01 +1.4391e+00 -9.8709e-01 +2.2437e+00 +1.6166e+00
2418 +9.771418203e+00 +9.771418203e+00 -1.422685818e+02 -1.422685818e+02 -8.8296e-01 +1.8118e+00 -2.9200e+00 +1.7252e+00 +2.4730e+00 +1.8584e-01 +8.2061e-01 -9.5175e-01 +2.1425e+00 +1.9329e+00
3664 +6.256705137e+00 +6.256705137e+00 -1.457832949e+02 -1.457832949e+02 -8.0014e-01 +1.8375e+00 -2.8744e+00 +2.2153e+00 +2.5396e+00 +9.4655e-02 +5.4014e-01 -9.1013e-01 +1.8243e+00 +2.3190e+00
4560 +3.965166437e+00 +3.965166437e+00 -1.480748336e+02 -1.480748336e+02 +1.0459e+00 +1.3131e+00 -3.7801e+00 +1.9249e+00 +2.6001e+00 +2.0763e-01 -1.3090e+00 -7.9280e-01 +1.7263e+00 +3.2702e+00
5208 +2.484215109e+00 +2.484215109e+00 -1.495557849e+02 -1.495557849e+02 +7.0612e-01 +1.5735e+00 -3.8148e+00 +2.2176e+00 +2.7194e+00 +7.3399e-02 -1.1668e+00 -7.3169e-01 +1.8190e+00 +3.2445e+00
5608 +1.572644711e+00 +1.572644711e+00 -1.504673553e+02 -1.504673553e+02 +4.8538e-01 +1.5861e+00 -3.7558e+00 +2.4484e+00 +2.6817e+00 +2.0153e-01 -1.2090e+00 -6.3891e-01 +1.7155e+00 +3.4557e+00
6290 +7.797401549e-01 +7.797401549e-01 -1.512602598e+02 -1.512602598e+02 -4.8629e-01 +1.4614e+00 -3.4856e+00 +2.8959e+00 +2.6471e+00 +2.8638e-01 -4.3000e-01 -7.8768e-01 +1.6838e+00 +3.2280e+00
6427 +6.305352574e-01 +6.305352574e-01 -1.514094647e+02 -1.514094647e+02 -4.3659e-01 +1.4693e+00 -3.5770e+00 +2.9356e+00 +2.5834e+00 +2.6343e-01 -4.1621e-01 -7.8169e-01 +1.6434e+00 +3.2202e+00
6811 +3.057377397e-01 +3.057377397e-01 -1.517342623e+02 -1.517342623e+02 -3.7119e-01 +1.4343e+00 -3.6476e+00 +3.0284e+00 +2.6530e+00 +2.4049e-01 -6.7904e-01 -5.7058e-01 +1.5619e+00 +3.3303e+00
6944 +2.211089831e-01 +2.211089831e-01 -1.518188910e+02 -1.518188910e+02 -3.4683e-01 +1.3368e+00 -3.7443e+00 +2.9894e+00 +2.5631e+00 +1.6498e-01 -7.2570e-01 -6.2934e-01 +1.6216e+00 +3.3544e+00
7196 +1.503480073e-01 +1.503480073e-01 -1.518896520e+02 -1.518896520e+02 -3.0961e-01 +1.4069e+00 -3.7472e+00 +3.0867e+00 +2.5165e+00 +1.7000e-01 -8.1426e-01 -7.9815e-01 +1.6373e+00 +3.3068e+00
7667 +9.370201439e-02 +9.370201439e-02 -1.519462980e+02 -1.519462980e+02 -2.1913e-01 +1.4061e+00 -3.7194e+00 +3.1661e+00 +2.5638e+00 +1.4521e-01 -8.4884e-01 -7.2922e-01 +1.5135e+00 +3.3860e+00
7935 +6.049111583e-02 +6.049111583e-02 -1.519795089e+02 -1.519795089e+02 -2.3354e-01 +1.3783e+00 -3.7320e+00 +3.2580e+00 +2.4425e+00 +2.5053e-01 -8.7572e-01 -6.6085e-01 +1.4710e+00 +3.4062e+00
8102 +3.298680983e-02 +3.298680983e-02 -1.520070132e+02 -1.520070132e+02 -2.5377e-01 +1.4065e+00 -3.8926e+00 +3.1951e+00 +2.4335e+00 +1.2868e-01 -9.4624e-01 -5.7529e-01 +1.4988e+00 +3.4902e+00
8630 +9.201550209e-03 +9.201550209e-03 -1.520307984e+02 -1.520307984e+02 -2.3324e-01 +1.4102e+00 -3.9341e+00 +3.2785e+00 +2.4031e+00 +1.8553e-01 -8.8494e-01 -7.3028e-01 +1.4669e+00 +3.4181e+00
% function evaluation | noise-free fitness - Fopt (-2.525000000000e+01) | best noise-free fitness - Fopt | measured fitness | best measured fitness | x1 | x2...
1 +1.880443221e+02 +1.880443221e+02 +1.627943221e+02 +1.627943221e+02 -1.9328e+00 -3.5859e+00 +1.4992e+00 +3.8990e+00 +1.3778e+00 +1.8365e+00 +3.0680e+00 -3.2849e-01 -2.9477e+00 +3.3081e+00
2 +1.144597734e+02 +1.144597734e+02 +8.920977335e+01 +8.920977335e+01 -2.1882e+00 -3.0763e+00 -1.2257e-01 +8.8579e-01 -2.0989e+00 -1.5044e+00 -8.5157e-01 -1.8707e+00 +2.2631e+00 +1.9608e+00
3 +8.550907187e+01 +8.550907187e+01 +6.025907187e+01 +6.025907187e+01 +3.7254e+00 -2.9957e+00 -2.2475e+00 -1.1079e-01 +3.4269e+00 -3.9749e+00 +1.1934e+00 -1.7926e+00 +3.8973e+00 +3.0108e+00
6 +3.159725541e+01 +3.159725541e+01 +6.347255407e+00 +6.347255407e+00 +2.6785e+00 -3.7085e+00 -1.4816e+00 -5.6734e-01 +1.2286e+00 +4.1978e-01 -9.1951e-01 -7.6934e-01 +1.6102e+00 -3.7612e+00
34 +1.357583553e+01 +1.357583553e+01 -1.167416447e+01 -1.167416447e+01 +2.1950e+00 +1.5303e+00 -9.3813e-01 -6.9762e-01 +3.5238e+00 +1.4653e+00 -8.6889e-01 -7.5155e-01 +1.0064e+00 -1.2248e+00
802 +9.839536053e+00 +9.839536053e+00 -1.541046395e+01 -1.541046395e+01 +2.4823e+00 +1.4413e+00 -9.1832e-01 -9.5291e-01 +3.3412e+00 +1.3753e+00 -1.2163e+00 -9.4293e-01 +1.0182e+00 -1.4082e+00
1921 +6.117776952e+00 +6.117776952e+00 -1.913222305e+01 -1.913222305e+01 +2.9494e+00 +1.2637e+00 -1.3741e+00 -1.0589e+00 +3.5341e+00 +1.1098e+00 -1.5364e+00 -1.0801e+00 +1.1298e+00 -1.6227e+00
2585 +3.935521964e+00 +3.935521964e+00 -2.131447804e+01 -2.131447804e+01 +3.2555e+00 +1.1033e+00 -1.3398e+00 -1.2915e+00 +3.4722e+00 +8.6075e-01 -1.5902e+00 -1.0786e+00 +1.1526e+00 -1.9443e+00
3436 +2.418352106e+00 +2.418352106e+00 -2.283164789e+01 -2.283164789e+01 +3.3163e+00 +9.9516e-01 -1.3422e+00 -1.4887e+00 +3.4339e+00 +6.6222e-01 -1.6305e+00 -1.3046e+00 +1.1679e+00 -2.2790e+00
3954 +1.538675789e+00 +1.538675789e+00 -2.371132421e+01 -2.371132421e+01 +3.2832e+00 +9.5852e-01 -1.2652e+00 -1.7016e+00 +3.4601e+00 +6.8315e-01 -1.9654e+00 -1.5753e+00 +1.1927e+00 -2.3235e+00
4554 +9.934960632e-01 +9.934960632e-01 -2.425650394e+01 -2.425650394e+01 +3.3661e+00 +7.8217e-01 -1.3849e+00 -1.8434e+00 +3.3203e+00 +5.2716e-01 -1.8736e+00 -1.5864e+00 +1.2841e+00 -2.6255e+00
4820 +5.900656900e-01 +5.900656900e-01 -2.465993431e+01 -2.465993431e+01 +3.3924e+00 +7.7258e-01 -1.2637e+00 -1.8955e+00 +3.2154e+00 +2.9895e-01 -2.0705e+00 -1.5219e+00 +1.2793e+00 -2.5596e+00
5077 +3.775983495e-01 +3.775983495e-01 -2.487240165e+01 -2.487240165e+01 +3.5411e+00 +7.4312e-01 -1.2536e+00 -1.8978e+00 +3.2263e+00 +2.1829e-01 -2.2036e+00 -1.5488e+00 +1.3109e+00 -2.5491e+00
5203 +1.898139599e-01 +1.898139599e-01 -2.506018604e+01 -2.506018604e+01 +3.5443e+00 +7.1481e-01 -1.3048e+00 -1.9930e+00 +3.2250e+00 +1.3732e-01 -2.2653e+00 -1.6669e+00 +1.3778e+00 -2.7558e+00
5332 +1.457426198e-01 +1.457426198e-01 -2.510425738e+01 -2.510425738e+01 +3.5494e+00 +7.4853e-01 -1.3951e+00 -2.0595e+00 +3.2689e+00 +4.9893e-02 -2.2410e+00 -1.6429e+00 +1.3043e+00 -2.7773e+00
5466 +9.356594153e-02 +9.356594153e-02 -2.515643406e+01 -2.515643406e+01 +3.4870e+00 +6.8401e-01 -1.3962e+00 -2.0186e+00 +3.3506e+00 +2.6727e-02 -2.3735e+00 -1.7165e+00 +1.1834e+00 -2.6619e+00
5721 +5.189472552e-02 +5.189472552e-02 -2.519810527e+01 -2.519810527e+01 +3.5793e+00 +5.6503e-01 -1.4056e+00 -2.0393e+00 +3.3266e+00 -9.6713e-02 -2.3941e+00 -1.7600e+00 +1.1710e+00 -2.7172e+00
6265 +3.470476902e-02 +3.470476902e-02 -2.521529523e+01 -2.521529523e+01 +3.6675e+00 +6.3462e-01 -1.5050e+00 -2.1951e+00 +3.2198e+00 -8.7321e-02 -2.5151e+00 -1.7355e+00 +1.2617e+00 -2.5925e+00
6325 +2.488134750e-02 +2.488134750e-02 -2.522511865e+01 -2.522511865e+01 +3.5902e+00 +6.6865e-01 -1.3921e+00 -2.1117e+00 +3.2798e+00 -8.7199e-02 -2.4769e+00 -1.8288e+00 +1.3055e+00 -2.8138e+00
6527 +1.170635658e-02 +1.170635658e-02 -2.523829364e+01 -2.523829364e+01 +3.6288e+00 +6.3155e-01 -1.4508e+00 -2.1551e+00 +3.3718e+00 -1.0893e-01 -2.4774e+00 -1.7670e+00 +1.2617e+00 -2.6698e+00
12110 +9.753542918e-03 +9.753542918e-03 -2.524024646e+01 -2.524024646e+01 +3.5563e+00 +6.8277e-01 -1.4177e+00 -2.1044e+00 +3.3247e+00 -9.9480e-02 -2.4930e+00 -1.7915e+00 +1.3217e+00 -2.6768e+00
% function evaluation | noise-free fitness - Fopt (2.230000000000e+00) | best noise-free fitness - Fopt | measured fitness | best measured fitness | x1 | x2...
1 +1.282082982e+02 +1.282082982e+02 +1.304382982e+02 +1.304382982e+02 -2.1014e+00 +8.7591e-02 -1.7332e+00 +1.0009e+00 -2.1624e+00 -3.5177e+00 +2.4860e+00 +2.6339e-01 -2.7994e+00 -8.0126e-01
2 +8.239621422e+01 +8.239621422e+01 +8.462621422e+01 +8.462621422e+01 +5.3604e-01 -1.8126e+00 +2.2009e+00 +2.7696e+00 -4.5655e-01 +6.2350e-01 -7.9987e-01 -2.6669e+00 +2.2754e+00 +9.8160e-01
3 +5.260168164e+01 +5.260168164e+01 +5.483168164e+01 +5.483168164e+01 +3.8431e+00 -1.5972e+00 -8.8378e-01 +4.4164e-01 +1.8013e+00 +6.5874e-01 +9.2420e-01 +5.7351e-01 -3.9402e-02 +2.9563e+00
59 +1.967216553e+01 +1.967216553e+01 +2.190216553e+01 +2.190216553e+01 +3.6867e+00 -1.2339e+00 +2.6627e-02 -2.7276e+00 +2.0462e-01 -3.7705e+00 -1.4746e+00 -3.7969e+00 +1.2354e+00 -3.8325e-02
595 +1.544766958e+01 +1.544766958e+01 +1.767766958e+01 +1.767766958e+01 +3.6500e+00 -1.3315e+00 -2.1784e-01 -2.4805e+00 +5.9737e-01 -3.8385e+00 -1.5712e+00 -3.6536e+00 +1.0557e+00 +3.7784e-02
1716 +9.943446627e+00 +9.943446627e+00 +1.217344663e+01 +1.217344663e+01 +3.7361e+00 -1.5174e+00 -7.0486e-02 -2.3503e+00 +1.1097e+00 -3.8207e+00 -1.9209e+00 -3.2948e+00 +8.1604e-01 +2.8113e-01
2622 +6.262880461e+00 +6.262880461e+00 +8.492880461e+00 +8.492880461e+00 +3.8378e+00 -1.7646e+00 -1.3538e-01 -2.2497e+00 +1.6302e+00 -3.7219e+00 -1.9071e+00 -3.0881e+00 +4.2428e-01 +2.7159e-01
3614 +3.805543836e+00 +3.805543836e+00 +6.035543836e+00 +6.035543836e+00 +3.8597e+00 -1.8276e+00 -1.1600e-01 -2.3713e+00 +2.0802e+00 -3.7298e+00 -2.1895e+00 -2.8524e+00 +4.1676e-02 +4.3630e-01
4263 +2.495819233e+00 +2.495819233e+00 +4.725819233e+00 +4.725819233e+00 +3.9516e+00 -2.0136e+00 -1.4014e-01 -2.0555e+00 +2.3718e+00 -3.7320e+00 -2.0942e+00 -2.9931e+00 +7.8995e-02 +6.1072e-01
4872 +1.555457212e+00 +1.555457212e+00 +3.785457212e+00 +3.785457212e+00 +3.9434e+00 -2.0676e+00 +5.0170e-02 -2.1509e+00 +2.7079e+00 -3.5576e+00 -2.2150e+00 -2.8639e+00 -5.5693e-03 +7.0057e-01
5385 +9.670965794e-01 +9.670965794e-01 +3.197096579e+00 +3.197096579e+00 +3.9935e+00 -2.0970e+00 -6.6043e-02 -2.1153e+00 +2.8942e+00 -3.5935e+00 -2.2528e+00 -2.7299e+00 -1.6993e-01 +8.5968e-01
5644 +6.132666440e-01 +6.132666440e-01 +2.843266644e+00 +2.843266644e+00 +4.0351e+00 -2.0237e+00 +8.4903e-02 -1.9284e+00 +3.0178e+00 -3.7760e+00 -2.3382e+00 -2.6027e+00 -1.1204e-01 +1.0216e+00
5787 +3.899530246e-01 +3.899530246e-01 +2.619953025e+00 +2.619953025e+00 +4.0953e+00 -2.2123e+00 +8.5906e-02 -1.9240e+00 +3.1736e+00 -3.7214e+00 -2.2560e+00 -2.6835e+00 +1.8289e-02 +1.0769e+00
6246 +2.373506939e-01 +2.373506939e-01 +2.467350694e+00 +2.467350694e+00 +3.9413e+00 -2.1682e+00 +2.5978e-03 -1.7859e+00 +3.2673e+00 -3.7910e+00 -2.1642e+00 -2.6351e+00 -1.8317e-01 +1.1131e+00
6647 +1.318377672e-01 +1.318377672e-01 +2.361837767e+00 +2.361837767e+00 +3.9896e+00 -2.2476e+00 -2.6334e-03 -1.8661e+00 +3.4212e+00 -3.6345e+00 -2.2129e+00 -2.5888e+00 -8.2335e-02 +1.1000e+00
6787 +6.626314278e-02 +6.626314278e-02 +2.296263143e+00 +2.296263143e+00 +3.8681e+00 -2.1959e+00 -8.6746e-03 -1.9096e+00 +3.5479e+00 -3.7458e+00 -2.1566e+00 -2.5489e+00 -1.2005e-01 +1.1596e+00
7027 +4.827081114e-02 +4.827081114e-02 +2.278270811e+00 +2.278270811e+00 +3.9115e+00 -2.1874e+00 -9.0361e-03 -1.9025e+00 +3.6767e+00 -3.7983e+00 -2.1851e+00 -2.5785e+00 -1.2745e-01 +1.1341e+00
7174 +3.820465765e-02 +3.820465765e-02 +2.268204658e+00 +2.268204658e+00 +3.8559e+00 -2.2522e+00 -1.9369e-02 -1.8484e+00 +3.5844e+00 -3.8865e+00 -2.2575e+00 -2.5006e+00 -2.0758e-01 +1.1992e+00
7897 +2.480582929e-02 +2.480582929e-02 +2.254805829e+00 +2.254805829e+00 +3.8845e+00 -2.3739e+00 -6.0188e-02 -1.8064e+00 +3.6639e+00 -3.8394e+00 -2.2538e+00 -2.5784e+00 -5.8909e-02 +1.0736e+00
10063 +1.033459116e-02 +1.033459116e-02 +2.240334591e+00 +2.240334591e+00 +3.8817e+00 -2.3964e+00 +3.4549e-02 -1.8178e+00 +3.6863e+00 -3.8777e+00 -2.2305e+00 -2.5010e+00 -8.6325e-02 +1.1433e+00
11693 +7.947266370e-03 +7.947266370e-03 +2.237947266e+00 +2.237947266e+00 +3.9004e+00 -2.4126e+00 -5.3775e-03 -1.8094e+00 +3.6588e+00 -3.7912e+00 -2.2414e+00 -2.5240e+00 -1.2740e-01 +1.1544e+00
% function evaluation | noise-free fitness - Fopt (-1.308000000000e+01) | best noise-free fitness - Fopt | measured fitness | best measured fitness | x1 | x2...
1 +1.105129553e+02 +1.105129553e+02 +9.743295529e+01 +9.743295529e+01 -2.7721e+00 -3.7872e+00 +8.1368e-01 +6.6541e-01 +3.7318e+00 +1.4959e+00 -3.3617e-01 -2.3269e+00 -3.9837e+00 -9.3748e-01
4 +5.824194790e+01 +5.824194790e+01 +4.516194790e+01 +4.516194790e+01 -1.7771e+00 +4.5408e-03 -5.9221e-01 +1.7408e+00 -2.5713e+00 +2.1319e+00 +4.0692e-01 -4.6837e-01 -9.7699e-01 -3.4615e+00
21 +2.537329997e+01 +2.537329997e+01 +1.229329997e+01 +1.229329997e+01 -5.0694e-01 -2.0880e+00 +2.3943e+00 +2.8718e+00 -2.9386e+00 -3.1072e+00 -4.1265e-01 +3.6880e-01 +1.2317e+00 +2.2433e-01
158 +2.498115536e+01 +2.498115536e+01 +1.190115536e+01 +1.190115536e+01 -4.9950e-01 -2.1064e+00 +2.3907e+00 +2.8818e+00 -2.9648e+00 -3.1828e+00 -4.2297e-01 +3.0114e-01 +1.2863e+00 +1.8034e-01
1798 +1.557960868e+01 +1.557960868e+01 +2.499608682e+00 +2.499608682e+00 -3.0524e-01 -1.7097e+00 +2.7096e+00 +3.0936e+00 -2.9016e+00 -3.0968e+00 -2.0670e-01 -3.4982e-01 +9.9170e-01 -5.0894e-01
3303 +9.987796017e+00 +9.987796017e+00 -3.092203983e+00 -3.092203983e+00 -1.4633e-01 -1.9142e+00 +2.7890e+00 +3.2777e+00 -2.6703e+00 -3.3080e+00 +2.1026e-01 -5.6610e-01 +8.3970e-01 -1.1019e+00
4212 +6.222973667e+00 +6.222973667e+00 -6.857026333e+00 -6.857026333e+00 -1.1529e-01 -1.9519e+00 +3.1370e+00 +3.2867e+00 -2.6340e+00 -3.2734e+00 +6.0973e-01 -9.5668e-01 +8.8127e-01 -1.4718e+00
5080 +3.973951547e+00 +3.973951547e+00 -9.106048453e+00 -9.106048453e+00 +4.9124e-02 -1.8687e+00 +3.2392e+00 +3.2056e+00 -2.6332e+00 -3.2329e+00 +8.9683e-01 -1.3682e+00 +8.1244e-01 -1.7318e+00
5721 +2.259567797e+00 +2.259567797e+00 -1.082043220e+01 -1.082043220e+01 +9.5754e-02 -1.9158e+00 +3.3406e+00 +3.2669e+00 -2.5423e+00 -3.3623e+00 +8.6796e-01 -1.6200e+00 +5.9632e-01 -2.2427e+00
6200 +1.541552757e+00 +1.541552757e+00 -1.153844724e+01 -1.153844724e+01 +1.0318e-01 -1.7547e+00 +3.5317e+00 +3.2786e+00 -2.4024e+00 -3.1356e+00 +1.0276e+00 -1.9275e+00 +6.0089e-01 -2.3163e+00
6855 +9.620366123e-01 +9.620366123e-01 -1.211796339e+01 -1.211796339e+01 +7.7747e-02 -1.8976e+00 +3.5926e+00 +3.3813e+00 -2.2665e+00 -3.0978e+00 +1.0267e+00 -1.9169e+00 +3.5333e-01 -2.5425e+00
7102 +5.793285275e-01 +5.793285275e-01 -1.250067147e+01 -1.250067147e+01 +1.4619e-01 -1.8749e+00 +3.4138e+00 +3.3341e+00 -2.2843e+00 -2.9370e+00 +1.2327e+00 -2.1505e+00 +3.5637e-01 -2.6629e+00
7703 +3.684839336e-01 +3.684839336e-01 -1.271151607e+01 -1.271151607e+01 +9.1005e-02 -1.9873e+00 +3.5771e+00 +3.4329e+00 -2.2188e+00 -3.1017e+00 +1.3246e+00 -2.0384e+00 +2.3387e-01 -2.8096e+00
7970 +2.350621253e-01 +2.350621253e-01 -1.284493787e+01 -1.284493787e+01 +1.0556e-01 -1.9364e+00 +3.5048e+00 +3.4439e+00 -2.2559e+00 -2.9976e+00 +1.4306e+00 -1.9276e+00 +3.6355e-01 -2.9100e+00
8095 +1.192128431e-01 +1.192128431e-01 -1.296078716e+01 -1.296078716e+01 +1.0773e-01 -1.8992e+00 +3.4382e+00 +3.5065e+00 -2.3652e+00 -3.0119e+00 +1.5253e+00 -2.0102e+00 +2.1419e-01 -2.9486e+00
8353 +8.221532289e-02 +8.221532289e-02 -1.299778468e+01 -1.299778468e+01 +1.2154e-01 -1.8714e+00 +3.4458e+00 +3.6444e+00 -2.2226e+00 -2.9439e+00 +1.5253e+00 -2.0534e+00 +1.2267e-01 -3.0255e+00
8495 +5.571127844e-02 +5.571127844e-02 -1.302428872e+01 -1.302428872e+01 +1.4097e-01 -1.9519e+00 +3.4725e+00 +3.5520e+00 -2.2450e+00 -2.8936e+00 +1.6052e+00 -2.0952e+00 +1.5631e-01 -3.0213e+00
8746 +3.687333027e-02 +3.687333027e-02 -1.304312667e+01 -1.304312667e+01 +1.2348e-01 -1.9147e+00 +3.4919e+00 +3.6062e+00 -2.2699e+00 -2.7822e+00 +1.6542e+00 -2.0250e+00 +1.1489e-01 -3.0760e+00
9395 +2.467529530e-02 +2.467529530e-02 -1.305532470e+01 -1.305532470e+01 +2.8670e-01 -1.8834e+00 +3.4730e+00 +3.6986e+00 -2.3758e+00 -2.8774e+00 +1.6528e+00 -2.0438e+00 +1.6637e-01 -3.1047e+00
9678 +1.489223882e-02 +1.489223882e-02 -1.306510776e+01 -1.306510776e+01 +2.1955e-01 -1.9273e+00 +3.4915e+00 +3.6935e+00 -2.4060e+00 -2.8120e+00 +1.6047e+00 -2.0281e+00 +1.4616e-01 -3.2347e+00
% function evaluation | noise-free fitness - Fopt (2.671600000000e+02) | best noise-free fitness - Fopt | measured fitness | best measured fitness | x1 | x2...
1 +9.554572342e+01 +9.554572342e+01 +3.627057234e+02 +3.627057234e+02 -2.0719e-01 -2.8575e+00 +3.0429e+00 -1.7680e+00 +4.9458e-01 -2.5776e+00 -1.2686e+00 +6.2765e-01 -2.6565e+00 -3.1298e+00
38 +4.678194886e+01 +4.678194886e+01 +3.139419489e+02 +3.139419489e+02 -3.3807e+00 -2.0287e+00 -2.7864e+00 -2.9469e+00 +5.0724e-01 +4.0072e-01 +2.8298e-01 -2.3883e+00 +5.5931e-02 -2.3641e+00
99 +3.581394737e+01 +3.581394737e+01 +3.029739474e+02 +3.029739474e+02 -1.5708e+00 -1.6468e+00 +1.3180e-01 -3.8472e+00 +2.9716e+00 -8.8670e-01 -1.5618e+00 -1.7827e+00 -1.8901e+00 +2.9804e+00
464 +2.467919294e+01 +2.467919294e+01 +2.918391929e+02 +2.918391929e+02 -1.1954e+00 -1.6150e+00 -1.0720e+00 -1.5873e+00 +2.1980e+00 -5.3952e-01 -8.1751e-01 -1.2893e+00 -1.7508e+00 +2.5439e+00
1982 +1.550779177e+01 +1.550779177e+01 +2.826677918e+02 +2.826677918e+02 -1.5840e+00 -2.1090e+00 -1.3215e+00 -1.6619e+00 +2.4048e+00 -6.1783e-01 -1.5064e-01 -1.1465e+00 -2.3641e+00 +2.0983e+00
3351 +9.688333245e+00 +9.688333245e+00 +2.768483332e+02 +2.768483332e+02 -2.0764e+00 -2.3254e+00 -1.6226e+00 -1.5460e+00 +2.7334e+00 -8.4160e-01 +8.7638e-02 -1.4833e+00 -2.6694e+00 +1.8333e+00
4736 +6.255253821e+00 +6.255253821e+00 +2.734152538e+02 +2.734152538e+02 -2.1741e+00 -2.6664e+00 -1.9994e+00 -1.8844e+00 +2.7901e+00 -1.0830e+00 +2.1243e-01 -1.5011e+00 -2.9645e+00 +1.9134e+00
5381 +3.901802178e+00 +3.901802178e+00 +2.710618022e+02 +2.710618022e+02 -2.3754e+00 -2.9362e+00 -2.2492e+00 -2.0652e+00 +2.7771e+00 -1.4971e+00 +3.7868e-01 -1.6577e+00 -3.0465e+00 +1.8240e+00
6246 +2.479275234e+00 +2.479275234e+00 +2.696392752e+02 +2.696392752e+02 -2.4219e+00 -3.2152e+00 -2.5413e+00 -1.9714e+00 +2.7729e+00 -1.3533e+00 +5.8540e-01 -1.7216e+00 -3.2799e+00 +1.8397e+00
6634 +1.449829631e+00 +1.449829631e+00 +2.686098296e+02 +2.686098296e+02 -2.8463e+00 -3.2675e+00 -2.6039e+00 -1.9528e+00 +3.0330e+00 -1.7197e+00 +6.3338e-01 -1.8262e+00 -3.2862e+00 +1.6475e+00
7024 +9.042088963e-01 +9.042088963e-01 +2.680642089e+02 +2.680642089e+02 -2.9270e+00 -3.2351e+00 -2.8518e+00 -1.8876e+00 +3.0494e+00 -1.7418e+00 +7.5030e-01 -1.9123e+00 -3.3265e+00 +1.5932e+00
7291 +5.358265202e-01 +5.358265202e-01 +2.676958265e+02 +2.676958265e+02 -2.8707e+00 -3.4140e+00 -2.9004e+00 -2.0079e+00 +3.2872e+00 -1.8632e+00 +9.3098e-01 -1.9840e+00 -3.3551e+00 +1.4645e+00
7883 +3.697928241e-01 +3.697928241e-01 +2.675297928e+02 +2.675297928e+02 -2.8571e+00 -3.4151e+00 -3.0644e+00 -2.0441e+00 +3.2276e+00 -1.8730e+00 +9.8358e-01 -1.9733e+00 -3.3920e+00 +1.4882e+00
8028 +2.496781303e-01 +2.496781303e-01 +2.674096781e+02 +2.674096781e+02 -2.7848e+00 -3.5520e+00 -3.1489e+00 -1.8863e+00 +3.2966e+00 -1.6497e+00 +8.7126e-01 -2.0108e+00 -3.5499e+00 +1.4355e+00
8152 +1.456887241e-01 +1.456887241e-01 +2.673056887e+02 +2.673056887e+02 -2.8327e+00 -3.5191e+00 -3.1818e+00 -1.8221e+00 +3.3682e+00 -1.7368e+00 +1.0340e+00 -2.0214e+00 -3.6904e+00 +1.5933e+00
8406 +7.557576819e-02 +7.557576819e-02 +2.672355758e+02 +2.672355758e+02 -2.8487e+00 -3.5374e+00 -3.2712e+00 -1.9106e+00 +3.2923e+00 -1.7523e+00 +1.0787e+00 -2.0575e+00 -3.5951e+00 +1.6045e+00
8542 +4.338584724e-02 +4.338584724e-02 +2.672033858e+02 +2.672033858e+02 -2.8832e+00 -3.5713e+00 -3.3418e+00 -1.8867e+00 +3.3507e+00 -1.7052e+00 +1.0243e+00 -2.0838e+00 -3.6264e+00 +1.5693e+00
9132 +3.250835595e-02 +3.250835595e-02 +2.671925084e+02 +2.671925084e+02 -3.0444e+00 -3.6884e+00 -3.4153e+00 -1.8687e+00 +3.3775e+00 -1.7557e+00 +1.0920e+00 -2.1651e+00 -3.4929e+00 +1.5764e+00
9261 +1.662725444e-02 +1.662725444e-02 +2.671766273e+02 +2.671766273e+02 -2.8705e+00 -3.6645e+00 -3.4777e+00 -1.8447e+00 +3.3314e+00 -1.7923e+00 +1.1259e+00 -2.1497e+00 -3.5144e+00 +1.5123e+00
10219 +1.215539773e-02 +1.215539773e-02 +2.671721554e+02 +2.671721554e+02 -2.9475e+00 -3.5610e+00 -3.4641e+00 -1.8397e+00 +3.3769e+00 -1.7597e+00 +1.0963e+00 -2.1383e+00 -3.5855e+00 +1.5138e+00
13328 +9.689007339e-03 +9.689007339e-03 +2.671696890e+02 +2.671696890e+02 -2.9307e+00 -3.6904e+00 -3.4360e+00 -1.8266e+00 +3.3357e+00 -1.8190e+00 +1.0887e+00 -2.1703e+00 -3.6401e+00 +1.5680e+00
% function evaluation | noise-free fitness - Fopt (3.710000000000e+00) | best noise-free fitness - Fopt | measured fitness | best measured fitness | x1 | x2...
1 +5.806962077e+01 +5.806962077e+01 +6.177962077e+01 +6.177962077e+01 +2.1529e+00 -3.7481e+00 +4.7499e-01 +2.2491e+00 +3.1979e-01 -5.6744e-01 -3.0071e+00 -1.7814e+00 +1.7285e+00 -3.1958e+00
22 +2.996937082e+01 +2.996937082e+01 +3.367937082e+01 +3.367937082e+01 +2.5922e-01 -3.5662e+00 -7.7453e-01 -6.9244e-01 +2.2255e-01 -1.0283e+00 -2.5081e+00 +1.0080e+00 +1.9565e+00 -1.1832e+00
43 +2.440079744e+01 +2.440079744e+01 +2.811079744e+01 +2.811079744e+01 +3.1095e+00 -2.4318e+00 +3.4173e+00 -2.9397e+00 +4.1743e-01 +3.3738e+00 +2.2479e-01 +1.0139e+00 +4.2116e-01 -1.6802e+00
1581 +1.544519530e+01 +1.544519530e+01 +1.915519530e+01 +1.915519530e+01 +3.3615e+00 -2.4162e+00 +2.9284e+00 -2.7952e+00 +3.6749e-01 +3.0019e+00 -4.0244e-01 +1.3894e+00 +8.2537e-01 -1.5892e+00
2367 +9.784644985e+00 +9.784644985e+00 +1.349464499e+01 +1.349464499e+01 +3.5460e+00 -2.5923e+00 +2.4987e+00 -2.4755e+00 +4.6374e-01 +2.7083e+00 -6.1708e-01 +1.7103e+00 +1.0676e+00 -1.3741e+00
3485 +6.308060666e+00 +6.308060666e+00 +1.001806067e+01 +1.001806067e+01 +3.7676e+00 -2.6586e+00 +2.2974e+00 -2.3152e+00 +3.4009e-01 +2.4968e+00 -8.7131e-01 +2.1323e+00 +1.2852e+00 -1.1991e+00
4145 +3.875742559e+00 +3.875742559e+00 +7.585742559e+00 +7.585742559e+00 +3.8422e+00 -2.7192e+00 +1.9651e+00 -2.4144e+00 +5.2359e-01 +2.2630e+00 -1.1092e+00 +2.3395e+00 +1.4683e+00 -1.0989e+00
4991 +2.510894108e+00 +2.510894108e+00 +6.220894108e+00 +6.220894108e+00 +3.9104e+00 -2.9412e+00 +1.7591e+00 -2.5697e+00 +5.6250e-01 +2.1740e+00 -1.2917e+00 +2.5644e+00 +1.6813e+00 -8.3481e-01
5403 +1.525492531e+00 +1.525492531e+00 +5.235492531e+00 +5.235492531e+00 +3.9019e+00 -2.8190e+00 +1.6049e+00 -2.3916e+00 +5.0618e-01 +1.9431e+00 -1.4388e+00 +2.7836e+00 +1.8699e+00 -8.6730e-01
5773 +8.683183990e-01 +8.683183990e-01 +4.578318399e+00 +4.578318399e+00 +3.8559e+00 -2.9640e+00 +1.4021e+00 -2.3347e+00 +5.1422e-01 +1.8216e+00 -1.5018e+00 +2.9291e+00 +1.8850e+00 -7.7916e-01
6242 +6.258147352e-01 +6.258147352e-01 +4.335814735e+00 +4.335814735e+00 +3.8571e+00 -3.0326e+00 +1.2601e+00 -2.2193e+00 +6.3701e-01 +1.8685e+00 -1.5680e+00 +2.9030e+00 +1.8382e+00 -7.6977e-01
6501 +3.381016521e-01 +3.381016521e-01 +4.048101652e+00 +4.048101652e+00 +3.9194e+00 -2.9935e+00 +1.1779e+00 -2.2597e+00 +5.9520e-01 +1.6376e+00 -1.6951e+00 +3.0840e+00 +1.9399e+00 -7.2775e-01
6770 +1.613152731e-01 +1.613152731e-01 +3.871315273e+00 +3.871315273e+00 +3.9700e+00 -3.1015e+00 +1.0908e+00 -2.1486e+00 +4.7154e-01 +1.6118e+00 -1.8050e+00 +3.1824e+00 +1.7851e+00 -8.4953e-01
6896 +1.488473170e-01 +1.488473170e-01 +3.858847317e+00 +3.858847317e+00 +3.9600e+00 -3.1810e+00 +1.1425e+00 -2.0894e+00 +5.1183e-01 +1.5669e+00 -1.8637e+00 +3.1098e+00 +1.8010e+00 -8.0640e-01
7023 +9.663946241e-02 +9.663946241e-02 +3.806639462e+00 +3.806639462e+00 +3.8480e+00 -3.1191e+00 +9.5510e-01 -2.1670e+00 +5.7167e-01 +1.5307e+00 -1.9387e+00 +3.2514e+00 +1.6986e+00 -7.6515e-01
7286 +2.360229835e-02 +2.360229835e-02 +3.733602298e+00 +3.733602298e+00 +4.0091e+00 -3.2107e+00 +8.2429e-01 -2.1514e+00 +6.0379e-01 +1.4917e+00 -1.8980e+00 +3.2133e+00 +1.8005e+00 -7.7175e-01
8147 +1.274344967e-02 +1.274344967e-02 +3.722743450e+00 +3.722743450e+00 +3.9585e+00 -3.2369e+00 +8.0577e-01 -1.9961e+00 +6.6435e-01 +1.4336e+00 -1.9020e+00 +3.2151e+00 +1.8110e+00 -8.7125e-01
11504 +7.158733780e-03 +7.158733780e-03 +3.717158734e+00 +3.717158734e+00 +4.0267e+00 -3.1860e+00 +8.3113e-01 -2.0193e+00 +6.3592e-01 +1.4421e+00 -1.8925e+00 +3.2068e+00 +1.7814e+00 -8.3013e-01
12373 +5.570887759e-03 +5.570887759e-03 +3.715570888e+00 +3.715570888e+00 +3.9688e+00 -3.1944e+00 +8.4778e-01 -2.0404e+00 +6.4213e-01 +1.4432e+00 -1.8094e+00 +3.1874e+00 +1.7975e+00 -8.5114e-01
% function evaluation | noise-free fitness - Fopt (9.478000000000e+01) | best noise-free fitness - Fopt | measured fitness | best measured fitness | x1 | x2...
1 +1.137037475e+02 +1.137037475e+02 +2.084837475e+02 +2.084837475e+02 +3.2799e-01 +1.0012e-01 -1.3229e-01 -3.3811e+00 +3.8698e+00 -2.8395e+00 -3.3982e+00 -5.3514e-01 -1.2157e+00 +1.1932e+00
4 +9.471537162e+01 +9.471537162e+01 +1.894953716e+02 +1.894953716e+02 -5.7418e-01 -1.5430e+00 +3.2056e+00 -4.5235e-01 -2.9864e+00 +3.0117e+00 +2.9035e+00 -2.3370e+00 -1.6309e-02 -2.9222e-01
10 +5.644912864e+01 +5.644912864e+01 +1.512291286e+02 +1.512291286e+02 +1.3819e+00 -3.9430e+00 +2.9851e+00 -4.8776e-01 +3.3443e-01 -3.0443e+00 +2.8691e-01 +6.3887e-01 -1.2755e+00 +3.7249e+00
1117 +3.965411599e+01 +3.965411599e+01 +1.344341160e+02 +1.344341160e+02 +1.8541e+00 -2.1924e+00 +1.1794e+00 -2.7476e+00 +2.7070e+00 -5.6100e-01 +2.4697e+00 +3.5297e+00 +1.1208e+00 -1.5603e+00
3227 +2.503709503e+01 +2.503709503e+01 +1.198170950e+02 +1.198170950e+02 +1.5593e+00 -2.2680e+00 +1.8247e+00 -3.1062e+00 +2.2764e+00 -3.7225e-01 +2.5954e+00 +2.9825e+00 +1.5110e+00 -7.0604e-01
5000 +1.574304847e+01 +1.574304847e+01 +1.105230485e+02 +1.105230485e+02 +1.4972e+00 -2.4871e+00 +2.1707e+00 -3.1969e+00 +2.5099e+00 -3.8856e-01 +3.1352e+00 +2.8307e+00 +1.7829e+00 +1.1373e-01
6383 +9.979945720e+00 +9.979945720e+00 +1.047599457e+02 +1.047599457e+02 +1.2904e+00 -2.6801e+00 +2.5547e+00 -3.2329e+00 +2.5815e+00 -1.6271e-01 +3.0526e+00 +2.6766e+00 +2.1597e+00 +6.7113e-01
7326 +6.157189844e+00 +6.157189844e+00 +1.009371898e+02 +1.009371898e+02 +7.6622e-02 -2.8787e+00 +3.4640e+00 -2.5224e+00 +1.2342e+00 +1.4771e-01 +3.8064e+00 +1.1596e+00 +1.8257e+00 +2.7659e+00
8279 +3.799859466e+00 +3.799859466e+00 +9.857985947e+01 +9.857985947e+01 +1.1682e+00 -2.8326e+00 +3.2585e+00 -3.3666e+00 +2.3667e+00 +4.3493e-02 +3.1409e+00 +2.6880e+00 +2.6542e+00 +1.6444e+00
8814 +2.456912398e+00 +2.456912398e+00 +9.723691240e+01 +9.723691240e+01 +1.0233e+00 -2.7363e+00 +3.5281e+00 -3.3210e+00 +2.2677e+00 -1.3927e-01 +3.4221e+00 +2.4924e+00 +2.5719e+00 +1.9407e+00
9651 +1.511816394e+00 +1.511816394e+00 +9.629181639e+01 +9.629181639e+01 +9.8747e-01 -2.8514e+00 +3.3953e+00 -3.4478e+00 +2.4487e+00 -2.4660e-01 +3.4599e+00 +2.2671e+00 +2.5887e+00 +2.2737e+00
9911 +9.818187421e-01 +9.818187421e-01 +9.576181874e+01 +9.576181874e+01 +8.4251e-01 -2.8632e+00 +3.5689e+00 -3.2397e+00 +2.3920e+00 -1.3918e-01 +3.3259e+00 +2.0719e+00 +2.8446e+00 +2.3827e+00
10301 +5.577561586e-01 +5.577561586e-01 +9.533775616e+01 +9.533775616e+01 +1.0147e+00 -3.0065e+00 +3.6477e+00 -3.2888e+00 +2.4106e+00 -2.7427e-01 +3.5407e+00 +2.1138e+00 +2.8329e+00 +2.6079e+00
10774 +3.833165087e-01 +3.833165087e-01 +9.516331651e+01 +9.516331651e+01 +8.9177e-01 -3.0749e+00 +3.5041e+00 -3.4982e+00 +2.6046e+00 -1.8791e-01 +3.5212e+00 +2.0717e+00 +2.9899e+00 +2.7128e+00
10926 +2.406153950e-01 +2.406153950e-01 +9.502061540e+01 +9.502061540e+01 +1.0168e+00 -3.0929e+00 +3.5553e+00 -3.5605e+00 +2.5543e+00 -1.7640e-01 +3.6080e+00 +2.0458e+00 +3.0023e+00 +2.8558e+00
11174 +1.183884467e-01 +1.183884467e-01 +9.489838845e+01 +9.489838845e+01 +8.5957e-01 -3.0435e+00 +3.6422e+00 -3.4167e+00 +2.4802e+00 -7.8935e-02 +3.5977e+00 +1.9986e+00 +3.1082e+00 +2.9989e+00
11294 +9.296023616e-02 +9.296023616e-02 +9.487296024e+01 +9.487296024e+01 +9.0282e-01 -3.0839e+00 +3.7413e+00 -3.4053e+00 +2.4836e+00 -7.1744e-02 +3.6715e+00 +1.9399e+00 +3.0700e+00 +2.9234e+00
11432 +4.683786894e-02 +4.683786894e-02 +9.482683787e+01 +9.482683787e+01 +9.1341e-01 -3.1652e+00 +3.7475e+00 -3.4723e+00 +2.4885e+00 -1.4519e-01 +3.5931e+00 +2.0040e+00 +3.1545e+00 +3.0013e+00
11560 +3.829531504e-02 +3.829531504e-02 +9.481829532e+01 +9.481829532e+01 +9.2656e-01 -3.2549e+00 +3.7955e+00 -3.4995e+00 +2.4429e+00 -1.5884e-01 +3.6325e+00 +1.9396e+00 +3.2016e+00 +3.0486e+00
11693 +2.489856990e-02 +2.489856990e-02 +9.480489857e+01 +9.480489857e+01 +9.4589e-01 -3.1774e+00 +3.7953e+00 -3.5148e+00 +2.5265e+00 -7.0572e-02 +3.6543e+00 +1.9281e+00 +3.1155e+00 +3.0700e+00
12411 +1.388807771e-02 +1.388807771e-02 +9.479388808e+01 +9.479388808e+01 +8.8177e-01 -3.1103e+00 +3.8825e+00 -3.4905e+00 +2.5200e+00 -6.7968e-02 +3.6293e+00 +1.9255e+00 +3.1498e+00 +3.0519e+00
14721 +4.662300667e-03 +4.662300667e-03 +9.478466230e+01 +9.478466230e+01 +9.5527e-01 -3.1233e+00 +3.8974e+00 -3.4965e+00 +2.5226e+00 -7.8670e-02 +3.5678e+00 +1.8752e+00 +3.1428e+00 +3.1044e+00
% function evaluation | noise-free fitness - Fopt (2.339200000000e+02) | best noise-free fitness - Fopt | measured fitness | best measured fitness | x1 | x2...
1 +4.844293979e+01 +4.844293979e+01 +2.823629398e+02 +2.823629398e+02 -3.9981e+00 +7.1268e-01 -4.9555e-01 -3.7435e+00 -3.4715e+00 +1.5385e+00 -3.6145e+00 -3.4569e-01 -6.5578e-01 +3.3923e+00
39 +2.622842009e+01 +2.622842009e+01 +2.601484201e+02 +2.601484201e+02 -3.8236e+00 +4.6074e-02 -4.4449e-01 -3.3456e+00 +2.6809e+00 +1.5155e+00 +2.2041e+00 -5.4323e-01 +7.3992e-01 +3.3300e+00
71 +1.987262107e+01 +1.987262107e+01 +2.537926211e+02 +2.537926211e+02 -1.8786e+00 -1.3236e+00 -2.7189e+00 -1.7019e+00 +1.8329e+00 +2.0626e+00 +1.0168e+00 +3.6810e-01 +1.8724e+00 +2.7453e+00
462 +1.446446259e+01 +1.446446259e+01 +2.483844626e+02 +2.483844626e+02 -2.1069e+00 -9.0669e-01 -2.8301e+00 -1.6583e+00 +1.6423e+00 +2.1164e+00 +9.4278e-01 +4.0997e-01 +1.0277e+00 +2.7284e+00
1591 +9.976710322e+00 +9.976710322e+00 +2.438967103e+02 +2.438967103e+02 -2.1822e+00 -6.6380e-01 -2.8082e+00 -1.8276e+00 +1.2749e+00 +2.3140e+00 +8.7317e-01 +4.0329e-01 +3.1480e-01 +2.4762e+00
2491 +6.265690208e+00 +6.265690208e+00 +2.401856902e+02 +2.401856902e+02 -2.2092e+00 -3.4084e-01 -2.7409e+00 -2.1095e+00 +7.6095e-01 +2.5729e+00 +1.1739e+00 +5.5176e-01 +2.4020e-01 +2.4844e+00
3358 +3.901712492e+00 +3.901712492e+00 +2.378217125e+02 +2.378217125e+02 -2.5362e+00 -4.5887e-02 -2.8452e+00 -2.1575e+00 +5.1614e-01 +2.9975e+00 +1.2769e+00 +3.8111e-01 +2.9417e-01 +2.5132e+00
3872 +2.459328182e+00 +2.459328182e+00 +2.363793282e+02 +2.363793282e+02 -2.8019e+00 +1.6903e-01 -2.9313e+00 -2.3287e+00 +3.0243e-01 +3.0722e+00 +1.2797e+00 +5.5873e-01 +3.1726e-01 +2.4910e+00
4609 +1.457853031e+00 +1.457853031e+00 +2.353778530e+02 +2.353778530e+02 -2.9121e+00 +2.6167e-01 -2.8189e+00 -2.4637e+00 +1.6294e-01 +3.2770e+00 +1.2080e+00 +3.8817e-01 +1.6262e-01 +2.2158e+00
4996 +8.495141903e-01 +8.495141903e-01 +2.347695142e+02 +2.347695142e+02 -3.0409e+00 +3.2923e-01 -2.8172e+00 -2.6632e+00 +4.0441e-03 +3.2832e+00 +1.2181e+00 +4.5816e-01 +3.4297e-02 +2.1376e+00
5253 +5.592739698e-01 +5.592739698e-01 +2.344792740e+02 +2.344792740e+02 -3.1289e+00 +4.7980e-01 -2.7500e+00 -2.5932e+00 -1.5015e-01 +3.3170e+00 +1.4156e+00 +4.1900e-01 +3.2555e-02 +2.0111e+00
5641 +3.669727953e-01 +3.669727953e-01 +2.342869728e+02 +2.342869728e+02 -3.1671e+00 +6.7502e-01 -2.7248e+00 -2.7091e+00 -2.1583e-01 +3.4524e+00 +1.1954e+00 +3.8389e-01 +1.5105e-01 +1.8881e+00
5787 +2.369260027e-01 +2.369260027e-01 +2.341569260e+02 +2.341569260e+02 -3.3096e+00 +4.2694e-01 -2.7561e+00 -2.6675e+00 -2.9021e-01 +3.4495e+00 +1.1782e+00 +6.4254e-01 +1.3373e-01 +1.7917e+00
6111 +1.485984934e-01 +1.485984934e-01 +2.340685985e+02 +2.340685985e+02 -3.2943e+00 +5.2301e-01 -2.7764e+00 -2.7709e+00 -3.2223e-01 +3.3802e+00 +1.3302e+00 +6.3666e-01 +6.1293e-02 +1.8740e+00
6266 +8.899838081e-02 +8.899838081e-02 +2.340089984e+02 +2.340089984e+02 -3.3168e+00 +5.9295e-01 -2.8323e+00 -2.7782e+00 -4.0239e-01 +3.4686e+00 +1.3932e+00 +5.8563e-01 -2.2076e-02 +1.8722e+00
6372 +3.279204408e-02 +3.279204408e-02 +2.339527920e+02 +2.339527920e+02 -3.4063e+00 +6.7267e-01 -2.8231e+00 -2.8428e+00 -5.0193e-01 +3.5612e+00 +1.3589e+00 +6.3178e-01 +3.3432e-02 +1.8516e+00
6895 +2.505707919e-02 +2.505707919e-02 +2.339450571e+02 +2.339450571e+02 -3.3537e+00 +5.7599e-01 -2.8951e+00 -2.8861e+00 -5.5214e-01 +3.5296e+00 +1.2594e+00 +6.7192e-01 -1.8278e-02 +1.7516e+00
7640 +1.567160303e-02 +1.567160303e-02 +2.339356716e+02 +2.339356716e+02 -3.3904e+00 +5.9206e-01 -2.9017e+00 -3.0051e+00 -4.4529e-01 +3.5349e+00 +1.2993e+00 +6.6974e-01 +5.5568e-02 +1.7114e+00
9530 +6.038776221e-03 +6.038776221e-03 +2.339260388e+02 +2.339260388e+02 -3.4382e+00 +6.4986e-01 -2.9172e+00 -2.9620e+00 -5.2918e-01 +3.4823e+00 +1.3398e+00 +6.4618e-01 +5.5033e-02 +1.7670e+00
% function evaluation | noise-free fitness - Fopt (-6.092000000000e+01) | best noise-free fitness - Fopt | measured fitness | best measured fitness | x1 | x2...
1 +9.622152600e+01 +9.622152600e+01 +3.530152600e+01 +3.530152600e+01 +1.3734e+00 +2.0404e+00 -1.9834e+00 +1.4941e+00 -1.1414e+00 +3.9406e+00 +5.6915e-01 -6.5101e-01 +3.3197e+00 +1.8486e+00
12 +3.066952749e+01 +3.066952749e+01 -3.025047251e+01 -3.025047251e+01 +1.0487e+00 +3.3047e+00 +1.6653e-01 +1.2368e+00 -8.6942e-01 +2.7857e+00 -4.0951e-01 -1.5519e+00 -2.5852e+00 -3.2203e+00
30 +1.834614376e+01 +1.834614376e+01 -4.257385624e+01 -4.257385624e+01 +6.1978e-01 +2.9409e+00 +1.4218e+00 +1.6618e-01 -2.7648e+00 +2.7149e+00 +8.5099e-01 -1.3349e+00 -2.8852e+00 -1.4044e-01
412 +1.577917460e+01 +1.577917460e+01 -4.514082540e+01 -4.514082540e+01 +5.1565e-01 +2.9071e+00 +1.5856e+00 -2.1389e-02 -2.7038e+00 +2.8075e+00 +9.0560e-01 -1.1060e+00 -2.9384e+00 -3.0502e-01
1661 +9.959728230e+00 +9.959728230e+00 -5.096027177e+01 -5.096027177e+01 +7.7320e-01 +2.8608e+00 +2.0722e+00 -1.8160e-01 -2.9005e+00 +2.5863e+00 +1.0342e+00 -6.6148e-01 -2.8538e+00 -6.9294e-01
2709 +6.151020439e+00 +6.151020439e+00 -5.476897956e+01 -5.476897956e+01 +6.8771e-01 +2.5648e+00 +2.5222e+00 -4.3364e-01 -2.8788e+00 +2.3766e+00 +1.2475e+00 -4.9805e-01 -2.8104e+00 -1.1973e+00
3664 +3.976002745e+00 +3.976002745e+00 -5.694399726e+01 -5.694399726e+01 +4.1887e-01 +1.3512e+00 +2.6268e+00 -1.2105e+00 -2.6750e+00 +2.0702e+00 +8.0538e-01 -1.5774e-01 -1.7140e+00 -2.7148e+00
4230 +2.499689592e+00 +2.499689592e+00 -5.842031041e+01 -5.842031041e+01 +6.1508e-01 +2.9336e+00 +3.0402e+00 -6.2959e-01 -3.0824e+00 +2.1918e+00 +1.2845e+00 +1.4714e-02 -2.2731e+00 -1.6715e+00
4943 +1.497901920e+00 +1.497901920e+00 -5.942209808e+01 -5.942209808e+01 +7.1536e-01 +3.0099e+00 +3.1988e+00 -8.0359e-01 -3.0921e+00 +2.1265e+00 +1.2331e+00 +1.6421e-01 -2.4002e+00 -2.0070e+00
5205 +9.694790477e-01 +9.694790477e-01 -5.995052095e+01 -5.995052095e+01 +7.9597e-01 +2.9761e+00 +3.3194e+00 -8.3968e-01 -3.1235e+00 +2.1042e+00 +1.1102e+00 +2.4652e-01 -2.2510e+00 -2.1777e+00
5461 +5.952933376e-01 +5.952933376e-01 -6.032470666e+01 -6.032470666e+01 +9.0393e-01 +2.8876e+00 +3.5145e+00 -8.9168e-01 -3.0940e+00 +2.0402e+00 +1.0694e+00 +4.0647e-01 -2.1265e+00 -2.2469e+00
6063 +3.974478200e-01 +3.974478200e-01 -6.052255218e+01 -6.052255218e+01 +9.1161e-01 +2.6310e+00 +3.6193e+00 -1.0486e+00 -3.1736e+00 +1.9474e+00 +1.0911e+00 +4.3826e-01 -2.1801e+00 -2.4063e+00
6323 +2.331080784e-01 +2.331080784e-01 -6.068689192e+01 -6.068689192e+01 +9.4534e-01 +2.7711e+00 +3.5230e+00 -1.0436e+00 -3.0940e+00 +1.8571e+00 +1.0601e+00 +7.2911e-01 -2.2488e+00 -2.3866e+00
6590 +1.392537768e-01 +1.392537768e-01 -6.078074622e+01 -6.078074622e+01 +7.6324e-01 +2.5766e+00 +3.3707e+00 -9.6181e-01 -3.1121e+00 +1.9047e+00 +9.9736e-01 +7.3363e-01 -2.1495e+00 -2.4931e+00
6726 +9.209195214e-02 +9.209195214e-02 -6.082790805e+01 -6.082790805e+01 +8.1416e-01 +2.5655e+00 +3.4002e+00 -9.8455e-01 -3.0108e+00 +2.0843e+00 +9.8786e-01 +7.1860e-01 -2.1343e+00 -2.5355e+00
6852 +4.966180941e-02 +4.966180941e-02 -6.087033819e+01 -6.087033819e+01 +8.3659e-01 +2.6207e+00 +3.3586e+00 -1.0346e+00 -3.0355e+00 +2.0125e+00 +1.0202e+00 +8.0544e-01 -2.2098e+00 -2.6150e+00
6971 +2.433787978e-02 +2.433787978e-02 -6.089566212e+01 -6.089566212e+01 +8.4791e-01 +2.5898e+00 +3.3605e+00 -1.1223e+00 -3.0516e+00 +2.0229e+00 +9.7423e-01 +8.4211e-01 -2.1352e+00 -2.5652e+00
7713 +1.207176940e-02 +1.207176940e-02 -6.090792823e+01 -6.090792823e+01 +9.0162e-01 +2.5406e+00 +3.3921e+00 -1.1258e+00 -3.0988e+00 +2.1178e+00 +9.3552e-01 +9.1121e-01 -2.1605e+00 -2.6959e+00
9313 +9.334769665e-03 +9.334769665e-03 -6.091066523e+01 -6.091066523e+01 +9.1543e-01 +2.6425e+00 +3.3637e+00 -1.0761e+00 -3.0780e+00 +2.0741e+00 +9.2963e-01 +9.2622e-01 -2.1020e+00 -2.6130e+00
% function evaluation | noise-free fitness - Fopt (-1.948000000000e+01) | best noise-free fitness - Fopt | measured fitness | best measured fitness | x1 | x2...
1 +1.693069157e+02 +1.693069157e+02 +1.498269157e+02 +1.498269157e+02 +4.6063e-01 -2.7796e+00 -3.1909e+00 -2.4253e+00 -3.5134e+00 -2.3070e+00 +3.9840e+00 -3.4323e+00 -1.0054e+00 -7.1173e-01
2 +1.174587458e+02 +1.174587458e+02 +9.797874584e+01 +9.797874584e+01 +2.5135e+00 +3.6132e+00 -2.1310e+00 +2.3885e+00 -2.9658e+00 +2.0604e+00 +3.0250e+00 -3.3404e+00 +2.1136e+00 -1.2138e+00
4 +8.746363591e+01 +8.746363591e+01 +6.798363591e+01 +6.798363591e+01 +3.4605e+00 -2.8318e-01 +7.7753e-01 -3.9388e-01 -1.9483e+00 +7.5333e-01 -3.0767e+00 -3.6701e+00 +2.5505e+00 -3.6556e+00
5 +3.741120777e+01 +3.741120777e+01 +1.793120777e+01 +1.793120777e+01 -3.6348e+00 +3.6766e+00 +1.7566e+00 +2.5297e+00 +1.0113e+00 +1.0772e+00 -2.6124e+00 +8.1852e-01 +3.2429e+00 +2.9044e-01
77 +1.927373311e+01 +1.927373311e+01 -2.062668863e-01 -2.062668863e-01 -8.2297e-01 +1.1154e+00 +4.4286e-01 -1.8920e-01 +1.8562e+00 -1.1094e+00 -3.2339e+00 +6.4153e-01 +1.4409e+00 +6.9311e-01
216 +1.482938583e+01 +1.482938583e+01 -4.650614169e+00 -4.650614169e+00 -3.8321e-01 +1.5463e+00 +5.2636e-01 -4.3140e-01 +1.7361e+00 -1.3639e+00 -3.2727e+00 -3.7592e-01 +1.1365e+00 +6.0907e-01
721 +9.747888753e+00 +9.747888753e+00 -9.732111247e+00 -9.732111247e+00 -5.0921e-01 +1.6031e+00 +4.5382e-01 -4.7908e-01 +1.9711e+00 -1.9259e+00 -3.3138e+00 -1.8443e+00 +1.3483e+00 +5.6155e-01
1729 +6.246452514e+00 +6.246452514e+00 -1.323354749e+01 -1.323354749e+01 -7.6963e-01 +1.6178e+00 +6.7718e-01 -2.6822e-02 +2.0794e+00 -1.4980e+00 -3.3630e+00 -1.9737e+00 +1.3259e+00 +8.1004e-01
2496 +3.834189507e+00 +3.834189507e+00 -1.564581049e+01 -1.564581049e+01 -8.3755e-01 +1.6197e+00 +6.8667e-01 +2.0218e-01 +2.2380e+00 -1.2966e+00 -3.1835e+00 -2.5085e+00 +1.4409e+00 +1.0509e+00
3481 +2.422193814e+00 +2.422193814e+00 -1.705780619e+01 -1.705780619e+01 -1.0251e+00 +1.7262e+00 +7.0686e-01 +4.6641e-01 +2.5249e+00 -1.2776e+00 -3.0833e+00 -2.5871e+00 +1.5879e+00 +1.0670e+00
3882 +1.568307313e+00 +1.568307313e+00 -1.791169269e+01 -1.791169269e+01 -1.2060e+00 +1.8990e+00 +6.6655e-01 +7.0182e-01 +2.5289e+00 -1.2728e+00 -3.1173e+00 -2.8206e+00 +1.6360e+00 +1.3986e+00
4262 +9.862958181e-01 +9.862958181e-01 -1.849370418e+01 -1.849370418e+01 -1.2066e+00 +1.8558e+00 +8.0361e-01 +8.7830e-01 +2.6595e+00 -1.0403e+00 -2.9356e+00 -2.6191e+00 +1.7003e+00 +1.5020e+00
4863 +5.509186626e-01 +5.509186626e-01 -1.892908134e+01 -1.892908134e+01 -1.1505e+00 +1.8316e+00 +7.7861e-01 +1.1756e+00 +2.9003e+00 -1.1374e+00 -3.2016e+00 -2.5454e+00 +1.8521e+00 +1.4307e+00
5125 +3.164872238e-01 +3.164872238e-01 -1.916351278e+01 -1.916351278e+01 -1.1287e+00 +1.8738e+00 +7.8411e-01 +1.1584e+00 +2.9263e+00 -1.0596e+00 -2.9970e+00 -2.6903e+00 +2.0759e+00 +1.5612e+00
5265 +2.446982604e-01 +2.446982604e-01 -1.923530174e+01 -1.923530174e+01 -1.0654e+00 +1.8567e+00 +8.5655e-01 +1.2517e+00 +2.9065e+00 -1.0014e+00 -3.0146e+00 -2.7659e+00 +2.0400e+00 +1.4864e+00
5395 +1.313936437e-01 +1.313936437e-01 -1.934860636e+01 -1.934860636e+01 -1.0556e+00 +1.9988e+00 +7.4145e-01 +1.3832e+00 +3.0242e+00 -9.0160e-01 -3.0955e+00 -2.7067e+00 +1.9964e+00 +1.6623e+00
5652 +7.193509464e-02 +7.193509464e-02 -1.940806491e+01 -1.940806491e+01 -9.0996e-01 +1.9986e+00 +8.8556e-01 +1.4333e+00 +3.0460e+00 -1.0062e+00 -3.0152e+00 -2.6926e+00 +2.0173e+00 +1.5862e+00
5772 +5.807722959e-02 +5.807722959e-02 -1.942192277e+01 -1.942192277e+01 -8.9076e-01 +1.9708e+00 +9.7131e-01 +1.4202e+00 +3.0913e+00 -9.5239e-01 -3.0198e+00 -2.7008e+00 +2.0718e+00 +1.5837e+00
5791 +3.940794450e-02 +3.940794450e-02 -1.944059206e+01 -1.944059206e+01 -8.9161e-01 +2.0135e+00 +8.4373e-01 +1.5184e+00 +3.1296e+00 -9.1816e-01 -3.0454e+00 -2.7545e+00 +2.0584e+00 +1.6686e+00
6249 +1.346539992e-02 +1.346539992e-02 -1.946653460e+01 -1.946653460e+01 -9.6022e-01 +1.9844e+00 +9.7843e-01 +1.4650e+00 +3.2353e+00 -9.4600e-01 -3.0299e+00 -2.8332e+00 +2.0698e+00 +1.6638e+00
% function evaluation | noise-free fitness - Fopt (1.344700000000e+02) | best noise-free fitness - Fopt | measured fitness | best measured fitness | x1 | x2...
1 +1.131236914e+02 +1.131236914e+02 +2.475936914e+02 +2.475936914e+02 -1.9978e-01 -5.7496e-01 -6.0826e-01 +3.7205e+00 -1.5038e+00 -2.0971e-01 +1.5939e+00 -1.7727e+00 +3.1437e+00 -1.6762e+00
2 +7.767970614e+01 +7.767970614e+01 +2.121497061e+02 +2.121497061e+02 +7.4207e-02 +2.7928e+00 -3.6062e+00 +3.5924e+00 -1.2640e+00 -4.9599e-01 +8.7791e-01 -1.9673e+00 -2.3603e+00 -1.8043e+00
8 +4.735177366e+01 +4.735177366e+01 +1.818217737e+02 +1.818217737e+02 -1.4340e+00 -1.8425e+00 -2.9266e-01 +1.0655e+00 -3.0333e+00 +1.0449e+00 +2.1454e+00 -1.5805e+00 -2.2755e+00 -1.5754e+00
75 +2.284547198e+01 +2.284547198e+01 +1.573154720e+02 +1.573154720e+02 -1.0999e+00 +3.0808e+00 -2.3276e-01 -2.6672e+00 -1.6808e+00 +1.8181e+00 +6.3011e-01 +1.2956e-01 -5.2121e-01 -1.7693e+00
1118 +1.578563322e+01 +1.578563322e+01 +1.502556332e+02 +1.502556332e+02 -1.6091e+00 +3.0059e+00 -1.6794e-02 -2.7334e+00 -2.1326e+00 +1.5125e+00 +9.0013e-01 -1.5503e-01 -7.4868e-01 -1.8660e+00
2493 +9.965017907e+00 +9.965017907e+00 +1.444350179e+02 +1.444350179e+02 -2.1906e+00 +2.9642e+00 -1.9712e-01 -2.5148e+00 -2.3518e+00 +1.0897e+00 +1.1631e+00 -2.8633e-01 -1.1922e+00 -2.0068e+00
3613 +6.182092469e+00 +6.182092469e+00 +1.406520925e+02 +1.406520925e+02 -2.3444e+00 +3.0624e+00 -7.9922e-02 -2.5318e+00 -2.5311e+00 +9.6281e-01 +1.4638e+00 -4.7243e-01 -1.6138e+00 -2.3295e+00
4617 +3.778693802e+00 +3.778693802e+00 +1.382486938e+02 +1.382486938e+02 -2.7432e+00 +3.0651e+00 -3.9393e-01 -2.8671e+00 -2.5785e+00 +5.5745e-01 +1.9602e+00 -5.5507e-01 -1.8025e+00 -2.6805e+00
5121 +2.315463989e+00 +2.315463989e+00 +1.367854640e+02 +1.367854640e+02 -2.8720e+00 +3.2458e+00 -1.2740e-01 -2.6815e+00 -2.5530e+00 +4.9905e-01 +2.0483e+00 -6.7194e-01 -2.1577e+00 -2.7834e+00
5647 +1.538812772e+00 +1.538812772e+00 +1.360088128e+02 +1.360088128e+02 -3.0242e+00 +3.0869e+00 -3.6600e-02 -2.8129e+00 -2.7266e+00 +5.7554e-01 +2.1701e+00 -6.6571e-01 -2.3360e+00 -2.8367e+00
6246 +8.589650159e-01 +8.589650159e-01 +1.353289650e+02 +1.353289650e+02 -3.1162e+00 +3.1263e+00 +5.1805e-02 -2.7868e+00 -2.7933e+00 +4.5339e-01 +2.1473e+00 -7.9028e-01 -2.6086e+00 -2.8164e+00
6510 +5.520014307e-01 +5.520014307e-01 +1.350220014e+02 +1.350220014e+02 -3.0131e+00 +3.0614e+00 +1.0427e-01 -2.8191e+00 -2.9379e+00 +4.0070e-01 +2.2794e+00 -7.8947e-01 -2.7353e+00 -2.8197e+00
6766 +3.877041920e-01 +3.877041920e-01 +1.348577042e+02 +1.348577042e+02 -3.1381e+00 +3.0816e+00 +1.8270e-01 -2.8557e+00 -3.0355e+00 +3.7079e-01 +2.1697e+00 -8.7341e-01 -2.7978e+00 -2.7823e+00
7028 +2.128622723e-01 +2.128622723e-01 +1.346828623e+02 +1.346828623e+02 -3.2270e+00 +3.1924e+00 +2.9530e-01 -2.9143e+00 -2.9616e+00 +4.2405e-01 +2.2519e+00 -9.5845e-01 -2.9922e+00 -2.7282e+00
7155 +1.245403173e-01 +1.245403173e-01 +1.345945403e+02 +1.345945403e+02 -3.2120e+00 +2.9314e+00 +3.0222e-01 -2.7722e+00 -3.1172e+00 +2.7369e-01 +2.4721e+00 -8.7024e-01 -3.0994e+00 -2.8744e+00
7292 +5.325933107e-02 +5.325933107e-02 +1.345232593e+02 +1.345232593e+02 -3.2507e+00 +3.0980e+00 +3.4131e-01 -2.9033e+00 -3.1637e+00 +3.1241e-01 +2.4050e+00 -9.3040e-01 -3.1062e+00 -2.8526e+00
7752 +3.729261359e-02 +3.729261359e-02 +1.345072926e+02 +1.345072926e+02 -3.2347e+00 +3.0165e+00 +3.3638e-01 -2.8592e+00 -3.1252e+00 +2.7352e-01 +2.4608e+00 -1.0658e+00 -3.1458e+00 -2.8300e+00
7882 +2.015421283e-02 +2.015421283e-02 +1.344901542e+02 +1.344901542e+02 -3.2338e+00 +3.0448e+00 +2.9383e-01 -2.8390e+00 -3.2697e+00 +2.5703e-01 +2.5097e+00 -1.0213e+00 -3.1822e+00 -2.7360e+00
8681 +1.168956111e-02 +1.168956111e-02 +1.344816896e+02 +1.344816896e+02 -3.2204e+00 +3.1627e+00 +3.9523e-01 -2.8551e+00 -3.2276e+00 +2.2053e-01 +2.5325e+00 -1.0976e+00 -3.1498e+00 -2.7634e+00
10196 +8.062458263e-03 +8.062458263e-03 +1.344780625e+02 +1.344780625e+02 -3.2951e+00 +3.1603e+00 +3.4084e-01 -2.8223e+00 -3.2731e+00 +2.5938e-01 +2.5295e+00 -1.0756e+00 -3.2084e+00 -2.7690e+00
% function evaluation | noise-free fitness - Fopt (4.453500000000e+02) | best noise-free fitness - Fopt | measured fitness | best measured fitness | x1 | x2...
1 +1.591771430e+02 +1.591771430e+02 +6.045271430e+02 +6.045271430e+02 +2.3253e+00 +2.4995e-01 +3.2508e+00 -2.6214e+00 -3.9052e-02 -5.6269e-01 +2.5929e+00 -1.9838e+00 -5.7463e-01 +1.1821e+00
2 +1.549431544e+02 +1.549431544e+02 +6.002931544e+02 +6.002931544e+02 +2.4006e+00 +2.9715e+00 -2.2811e+00 -3.1674e+00 -1.1207e+00 -3.5763e+00 -1.6867e+00 +3.5827e+00 -3.9482e+00 -4.4178e-01
3 +7.338972038e+01 +7.338972038e+01 +5.187397204e+02 +5.187397204e+02 -3.7644e+00 -1.6175e+00 +3.0785e+00 +7.9517e-01 -1.2803e+00 +1.8672e+00 -3.2767e+00 +1.2522e+00 +3.3339e+00 +8.2340e-01
15 +4.028432823e+01 +4.028432823e+01 +4.856343282e+02 +4.856343282e+02 -3.7868e+00 +2.3540e+00 -2.7477e+00 +1.6692e+00 -1.1171e+00 +2.1821e+00 -3.3808e+00 -1.0775e+00 +2.2319e+00 -5.0563e-04
28 +3.932742854e+01 +3.932742854e+01 +4.846774285e+02 +4.846774285e+02 -3.7161e+00 +2.3564e+00 -2.7295e+00 +1.7278e+00 -1.0370e+00 +2.1350e+00 -3.2836e+00 -1.0200e+00 +2.3000e+00 -7.3946e-02
257 +2.043622243e+01 +2.043622243e+01 +4.657862224e+02 +4.657862224e+02 -2.3385e+00 +1.8167e+00 +1.0087e-01 +9.3219e-01 +2.9803e+00 +2.3825e+00 -1.1888e+00 +2.3396e-01 -9.7527e-01 -2.0428e+00
1156 +1.555767579e+01 +1.555767579e+01 +4.609076758e+02 +4.609076758e+02 -2.5206e+00 +2.0304e+00 -1.2692e-01 +5.6410e-01 +2.7108e+00 +2.2248e+00 -1.5086e+00 +2.0807e-01 -4.3236e-01 -1.8700e+00
2276 +9.889776336e+00 +9.889776336e+00 +4.552397763e+02 +4.552397763e+02 -2.7321e+00 +2.4061e+00 -4.2587e-01 +4.8077e-01 +2.7781e+00 +2.5714e+00 -1.9271e+00 +5.7135e-01 -1.8394e-01 -1.8023e+00
3536 +6.171301398e+00 +6.171301398e+00 +4.515213014e+02 +4.515213014e+02 -2.7308e+00 +2.7132e+00 -5.0857e-01 +4.1351e-01 +3.0909e+00 +2.8840e+00 -2.2354e+00 +7.3832e-01 +1.9786e-01 -2.1430e+00
4315 +3.801725044e+00 +3.801725044e+00 +4.491517250e+02 +4.491517250e+02 -2.7394e+00 +2.6733e+00 -5.6074e-01 +5.9594e-01 +3.4939e+00 +2.9031e+00 -2.6354e+00 +1.1223e+00 +5.2840e-01 -2.0661e+00
5169 +2.434245146e+00 +2.434245146e+00 +4.477842451e+02 +4.477842451e+02 -2.4273e+00 +2.9008e+00 -4.9927e-01 +6.9245e-01 +3.4372e+00 +3.4142e+00 -2.9651e+00 +1.4506e+00 +7.5799e-01 -1.8354e+00
5686 +1.482991575e+00 +1.482991575e+00 +4.468329916e+02 +4.468329916e+02 -2.5790e+00 +3.0814e+00 -5.8202e-01 +6.3255e-01 +3.3802e+00 +3.4597e+00 -3.2217e+00 +1.4416e+00 +8.5213e-01 -1.9314e+00
6289 +9.089917688e-01 +9.089917688e-01 +4.462589918e+02 +4.462589918e+02 -2.7560e+00 +3.2439e+00 -5.0677e-01 +4.8398e-01 +3.3139e+00 +3.4552e+00 -3.2771e+00 +1.5505e+00 +9.9939e-01 -1.8457e+00
6546 +5.655378374e-01 +5.655378374e-01 +4.459155378e+02 +4.459155378e+02 -2.8921e+00 +3.4109e+00 -4.1303e-01 +4.4262e-01 +3.3559e+00 +3.3373e+00 -3.3884e+00 +1.6370e+00 +1.1456e+00 -1.8648e+00
6806 +3.565044131e-01 +3.565044131e-01 +4.457065044e+02 +4.457065044e+02 -2.9215e+00 +3.3444e+00 -4.7863e-01 +3.0558e-01 +3.2125e+00 +3.3828e+00 -3.5522e+00 +1.6555e+00 +1.1424e+00 -1.9756e+00
6937 +2.322558393e-01 +2.322558393e-01 +4.455822558e+02 +4.455822558e+02 -2.8896e+00 +3.4727e+00 -5.1452e-01 +4.3431e-01 +3.3967e+00 +3.3743e+00 -3.6624e+00 +1.6908e+00 +1.3916e+00 -2.0073e+00
7204 +1.079929164e-01 +1.079929164e-01 +4.454579929e+02 +4.454579929e+02 -3.0297e+00 +3.3977e+00 -5.4865e-01 +3.9162e-01 +3.3045e+00 +3.2770e+00 -3.6845e+00 +1.6159e+00 +1.5639e+00 -2.0386e+00
7328 +8.640126659e-02 +8.640126659e-02 +4.454364013e+02 +4.454364013e+02 -3.0677e+00 +3.4193e+00 -5.0965e-01 +3.0436e-01 +3.2082e+00 +3.2521e+00 -3.7287e+00 +1.6007e+00 +1.4855e+00 -1.9821e+00
7674 +3.465888653e-02 +3.465888653e-02 +4.453846589e+02 +4.453846589e+02 -3.0526e+00 +3.3159e+00 -6.6157e-01 +3.7439e-01 +3.2379e+00 +3.3462e+00 -3.8593e+00 +1.6467e+00 +1.5348e+00 -1.9838e+00
7935 +1.577484778e-02 +1.577484778e-02 +4.453657748e+02 +4.453657748e+02 -3.1627e+00 +3.3320e+00 -5.6206e-01 +3.4753e-01 +3.2245e+00 +3.3428e+00 -3.8358e+00 +1.6031e+00 +1.5242e+00 -1.9826e+00
9317 +9.967286644e-03 +9.967286644e-03 +4.453599673e+02 +4.453599673e+02 -3.2135e+00 +3.3069e+00 -6.0723e-01 +2.2281e-01 +3.2932e+00 +3.3469e+00 -3.8676e+00 +1.5927e+00 +1.5190e+00 -1.9832e+00
