% function evaluation | noise-free fitness - Fopt (7.948000000000e+01) | best noise-free fitness - Fopt | measured fitness | best measured fitness | x1 | x2...
1 +3.491555839e+01 +3.491555839e+01 +1.143955584e+02 +1.143955584e+02 +2.0779e+00 -3.3369e+00 +3.6549e+00 +6.1650e-01 -2.4342e-01
7 +1.262564011e+01 +1.262564011e+01 +9.210564011e+01 +9.210564011e+01 +2.5299e+00 -2.3601e+00 -2.7504e+00 +3.0529e+00 -3.4664e+00
18 +6.195944053e+00 +6.195944053e+00 +8.567594405e+01 +8.567594405e+01 -6.9715e-01 -2.1517e+00 +8.2259e-02 +3.2072e+00 -1.2619e+00
155 +3.673067159e+00 +3.673067159e+00 +8.315306716e+01 +8.315306716e+01 +6.0893e-01 -1.9930e+00 +5.2570e-01 +3.0558e+00 -2.7796e+00
283 +2.471955812e+00 +2.471955812e+00 +8.195195581e+01 +8.195195581e+01 +9.4590e-01 -2.0518e+00 -7.2820e-01 +3.0046e+00 -2.8480e+00
810 +1.564097857e+00 +1.564097857e+00 +8.104409786e+01 +8.104409786e+01 +6.2202e-01 -1.9385e+00 -7.8620e-01 +2.7998e+00 -2.9045e+00
1194 +9.890354870e-01 +9.890354870e-01 +8.046903549e+01 +8.046903549e+01 +6.6689e-01 -1.7445e+00 -7.6395e-01 +2.6121e+00 -2.6603e+00
1674 +6.258463651e-01 +6.258463651e-01 +8.010584637e+01 +8.010584637e+01 +5.5654e-01 -1.5577e+00 -7.5803e-01 +2.5342e+00 -2.6334e+00
1923 +3.568727735e-01 +3.568727735e-01 +7.983687277e+01 +7.983687277e+01 +4.3027e-01 -1.4664e+00 -5.2016e-01 +2.3592e+00 -2.7077e+00
2066 +2.495808290e-01 +2.495808290e-01 +7.972958083e+01 +7.972958083e+01 +4.5898e-01 -1.3869e+00 -6.8423e-01 +2.2786e+00 -2.8496e+00
2190 +1.509154204e-01 +1.509154204e-01 +7.963091542e+01 +7.963091542e+01 +4.4108e-01 -1.3024e+00 -6.6183e-01 +2.1929e+00 -2.8201e+00
2313 +9.404359816e-02 +9.404359816e-02 +7.957404360e+01 +7.957404360e+01 +4.3525e-01 -1.2663e+00 -5.9664e-01 +2.0943e+00 -2.7468e+00
2444 +5.151456574e-02 +5.151456574e-02 +7.953151457e+01 +7.953151457e+01 +3.7366e-01 -1.2155e+00 -6.8797e-01 +2.1039e+00 -2.6555e+00
2572 +3.685767182e-02 +3.685767182e-02 +7.951685767e+01 +7.951685767e+01 +3.7943e-01 -1.2490e+00 -6.5002e-01 +1.9997e+00 -2.7192e+00
2701 +7.599086478e-03 +7.599086478e-03 +7.948759909e+01 +7.948759909e+01 +2.1777e-01 -1.1162e+00 -7.5099e-01 +1.9554e+00 -2.6246e+00
3182 +5.233640989e-03 +5.233640989e-03 +7.948523364e+01 +7.948523364e+01 +2.1922e-01 -1.1975e+00 -7.6163e-01 +1.9036e+00 -2.7035e+00
3571 +2.500762377e-03 +2.500762377e-03 +7.948250076e+01 +7.948250076e+01 +2.2842e-01 -1.1617e+00 -7.1213e-01 +1.9676e+00 -2.6875e+00
4864 +1.515936448e-03 +1.515936448e-03 +7.948151594e+01 +7.948151594e+01 +2.5451e-01 -1.1747e+00 -7.4533e-01 +1.9486e+00 -2.6651e+00
% function evaluation | noise-free fitness - Fopt (3.944800000000e+02) | best noise-free fitness - Fopt | measured fitness | best measured fitness | x1 | x2...
1 +8.308248290e+01 +8.308248290e+01 +4.775624829e+02 +4.775624829e+02 +2.0001e-02 -3.5889e+00 -5.4299e-01 -2.8349e+00 -2.4849e+00
6 +4.019070174e+01 +4.019070174e+01 +4.346707017e+02 +4.346707017e+02 -1.3244e+00 +6.2339e-02 -8.9092e-01 -8.8250e-02 +2.1180e-01
18 +2.710455355e+01 +2.710455355e+01 +4.215845535e+02 +4.215845535e+02 -1.7903e+00 +1.1735e+00 -1.7722e+00 +3.9859e+00 -5.6108e-01
48 +1.707785429e+01 +1.707785429e+01 +4.115578543e+02 +4.115578543e+02 -2.9771e+00 -2.1801e+00 -2.4275e+00 +1.2112e+00 -1.7049e+00
60 +5.067522481e+00 +5.067522481e+00 +3.995475225e+02 +3.995475225e+02 -3.8981e+00 -1.5948e+00 -2.7914e+00 +2.4907e+00 +2.5517e-01
461 +3.971151982e+00 +3.971151982e+00 +3.984511520e+02 +3.984511520e+02 -3.8210e+00 -1.6139e+00 -3.0027e+00 +2.7305e+00 +2.9787e-01
1112 +2.455240452e+00 +2.455240452e+00 +3.969352405e+02 +3.969352405e+02 -3.8728e+00 -1.9384e+00 -3.1590e+00 +2.9715e+00 +3.4760e-01
1842 +1.460662204e+00 +1.460662204e+00 +3.959406622e+02 +3.959406622e+02 -3.9472e+00 -2.2385e+00 -3.3614e+00 +3.0796e+00 +4.6351e-01
2108 +9.410746866e-01 +9.410746866e-01 +3.954210747e+02 +3.954210747e+02 -4.0055e+00 -2.3111e+00 -3.4673e+00 +3.2432e+00 +6.5188e-01
2492 +5.476607084e-01 +5.476607084e-01 +3.950276607e+02 +3.950276607e+02 -4.1270e+00 -2.3408e+00 -3.6326e+00 +3.5000e+00 +8.5905e-01
2633 +3.792632852e-01 +3.792632852e-01 +3.948592633e+02 +3.948592633e+02 -3.8878e+00 -2.4600e+00 -3.6521e+00 +3.5201e+00 +7.0848e-01
3092 +1.878754934e-01 +1.878754934e-01 +3.946678755e+02 +3.946678755e+02 -4.0219e+00 -2.5708e+00 -3.8211e+00 +3.6424e+00 +8.3038e-01
3240 +1.448222783e-01 +1.448222783e-01 +3.946248223e+02 +3.946248223e+02 -4.0093e+00 -2.6868e+00 -3.6572e+00 +3.6693e+00 +7.4036e-01
3370 +9.992772911e-02 +9.992772911e-02 +3.945799277e+02 +3.945799277e+02 -4.0485e+00 -2.7320e+00 -3.7726e+00 +3.6862e+00 +8.0168e-01
3497 +4.929292096e-02 +4.929292096e-02 +3.945292929e+02 +3.945292929e+02 -3.8705e+00 -2.7044e+00 -3.7403e+00 +3.8055e+00 +8.5206e-01
3510 +3.201100832e-02 +3.201100832e-02 +3.945120110e+02 +3.945120110e+02 -3.9977e+00 -2.8307e+00 -3.7581e+00 +3.7862e+00 +8.1066e-01
3617 +5.638248458e-03 +5.638248458e-03 +3.944856382e+02 +3.944856382e+02 -3.9565e+00 -2.8797e+00 -3.8367e+00 +3.8760e+00 +8.4932e-01
3894 +1.520883107e-03 +1.520883107e-03 +3.944815209e+02 +3.944815209e+02 -3.9127e+00 -2.9052e+00 -3.7760e+00 +3.9179e+00 +8.4345e-01
6122 +8.712792100e-04 +8.712792100e-04 +3.944808713e+02 +3.944808713e+02 -3.9201e+00 -2.8782e+00 -3.8152e+00 +3.9139e+00 +8.5469e-01
6769 +5.166263562e-04 +5.166263562e-04 +3.944805166e+02 +3.944805166e+02 -3.9088e+00 -2.8829e+00 -3.8064e+00 +3.8944e+00 +8.4466e-01
% function evaluation | noise-free fitness - Fopt (-2.471100000000e+02) | best noise-free fitness - Fopt | measured fitness | best measured fitness | x1 | x2...
1 +1.160492542e+02 +1.160492542e+02 -1.310607458e+02 -1.310607458e+02 +3.6145e+00 +1.4872e-01 +7.3659e-01 +1.2948e-01 +3.5686e+00
2 +2.378597844e+01 +2.378597844e+01 -2.233240216e+02 -2.233240216e+02 -1.9717e+00 -3.8574e+00 +9.3704e-01 -2.6068e+00 -2.7333e+00
20 +1.545585623e+01 +1.545585623e+01 -2.316541438e+02 -2.316541438e+02 -2.4443e+00 +2.0523e+00 -1.4443e+00 -6.1442e-01 -3.5108e+00
118 +8.601259727e+00 +8.601259727e+00 -2.385087403e+02 -2.385087403e+02 -1.5002e+00 -1.2398e+00 -9.1598e-01 -2.6060e+00 -3.1939e+00
769 +6.246790771e+00 +6.246790771e+00 -2.408632092e+02 -2.408632092e+02 -1.8211e+00 -9.1307e-01 -9.3400e-01 -2.6938e+00 -3.2917e+00
1756 +3.944885319e+00 +3.944885319e+00 -2.431651147e+02 -2.431651147e+02 -2.2320e+00 -6.6906e-01 -9.1165e-01 -2.8845e+00 -3.2753e+00
2285 +2.490735285e+00 +2.490735285e+00 -2.446192647e+02 -2.446192647e+02 -2.5524e+00 -4.8115e-01 -7.1384e-01 -3.0272e+00 -3.2678e+00
3136 +1.436150241e+00 +1.436150241e+00 -2.456738498e+02 -2.456738498e+02 -2.9164e+00 -4.0751e-01 -8.5200e-01 -3.2491e+00 -3.3521e+00
3636 +9.959297101e-01 +9.959297101e-01 -2.461140703e+02 -2.461140703e+02 -3.2044e+00 -2.3683e-01 -8.5187e-01 -3.0414e+00 -3.0616e+00
3929 +6.249360819e-01 +6.249360819e-01 -2.464850639e+02 -2.464850639e+02 -3.1956e+00 -8.6830e-02 -7.2389e-01 -3.2713e+00 -3.0868e+00
4136 +3.347731547e-01 +3.347731547e-01 -2.467752268e+02 -2.467752268e+02 -3.5479e+00 +2.8415e-02 -6.9387e-01 -3.2379e+00 -3.2889e+00
4274 +2.102506619e-01 +2.102506619e-01 -2.468997493e+02 -2.468997493e+02 -3.5509e+00 +1.0694e-01 -6.8432e-01 -3.3324e+00 -3.2040e+00
4734 +1.184865327e-01 +1.184865327e-01 -2.469915135e+02 -2.469915135e+02 -3.7307e+00 +6.6637e-02 -7.6593e-01 -3.4286e+00 -3.2432e+00
4755 +9.281973023e-02 +9.281973023e-02 -2.470171803e+02 -2.470171803e+02 -3.6815e+00 +1.6269e-01 -7.2865e-01 -3.4231e+00 -3.1644e+00
4864 +6.095009303e-02 +6.095009303e-02 -2.470490499e+02 -2.470490499e+02 -3.6753e+00 +1.0097e-01 -7.3038e-01 -3.5074e+00 -3.1027e+00
5006 +3.462293745e-02 +3.462293745e-02 -2.470753771e+02 -2.470753771e+02 -3.7131e+00 +1.5237e-01 -6.6737e-01 -3.5371e+00 -3.1203e+00
5013 +2.313422034e-02 +2.313422034e-02 -2.470868658e+02 -2.470868658e+02 -3.7557e+00 +1.6251e-01 -6.5543e-01 -3.5560e+00 -3.1085e+00
5139 +1.476997722e-02 +1.476997722e-02 -2.470952300e+02 -2.470952300e+02 -3.8019e+00 +1.8928e-01 -6.3629e-01 -3.6112e+00 -3.1709e+00
5266 +6.879551718e-03 +6.879551718e-03 -2.471031204e+02 -2.471031204e+02 -3.8143e+00 +1.4642e-01 -6.4532e-01 -3.6568e+00 -3.0884e+00
5537 +4.385557340e-03 +4.385557340e-03 -2.471056144e+02 -2.471056144e+02 -3.8316e+00 +1.8744e-01 -6.3919e-01 -3.6818e+00 -3.0836e+00
5822 +3.655099101e-03 +3.655099101e-03 -2.471063449e+02 -2.471063449e+02 -3.7876e+00 +2.5258e-01 -6.7035e-01 -3.7151e+00 -3.1088e+00
7174 +1.224937435e-03 +1.224937435e-03 -2.471087751e+02 -2.471087751e+02 -3.8121e+00 +2.1007e-01 -6.6652e-01 -3.6937e+00 -3.1186e+00
% function evaluation | noise-free fitness - Fopt (-1.520400000000e+02) | best noise-free fitness - Fopt | measured fitness | best measured fitness | x1 | x2...
1 +2.896412010e+01 +2.896412010e+01 -1.230758799e+02 -1.230758799e+02 +3.7502e+00 +2.0160e+00 -4.5767e-01 +3.9466e+00 +2.5949e+00
10 +1.773015332e+01 +1.773015332e+01 -1.343098467e+02 -1.343098467e+02 -1.4504e+00 +2.0168e-01 -1.0073e-01 +3.0574e+00 +2.8132e+00
22 +1.490828772e+01 +1.490828772e+01 -1.371317123e+02 -1.371317123e+02 -3.3498e-01 +6.4126e-01 -2.1811e+00 +1.1301e+00 -1.4130e-01
30 +7.651820429e+00 +7.651820429e+00 -1.443881796e+02 -1.443881796e+02 -5.9378e-02 +1.5708e+00 -1.4753e+00 +3.8648e+00 +1.2947e+00
72 +5.891456981e+00 +5.891456981e+00 -1.461485430e+02 -1.461485430e+02 -1.1790e+00 +9.0166e-01 -3.4817e+00 +2.1964e+00 +5.8067e-01
727 +3.882355677e+00 +3.882355677e+00 -1.481576443e+02 -1.481576443e+02 -9.3071e-01 +9.0517e-01 -3.2876e+00 +2.4292e+00 +9.9998e-01
1115 +2.479929419e+00 +2.479929419e+00 -1.495600706e+02 -1.495600706e+02 -8.5153e-01 +9.7098e-01 -3.4922e+00 +2.7236e+00 +1.2286e+00
1850 +1.549357437e+00 +1.549357437e+00 -1.504906426e+02 -1.504906426e+02 -7.5484e-01 +1.0270e+00 -3.6138e+00 +2.8518e+00 +1.4923e+00
2362 +9.644605605e-01 +9.644605605e-01 -1.510755394e+02 -1.510755394e+02 -4.4660e-01 +1.1976e+00 -3.7946e+00 +2.8848e+00 +1.5859e+00
2643 +5.574014852e-01 +5.574014852e-01 -1.514825985e+02 -1.514825985e+02 -3.0786e-01 +1.2470e+00 -3.8332e+00 +3.0086e+00 +1.7612e+00
3094 +3.805265035e-01 +3.805265035e-01 -1.516594735e+02 -1.516594735e+02 -4.1281e-01 +1.2252e+00 -3.7791e+00 +3.0415e+00 +1.9361e+00
3227 +2.474578800e-01 +2.474578800e-01 -1.517925421e+02 -1.517925421e+02 -3.3958e-01 +1.2306e+00 -3.8557e+00 +3.0738e+00 +2.0315e+00
3488 +1.294297705e-01 +1.294297705e-01 -1.519105702e+02 -1.519105702e+02 -2.8843e-01 +1.2458e+00 -3.8076e+00 +3.2496e+00 +2.1341e+00
3612 +4.516134090e-02 +4.516134090e-02 -1.519948387e+02 -1.519948387e+02 -3.0520e-01 +1.2951e+00 -3.9346e+00 +3.2888e+00 +2.2550e+00
3876 +2.941600881e-02 +2.941600881e-02 -1.520105840e+02 -1.520105840e+02 -3.3916e-01 +1.3175e+00 -3.9269e+00 +3.3292e+00 +2.3104e+00
3883 +2.298267569e-02 +2.298267569e-02 -1.520170173e+02 -1.520170173e+02 -2.7729e-01 +1.4116e+00 -3.9738e+00 +3.3595e+00 +2.2912e+00
4024 +1.362973852e-02 +1.362973852e-02 -1.520263703e+02 -1.520263703e+02 -2.2565e-01 +1.4188e+00 -3.8870e+00 +3.3705e+00 +2.3483e+00
4144 +5.706377381e-03 +5.706377381e-03 -1.520342936e+02 -1.520342936e+02 -2.6344e-01 +1.4173e+00 -3.9575e+00 +3.3496e+00 +2.3768e+00
4271 +2.661232462e-03 +2.661232462e-03 -1.520373388e+02 -1.520373388e+02 -2.3943e-01 +1.4236e+00 -3.9527e+00 +3.3102e+00 +2.4497e+00
5461 +1.300355737e-03 +1.300355737e-03 -1.520386996e+02 -1.520386996e+02 -2.7817e-01 +1.4158e+00 -3.9275e+00 +3.2658e+00 +2.4072e+00
% function evaluation | noise-free fitness - Fopt (-2.525000000000e+01) | best noise-free fitness - Fopt | measured fitness | best measured fitness | x1 | x2...
1 +2.971164322e+00 +2.971164322e+00 -2.227883568e+01 -2.227883568e+01 +3.6156e+00 -2.3313e-01 -5.0429e-01 -2.7192e+00 +2.2697e+00
151 +2.474238622e+00 +2.474238622e+00 -2.277576138e+01 -2.277576138e+01 +3.6833e+00 -1.5681e-01 -6.1968e-01 -2.5987e+00 +2.2967e+00
547 +1.561522448e+00 +1.561522448e+00 -2.368847755e+01 -2.368847755e+01 +3.5878e+00 -7.6416e-03 -7.8016e-01 -2.3416e+00 +2.4598e+00
940 +9.332367082e-01 +9.332367082e-01 -2.431676329e+01 -2.431676329e+01 +3.5008e+00 +8.3539e-02 -8.8759e-01 -2.3776e+00 +2.7674e+00
1194 +5.476323622e-01 +5.476323622e-01 -2.470236764e+01 -2.470236764e+01 +3.4566e+00 +2.2896e-01 -9.7602e-01 -2.3646e+00 +2.9587e+00
1666 +3.393310578e-01 +3.393310578e-01 -2.491066894e+01 -2.491066894e+01 +3.5127e+00 +2.3388e-01 -1.1344e+00 -2.3255e+00 +3.0610e+00
1801 +2.020439094e-01 +2.020439094e-01 -2.504795609e+01 -2.504795609e+01 +3.4042e+00 +4.6303e-01 -1.1105e+00 -2.2868e+00 +3.1806e+00
1922 +1.470728545e-01 +1.470728545e-01 -2.510292715e+01 -2.510292715e+01 +3.4626e+00 +3.9324e-01 -1.2299e+00 -2.3202e+00 +3.2698e+00
2051 +9.137355648e-02 +9.137355648e-02 -2.515862644e+01 -2.515862644e+01 +3.5071e+00 +5.4448e-01 -1.1785e+00 -2.2126e+00 +3.2020e+00
2064 +5.995233136e-02 +5.995233136e-02 -2.519004767e+01 -2.519004767e+01 +3.5337e+00 +4.8796e-01 -1.2527e+00 -2.1817e+00 +3.3460e+00
2187 +2.597829101e-02 +2.597829101e-02 -2.522402171e+01 -2.522402171e+01 +3.5724e+00 +5.5288e-01 -1.3134e+00 -2.2039e+00 +3.3526e+00
2321 +7.772249830e-03 +7.772249830e-03 -2.524222775e+01 -2.524222775e+01 +3.6584e+00 +5.7601e-01 -1.4012e+00 -2.1092e+00 +3.3014e+00
3952 +4.578061441e-03 +4.578061441e-03 -2.524542194e+01 -2.524542194e+01 +3.6101e+00 +6.2458e-01 -1.4431e+00 -2.2155e+00 +3.3043e+00
3953 +3.830660164e-03 +3.830660164e-03 -2.524616934e+01 -2.524616934e+01 +3.6447e+00 +5.9503e-01 -1.4194e+00 -2.1196e+00 +3.3107e+00
4221 +1.613064541e-03 +1.613064541e-03 -2.524838694e+01 -2.524838694e+01 +3.6385e+00 +6.0985e-01 -1.4336e+00 -2.1391e+00 +3.2890e+00
% function evaluation | noise-free fitness - Fopt (2.230000000000e+00) | best noise-free fitness - Fopt | measured fitness | best measured fitness | x1 | x2...
1 +8.018930207e+01 +8.018930207e+01 +8.241930207e+01 +8.241930207e+01 -1.8695e-01 +2.9984e+00 -1.7221e+00 -2.5876e+00 -1.9176e+00
3 +2.653817581e+01 +2.653817581e+01 +2.876817581e+01 +2.876817581e+01 +3.3972e+00 +6.4134e-01 -1.3821e+00 -3.2380e+00 +1.1632e-03
15 +1.641283863e+01 +1.641283863e+01 +1.864283863e+01 +1.864283863e+01 +2.4533e+00 -2.9142e+00 -3.5731e+00 -2.9564e+00 +3.8477e+00
28 +1.444798035e+01 +1.444798035e+01 +1.667798035e+01 +1.667798035e+01 +2.0730e+00 -9.0976e-01 +8.4758e-01 +1.0151e+00 +3.3353e+00
154 +8.986228543e+00 +8.986228543e+00 +1.121622854e+01 +1.121622854e+01 +2.2212e+00 -1.6741e+00 -1.0282e-01 +5.2534e-01 +3.3763e+00
155 +4.533499252e+00 +4.533499252e+00 +6.763499252e+00 +6.763499252e+00 +2.4487e+00 -1.4467e+00 +8.4806e-01 -9.3729e-01 +3.7290e+00
170 +3.944206388e+00 +3.944206388e+00 +6.174206388e+00 +6.174206388e+00 +2.3735e+00 -2.7785e+00 +6.4193e-01 -2.7163e+00 +3.2663e+00
421 +2.474656869e+00 +2.474656869e+00 +4.704656869e+00 +4.704656869e+00 +2.4582e+00 -1.9811e+00 +3.0347e-01 -1.9723e+00 +3.3841e+00
934 +1.412063794e+00 +1.412063794e+00 +3.642063794e+00 +3.642063794e+00 +2.7897e+00 -2.1520e+00 +1.1949e-01 -1.7790e+00 +3.3918e+00
1663 +9.846725409e-01 +9.846725409e-01 +3.214672541e+00 +3.214672541e+00 +2.9641e+00 -2.2966e+00 +1.2828e-01 -1.9058e+00 +3.4572e+00
1922 +6.152574528e-01 +6.152574528e-01 +2.845257453e+00 +2.845257453e+00 +3.1576e+00 -2.2743e+00 +1.1069e-01 -1.8077e+00 +3.5520e+00
2189 +3.578080759e-01 +3.578080759e-01 +2.587808076e+00 +2.587808076e+00 +3.3356e+00 -2.2575e+00 +4.9347e-02 -1.8662e+00 +3.6123e+00
2452 +2.494981508e-01 +2.494981508e-01 +2.479498151e+00 +2.479498151e+00 +3.4597e+00 -2.3103e+00 -1.4215e-01 -1.7758e+00 +3.5322e+00
2571 +1.167139479e-01 +1.167139479e-01 +2.346713948e+00 +2.346713948e+00 +3.6139e+00 -2.2275e+00 -1.0153e-01 -1.8494e+00 +3.6628e+00
2702 +9.807821537e-02 +9.807821537e-02 +2.328078215e+00 +2.328078215e+00 +3.6774e+00 -2.1999e+00 -8.5476e-02 -1.9157e+00 +3.6057e+00
3041 +5.933451099e-02 +5.933451099e-02 +2.289334511e+00 +2.289334511e+00 +3.7242e+00 -2.3361e+00 -1.4287e-01 -1.9012e+00 +3.6554e+00
3183 +1.571775586e-02 +1.571775586e-02 +2.245717756e+00 +2.245717756e+00 +3.8580e+00 -2.2640e+00 -5.6992e-03 -1.8730e+00 +3.7099e+00
3305 +7.802372838e-03 +7.802372838e-03 +2.237802373e+00 +2.237802373e+00 +3.9077e+00 -2.3423e+00 -5.3550e-02 -1.8929e+00 +3.6202e+00
3568 +1.335732636e-03 +1.335732636e-03 +2.231335733e+00 +2.231335733e+00 +3.9382e+00 -2.3834e+00 -1.1813e-02 -1.8210e+00 +3.6605e+00
% function evaluation | noise-free fitness - Fopt (-1.308000000000e+01) | best noise-free fitness - Fopt | measured fitness | best measured fitness | x1 | x2...
1 +4.176407725e+01 +4.176407725e+01 +2.868407725e+01 +2.868407725e+01 -1.2238e+00 +2.5584e+00 -4.9698e-01 +3.1094e+00 -5.7748e-01
2 +3.187812278e+01 +3.187812278e+01 +1.879812278e+01 +1.879812278e+01 +2.2415e+00 -2.1153e+00 -3.4509e-01 +2.1619e-01 -3.5381e+00
8 +2.034514373e+01 +2.034514373e+01 +7.265143729e+00 +7.265143729e+00 -2.4088e+00 -3.0189e+00 +7.3045e-01 +1.4905e+00 -2.6574e+00
9 +4.075019257e+00 +4.075019257e+00 -9.004980743e+00 -9.004980743e+00 +1.4645e+00 -2.6997e+00 +2.5169e+00 +2.7186e+00 -2.7523e+00
27 +3.521957531e+00 +3.521957531e+00 -9.558042469e+00 -9.558042469e+00 +1.3710e+00 -2.6387e+00 +2.5390e+00 +2.7949e+00 -2.6559e+00
62 +1.115608012e+00 +1.115608012e+00 -1.196439199e+01 -1.196439199e+01 +1.1522e-02 -1.3390e+00 +3.2010e+00 +3.2729e+00 -3.0841e+00
72 +8.430051346e-01 +8.430051346e-01 -1.223699487e+01 -1.223699487e+01 +1.0489e-01 -1.4320e+00 +3.1729e+00 +3.3518e+00 -3.0002e+00
335 +5.389896036e-01 +5.389896036e-01 -1.254101040e+01 -1.254101040e+01 -9.5699e-03 -1.5368e+00 +3.2784e+00 +3.4390e+00 -2.8670e+00
598 +3.849255569e-01 +3.849255569e-01 -1.269507444e+01 -1.269507444e+01 -2.3594e-02 -1.6448e+00 +3.4154e+00 +3.4284e+00 -2.8195e+00
721 +2.232793229e-01 +2.232793229e-01 -1.285672068e+01 -1.285672068e+01 +1.9940e-01 -1.5724e+00 +3.4532e+00 +3.5735e+00 -2.6640e+00
875 +1.385407506e-01 +1.385407506e-01 -1.294145925e+01 -1.294145925e+01 +1.1353e-01 -1.6677e+00 +3.5435e+00 +3.5217e+00 -2.5893e+00
994 +9.551779850e-02 +9.551779850e-02 -1.298448220e+01 -1.298448220e+01 +1.4612e-01 -1.7544e+00 +3.6159e+00 +3.6104e+00 -2.5858e+00
1119 +4.183701867e-02 +4.183701867e-02 -1.303816298e+01 -1.303816298e+01 +1.0454e-01 -1.7922e+00 +3.4821e+00 +3.6561e+00 -2.4487e+00
1250 +3.457192480e-02 +3.457192480e-02 -1.304542808e+01 -1.304542808e+01 +1.2459e-01 -1.8611e+00 +3.4753e+00 +3.6355e+00 -2.5067e+00
1254 +1.195526118e-02 +1.195526118e-02 -1.306804474e+01 -1.306804474e+01 +1.1616e-01 -1.9016e+00 +3.4877e+00 +3.5777e+00 -2.3692e+00
1594 +6.782321211e-03 +6.782321211e-03 -1.307321768e+01 -1.307321768e+01 +1.8803e-01 -1.9951e+00 +3.4784e+00 +3.6226e+00 -2.4024e+00
1610 +5.651710158e-03 +5.651710158e-03 -1.307434829e+01 -1.307434829e+01 +1.8410e-01 -1.9676e+00 +3.5014e+00 +3.5515e+00 -2.3458e+00
1734 +2.553562337e-03 +2.553562337e-03 -1.307744644e+01 -1.307744644e+01 +2.3705e-01 -1.9567e+00 +3.4810e+00 +3.6266e+00 -2.3516e+00
1868 +1.566835019e-03 +1.566835019e-03 -1.307843316e+01 -1.307843316e+01 +1.8649e-01 -1.9455e+00 +3.5154e+00 +3.6189e+00 -2.3914e+00
% function evaluation | noise-free fitness - Fopt (2.671600000000e+02) | best noise-free fitness - Fopt | measured fitness | best measured fitness | x1 | x2...
1 +7.807272812e+01 +7.807272812e+01 +3.452327281e+02 +3.452327281e+02 -1.5390e+00 -3.1356e+00 +1.5201e+00 +2.8881e+00 -1.9680e+00
2 +2.198409678e+01 +2.198409678e+01 +2.891440968e+02 +2.891440968e+02 +7.9342e-01 -2.1217e+00 -3.9869e+00 +4.7935e-01 +3.3803e+00
64 +1.300803565e+01 +1.300803565e+01 +2.801680357e+02 +2.801680357e+02 -9.7820e-01 -3.4029e+00 -2.2506e+00 -2.2179e+00 +6.0526e-01
206 +6.791768699e+00 +6.791768699e+00 +2.739517687e+02 +2.739517687e+02 -1.3776e+00 -2.9136e+00 -2.1007e+00 -9.5755e-01 +2.2809e+00
352 +5.774257184e+00 +5.774257184e+00 +2.729342572e+02 +2.729342572e+02 -1.5258e+00 -3.0025e+00 -2.2616e+00 -1.1969e+00 +2.1337e+00
857 +3.963114111e+00 +3.963114111e+00 +2.711231141e+02 +2.711231141e+02 -1.7910e+00 -3.0933e+00 -2.4798e+00 -1.3422e+00 +2.2987e+00
1244 +2.492871989e+00 +2.492871989e+00 +2.696528720e+02 +2.696528720e+02 -2.0409e+00 -3.1731e+00 -2.6664e+00 -1.5564e+00 +2.4897e+00
1971 +1.377218894e+00 +1.377218894e+00 +2.685372189e+02 +2.685372189e+02 -2.2141e+00 -3.4300e+00 -2.8783e+00 -1.7892e+00 +2.6682e+00
2232 +9.098831635e-01 +9.098831635e-01 +2.680698832e+02 +2.680698832e+02 -2.3554e+00 -3.4090e+00 -2.9987e+00 -1.8031e+00 +2.8015e+00
2493 +5.418405824e-01 +5.418405824e-01 +2.677018406e+02 +2.677018406e+02 -2.4423e+00 -3.5781e+00 -3.1145e+00 -1.8017e+00 +2.9390e+00
2642 +3.980712064e-01 +3.980712064e-01 +2.675580712e+02 +2.675580712e+02 -2.5009e+00 -3.4926e+00 -3.2398e+00 -1.8400e+00 +2.9780e+00
3094 +2.187022876e-01 +2.187022876e-01 +2.673787023e+02 +2.673787023e+02 -2.6101e+00 -3.6513e+00 -3.1781e+00 -1.7968e+00 +3.1885e+00
3234 +1.301933920e-01 +1.301933920e-01 +2.672901934e+02 +2.672901934e+02 -2.8035e+00 -3.7195e+00 -3.1954e+00 -1.8198e+00 +3.1772e+00
3357 +9.777844033e-02 +9.777844033e-02 +2.672577784e+02 +2.672577784e+02 -2.8809e+00 -3.7054e+00 -3.2089e+00 -1.7986e+00 +3.2174e+00
3484 +5.370911343e-02 +5.370911343e-02 +2.672137091e+02 +2.672137091e+02 -2.8771e+00 -3.5812e+00 -3.3338e+00 -1.9296e+00 +3.1869e+00
3614 +3.430222194e-02 +3.430222194e-02 +2.671943022e+02 +2.671943022e+02 -2.9215e+00 -3.7231e+00 -3.3141e+00 -1.8157e+00 +3.3508e+00
3616 +2.301266924e-02 +2.301266924e-02 +2.671830127e+02 +2.671830127e+02 -2.9224e+00 -3.5981e+00 -3.4032e+00 -1.9168e+00 +3.2270e+00
3748 +6.088648547e-03 +6.088648547e-03 +2.671660886e+02 +2.671660886e+02 -2.9462e+00 -3.6244e+00 -3.4818e+00 -1.8303e+00 +3.2974e+00
4024 +3.202138855e-03 +3.202138855e-03 +2.671632021e+02 +2.671632021e+02 -2.9255e+00 -3.6773e+00 -3.4980e+00 -1.8714e+00 +3.3750e+00
4751 +1.876687025e-03 +1.876687025e-03 +2.671618767e+02 +2.671618767e+02 -2.9386e+00 -3.6648e+00 -3.4476e+00 -1.8611e+00 +3.3740e+00
5648 +1.203760228e-03 +1.203760228e-03 +2.671612038e+02 +2.671612038e+02 -2.9500e+00 -3.6559e+00 -3.4741e+00 -1.8866e+00 +3.3372e+00
% function evaluation | noise-free fitness - Fopt (3.710000000000e+00) | best noise-free fitness - Fopt | measured fitness | best measured fitness | x1 | x2...
1 +3.329517639e+01 +3.329517639e+01 +3.700517639e+01 +3.700517639e+01 +1.9236e+00 -1.1373e+00 +2.8863e+00 +2.4927e+00 +5.0425e-01
3 +9.863100855e+00 +9.863100855e+00 +1.357310085e+01 +1.357310085e+01 +1.0691e+00 -3.1761e+00 +4.1439e-01 -1.4824e+00 -3.2880e-01
40 +4.159293124e+00 +4.159293124e+00 +7.869293124e+00 +7.869293124e+00 +2.3745e+00 -2.9999e+00 +3.4266e-01 -1.7660e+00 -4.7748e-01
162 +3.839293360e+00 +3.839293360e+00 +7.549293360e+00 +7.549293360e+00 +2.4137e+00 -3.0267e+00 +3.2560e-01 -1.7861e+00 -3.8817e-01
933 +2.349538720e+00 +2.349538720e+00 +6.059538720e+00 +6.059538720e+00 +2.7999e+00 -3.0730e+00 +5.6920e-01 -2.0070e+00 -2.9937e-01
1534 +1.583245924e+00 +1.583245924e+00 +5.293245924e+00 +5.293245924e+00 +2.9673e+00 -3.1825e+00 +6.5257e-01 -1.8801e+00 -7.6741e-02
1923 +8.209346568e-01 +8.209346568e-01 +4.530934657e+00 +4.530934657e+00 +3.2598e+00 -3.2063e+00 +7.1760e-01 -2.1043e+00 +9.9656e-02
2184 +5.811179089e-01 +5.811179089e-01 +4.291117909e+00 +4.291117909e+00 +3.3654e+00 -3.2169e+00 +7.3882e-01 -1.9952e+00 +1.9230e-01
2450 +3.809402616e-01 +3.809402616e-01 +4.090940262e+00 +4.090940262e+00 +3.4422e+00 -3.1191e+00 +7.6123e-01 -2.0486e+00 +3.5412e-01
2641 +2.431080801e-01 +2.431080801e-01 +3.953108080e+00 +3.953108080e+00 +3.9853e+00 -2.7834e+00 +8.4407e-01 -2.2597e+00 +6.7350e-01
2767 +1.572105473e-01 +1.572105473e-01 +3.867210547e+00 +3.867210547e+00 +3.8982e+00 -2.8696e+00 +7.4493e-01 -2.1842e+00 +6.1629e-01
3171 +9.312002518e-02 +9.312002518e-02 +3.803120025e+00 +3.803120025e+00 +3.7741e+00 -3.2083e+00 +7.0287e-01 -1.9746e+00 +4.5120e-01
3223 +5.239945908e-02 +5.239945908e-02 +3.762399459e+00 +3.762399459e+00 +4.0044e+00 -3.0183e+00 +7.1231e-01 -2.0482e+00 +6.2784e-01
3355 +2.977847507e-02 +2.977847507e-02 +3.739778475e+00 +3.739778475e+00 +4.0263e+00 -3.0881e+00 +7.2242e-01 -2.0272e+00 +6.0229e-01
3443 +2.290999635e-02 +2.290999635e-02 +3.732909996e+00 +3.732909996e+00 +3.8831e+00 -3.1603e+00 +9.0537e-01 -2.0461e+00 +5.8194e-01
3501 +5.500527502e-03 +5.500527502e-03 +3.715500528e+00 +3.715500528e+00 +4.0150e+00 -3.1851e+00 +8.0753e-01 -2.0543e+00 +5.8804e-01
3957 +1.012529442e-03 +1.012529442e-03 +3.711012529e+00 +3.711012529e+00 +3.9651e+00 -3.2176e+00 +8.0931e-01 -2.0491e+00 +6.1750e-01
6647 +8.267349714e-04 +8.267349714e-04 +3.710826735e+00 +3.710826735e+00 +3.9705e+00 -3.1939e+00 +8.3244e-01 -2.0367e+00 +6.3933e-01
% function evaluation | noise-free fitness - Fopt (9.478000000000e+01) | best noise-free fitness - Fopt | measured fitness | best measured fitness | x1 | x2...
1 +4.780290850e+01 +4.780290850e+01 +1.425829085e+02 +1.425829085e+02 +2.4130e+00 +2.4368e+00 +7.3196e-01 -1.4466e+00 +2.2553e+00
2 +1.430365686e+01 +1.430365686e+01 +1.090836569e+02 +1.090836569e+02 -2.4291e-01 -1.4043e+00 +1.1916e+00 -2.8389e+00 +1.0816e+00
162 +9.329386786e+00 +9.329386786e+00 +1.041093868e+02 +1.041093868e+02 +1.8293e+00 -1.4738e+00 +2.0589e+00 -2.7407e+00 +1.2057e+00
675 +6.180429160e+00 +6.180429160e+00 +1.009604292e+02 +1.009604292e+02 +1.2001e+00 -1.5626e+00 +2.2512e+00 -2.8065e+00 +1.9171e+00
1663 +3.628955615e+00 +3.628955615e+00 +9.840895561e+01 +9.840895561e+01 +1.1771e+00 -2.0516e+00 +2.6355e+00 -2.7085e+00 +2.1817e+00
2181 +2.415740700e+00 +2.415740700e+00 +9.719574070e+01 +9.719574070e+01 +1.0258e+00 -2.1359e+00 +2.9234e+00 -2.9285e+00 +2.2368e+00
2701 +1.407096789e+00 +1.407096789e+00 +9.618709679e+01 +9.618709679e+01 +9.0890e-01 -2.4972e+00 +3.0168e+00 -3.0983e+00 +2.3650e+00
3178 +9.533266940e-01 +9.533266940e-01 +9.573332669e+01 +9.573332669e+01 +7.9700e-01 -2.6146e+00 +3.1850e+00 -3.1810e+00 +2.3675e+00
3566 +5.694079134e-01 +5.694079134e-01 +9.534940791e+01 +9.534940791e+01 +9.5006e-01 -2.8535e+00 +3.2800e+00 -3.2728e+00 +2.3280e+00
3824 +3.471359937e-01 +3.471359937e-01 +9.512713599e+01 +9.512713599e+01 +8.4190e-01 -2.8178e+00 +3.4830e+00 -3.3840e+00 +2.3316e+00
4082 +2.406062951e-01 +2.406062951e-01 +9.502060630e+01 +9.502060630e+01 +1.0329e+00 -2.8757e+00 +3.5760e+00 -3.3131e+00 +2.4207e+00
4211 +1.445429549e-01 +1.445429549e-01 +9.492454295e+01 +9.492454295e+01 +9.4477e-01 -2.9266e+00 +3.7228e+00 -3.3085e+00 +2.3691e+00
4552 +9.563692025e-02 +9.563692025e-02 +9.487563692e+01 +9.487563692e+01 +1.1325e+00 -3.2047e+00 +3.7032e+00 -3.3928e+00 +2.5295e+00
4561 +6.300854304e-02 +6.300854304e-02 +9.484300854e+01 +9.484300854e+01 +9.0750e-01 -2.9894e+00 +3.7399e+00 -3.4151e+00 +2.4961e+00
4682 +3.070436895e-02 +3.070436895e-02 +9.481070437e+01 +9.481070437e+01 +9.2878e-01 -3.0605e+00 +3.8083e+00 -3.5076e+00 +2.4027e+00
4690 +2.072411103e-02 +2.072411103e-02 +9.480072411e+01 +9.480072411e+01 +9.5129e-01 -3.0847e+00 +3.7801e+00 -3.4945e+00 +2.5050e+00
4945 +1.351180608e-02 +1.351180608e-02 +9.479351181e+01 +9.479351181e+01 +9.2028e-01 -3.1107e+00 +3.8507e+00 -3.4462e+00 +2.5881e+00
5079 +5.619522316e-03 +5.619522316e-03 +9.478561952e+01 +9.478561952e+01 +9.4332e-01 -3.1774e+00 +3.8427e+00 -3.5024e+00 +2.5484e+00
5477 +8.565464166e-04 +8.565464166e-04 +9.478085655e+01 +9.478085655e+01 +9.1016e-01 -3.1442e+00 +3.8926e+00 -3.4957e+00 +2.5172e+00
% function evaluation | noise-free fitness - Fopt (2.339200000000e+02) | best noise-free fitness - Fopt | measured fitness | best measured fitness | x1 | x2...
1 +8.062653373e+01 +8.062653373e+01 +3.145465337e+02 +3.145465337e+02 -8.9253e-01 +3.8335e+00 +2.4152e+00 +2.9527e+00 -1.4814e+00
2 +1.818002254e+01 +1.818002254e+01 +2.521000225e+02 +2.521000225e+02 +3.9650e-01 -3.8662e-01 -1.9095e+00 -3.1890e+00 -1.7020e+00
10 +1.541208011e+01 +1.541208011e+01 +2.493320801e+02 +2.493320801e+02 -1.0181e+00 +1.3929e+00 -2.2404e+00 -3.1274e+00 -3.4255e+00
72 +4.249944008e+00 +4.249944008e+00 +2.381699440e+02 +2.381699440e+02 -2.7762e+00 +1.1896e-02 -2.1820e+00 -2.8112e+00 +1.1945e+00
207 +3.660692005e+00 +3.660692005e+00 +2.375806920e+02 +2.375806920e+02 -2.7554e+00 +1.0524e-01 -2.0404e+00 -2.6353e+00 +9.3612e-01
722 +2.388071910e+00 +2.388071910e+00 +2.363080719e+02 +2.363080719e+02 -2.9417e+00 +1.4376e-01 -2.2945e+00 -2.5883e+00 +6.8287e-01
1137 +1.526743947e+00 +1.526743947e+00 +2.354467439e+02 +2.354467439e+02 -2.9684e+00 +2.4721e-01 -2.3932e+00 -2.7816e+00 +4.2865e-01
1722 +9.321507649e-01 +9.321507649e-01 +2.348521508e+02 +2.348521508e+02 -3.0760e+00 +4.0301e-01 -2.5894e+00 -2.8252e+00 +2.9542e-01
1992 +5.899353642e-01 +5.899353642e-01 +2.345099354e+02 +2.345099354e+02 -3.2393e+00 +3.8412e-01 -2.7089e+00 -2.8506e+00 +1.6193e-01
2232 +3.675409630e-01 +3.675409630e-01 +2.342875410e+02 +2.342875410e+02 -3.2373e+00 +4.1361e-01 -2.6219e+00 -2.8681e+00 -6.7882e-02
2366 +2.285259794e-01 +2.285259794e-01 +2.341485260e+02 +2.341485260e+02 -3.2130e+00 +6.7265e-01 -2.8271e+00 -2.8878e+00 -8.5265e-02
2513 +1.523927690e-01 +1.523927690e-01 +2.340723928e+02 +2.340723928e+02 -3.3088e+00 +6.8125e-01 -2.7634e+00 -2.9198e+00 -1.6668e-01
2766 +9.489026957e-02 +9.489026957e-02 +2.340148903e+02 +2.340148903e+02 -3.3608e+00 +5.3829e-01 -2.7791e+00 -2.9835e+00 -2.6367e-01
3106 +3.844900405e-02 +3.844900405e-02 +2.339584490e+02 +2.339584490e+02 -3.3012e+00 +6.2745e-01 -2.8998e+00 -2.8963e+00 -3.5188e-01
3229 +2.379634384e-02 +2.379634384e-02 +2.339437963e+02 +2.339437963e+02 -3.3566e+00 +7.5081e-01 -2.8890e+00 -2.8974e+00 -4.3025e-01
3357 +1.417084258e-02 +1.417084258e-02 +2.339341708e+02 +2.339341708e+02 -3.3711e+00 +7.3683e-01 -2.9391e+00 -2.8920e+00 -4.7387e-01
3367 +3.613590307e-03 +3.613590307e-03 +2.339236136e+02 +2.339236136e+02 -3.4288e+00 +6.8430e-01 -2.9072e+00 -2.9589e+00 -4.9270e-01
4003 +1.699404010e-03 +1.699404010e-03 +2.339216994e+02 +2.339216994e+02 -3.4141e+00 +6.3599e-01 -2.9508e+00 -2.9014e+00 -5.2076e-01
7102 +1.100313520e-03 +1.100313520e-03 +2.339211003e+02 +2.339211003e+02 -3.4165e+00 +6.2240e-01 -2.9355e+00 -2.9145e+00 -4.7704e-01
% function evaluation | noise-free fitness - Fopt (-6.092000000000e+01) | best noise-free fitness - Fopt | measured fitness | best measured fitness | x1 | x2...
1 +7.352858569e+01 +7.352858569e+01 +1.260858569e+01 +1.260858569e+01 +1.3888e+00 -2.4766e+00 -1.6804e+00 -1.9134e+00 +1.4828e+00
3 +9.050452258e+00 +9.050452258e+00 -5.186954774e+01 -5.186954774e+01 +1.5358e+00 +1.5680e+00 +3.1155e+00 -3.8259e+00 -2.6966e+00
5 +5.730818820e+00 +5.730818820e+00 -5.518918118e+01 -5.518918118e+01 -4.8805e-02 +3.6604e+00 +2.7337e+00 +6.3985e-01 -2.6733e+00
26 +5.921259956e-01 +5.921259956e-01 -6.032787400e+01 -6.032787400e+01 +6.0641e-01 +2.8417e+00 +2.9489e+00 -9.6920e-01 -2.6234e+00
418 +2.659867487e-01 +2.659867487e-01 -6.065401325e+01 -6.065401325e+01 +7.4211e-01 +2.8344e+00 +3.0958e+00 -1.0172e+00 -2.8070e+00
542 +2.395019221e-01 +2.395019221e-01 -6.068049808e+01 -6.068049808e+01 +7.9420e-01 +2.9181e+00 +3.1364e+00 -1.0061e+00 -2.8849e+00
673 +1.470700529e-01 +1.470700529e-01 -6.077292995e+01 -6.077292995e+01 +6.3769e-01 +2.6729e+00 +3.2140e+00 -1.1039e+00 -2.8912e+00
801 +9.081049852e-02 +9.081049852e-02 -6.082918950e+01 -6.082918950e+01 +8.6281e-01 +2.6890e+00 +3.1409e+00 -1.0499e+00 -3.0253e+00
940 +6.068073325e-02 +6.068073325e-02 -6.085931927e+01 -6.085931927e+01 +7.8876e-01 +2.6311e+00 +3.2713e+00 -1.1960e+00 -2.9340e+00
1203 +3.833547976e-02 +3.833547976e-02 -6.088166452e+01 -6.088166452e+01 +8.6002e-01 +2.4640e+00 +3.2777e+00 -1.1112e+00 -3.0884e+00
1204 +1.403483166e-02 +1.403483166e-02 -6.090596517e+01 -6.090596517e+01 +8.4416e-01 +2.6626e+00 +3.3565e+00 -1.1933e+00 -3.0768e+00
1531 +5.572243709e-03 +5.572243709e-03 -6.091442776e+01 -6.091442776e+01 +9.1093e-01 +2.5876e+00 +3.4284e+00 -1.0996e+00 -3.1546e+00
1676 +3.175528396e-03 +3.175528396e-03 -6.091682447e+01 -6.091682447e+01 +9.2011e-01 +2.5895e+00 +3.4380e+00 -1.0848e+00 -3.0964e+00
5274 +2.027137253e-03 +2.027137253e-03 -6.091797286e+01 -6.091797286e+01 +8.9641e-01 +2.6264e+00 +3.4144e+00 -1.1396e+00 -3.1231e+00
5384 +1.364870512e-03 +1.364870512e-03 -6.091863513e+01 -6.091863513e+01 +9.2322e-01 +2.6030e+00 +3.4006e+00 -1.1172e+00 -3.0844e+00
6452 +9.481466314e-04 +9.481466314e-04 -6.091905185e+01 -6.091905185e+01 +9.1150e-01 +2.5851e+00 +3.4019e+00 -1.1212e+00 -3.0885e+00
% function evaluation | noise-free fitness - Fopt (-1.948000000000e+01) | best noise-free fitness - Fopt | measured fitness | best measured fitness | x1 | x2...
1 +2.279228124e+01 +2.279228124e+01 +3.312281236e+00 +3.312281236e+00 -2.7726e+00 -1.8744e+00 +8.8946e-01 +3.4282e+00 +2.6005e+00
8 +1.578784044e+01 +1.578784044e+01 -3.692159564e+00 -3.692159564e+00 +1.6878e+00 +3.7911e+00 +1.5148e+00 +1.6257e+00 +8.3080e-01
27 +8.949892436e+00 +8.949892436e+00 -1.053010756e+01 -1.053010756e+01 -2.1230e-01 +3.8571e+00 -7.8050e-02 +1.1864e+00 +1.1875e+00
203 +6.181134174e+00 +6.181134174e+00 -1.329886583e+01 -1.329886583e+01 -2.2292e+00 +1.5268e+00 -6.4066e-01 +2.6132e+00 +2.5483e+00
638 +3.870253030e+00 +3.870253030e+00 -1.560974697e+01 -1.560974697e+01 -6.9032e-02 +1.9331e+00 +1.3797e+00 +1.2811e-01 +2.1262e+00
1288 +2.482943287e+00 +2.482943287e+00 -1.699705671e+01 -1.699705671e+01 -2.4561e-01 +2.0172e+00 +1.1478e+00 +3.3495e-01 +2.3684e+00
1888 +1.489676614e+00 +1.489676614e+00 -1.799032339e+01 -1.799032339e+01 -4.9204e-01 +1.9586e+00 +1.2137e+00 +5.4955e-01 +2.5790e+00
2278 +9.978660981e-01 +9.978660981e-01 -1.848213390e+01 -1.848213390e+01 -6.2162e-01 +2.0929e+00 +1.3445e+00 +7.8574e-01 +2.6486e+00
2538 +6.210385399e-01 +6.210385399e-01 -1.885896146e+01 -1.885896146e+01 -6.7084e-01 +2.0621e+00 +1.1570e+00 +9.4212e-01 +2.6992e+00
2804 +3.308151477e-01 +3.308151477e-01 -1.914918485e+01 -1.914918485e+01 -7.8461e-01 +2.0066e+00 +1.0657e+00 +1.0703e+00 +2.8140e+00
3147 +2.491533347e-01 +2.491533347e-01 -1.923084667e+01 -1.923084667e+01 -7.9681e-01 +2.1010e+00 +1.0398e+00 +1.1637e+00 +2.8244e+00
3269 +1.427827100e-01 +1.427827100e-01 -1.933721729e+01 -1.933721729e+01 -8.6280e-01 +2.0714e+00 +1.0349e+00 +1.2073e+00 +2.9303e+00
3404 +9.853017333e-02 +9.853017333e-02 -1.938146983e+01 -1.938146983e+01 -8.6339e-01 +2.1125e+00 +9.5028e-01 +1.2287e+00 +3.0211e+00
3540 +5.778554577e-02 +5.778554577e-02 -1.942221445e+01 -1.942221445e+01 -8.8436e-01 +1.9981e+00 +9.8148e-01 +1.2919e+00 +3.0454e+00
3657 +2.215529423e-02 +2.215529423e-02 -1.945784471e+01 -1.945784471e+01 -9.2518e-01 +2.0167e+00 +9.5508e-01 +1.3459e+00 +3.1291e+00
3922 +1.177536770e-02 +1.177536770e-02 -1.946822463e+01 -1.946822463e+01 -9.2170e-01 +2.1148e+00 +1.0136e+00 +1.4164e+00 +3.1412e+00
3930 +4.428993847e-03 +4.428993847e-03 -1.947557101e+01 -1.947557101e+01 -9.5250e-01 +2.0552e+00 +9.4039e-01 +1.4440e+00 +3.2025e+00
4790 +1.119992404e-03 +1.119992404e-03 -1.947888001e+01 -1.947888001e+01 -9.5413e-01 +2.0338e+00 +9.8841e-01 +1.4580e+00 +3.1473e+00
% function evaluation | noise-free fitness - Fopt (1.344700000000e+02) | best noise-free fitness - Fopt | measured fitness | best measured fitness | x1 | x2...
1 +1.035224338e+02 +1.035224338e+02 +2.379924338e+02 +2.379924338e+02 +1.3734e+00 +2.6823e+00 -2.9592e+00 +2.9924e+00 +2.8633e+00
2 +5.831042585e+01 +5.831042585e+01 +1.927804259e+02 +1.927804259e+02 +1.2316e-01 +2.2954e+00 -3.8979e+00 +2.3866e+00 -2.3116e+00
8 +3.234034437e+01 +3.234034437e+01 +1.668103444e+02 +1.668103444e+02 -3.5667e+00 -1.1087e+00 +3.4670e+00 -7.8965e-01 -3.1743e+00
10 +1.143122176e+01 +1.143122176e+01 +1.459012218e+02 +1.459012218e+02 -3.9035e+00 +3.6159e+00 +3.5719e+00 -2.6078e+00 -2.6961e+00
34 +8.336005200e+00 +8.336005200e+00 +1.428060052e+02 +1.428060052e+02 -3.8540e+00 +3.5487e+00 +2.0309e+00 -2.1317e+00 -1.1022e+00
411 +5.896072520e+00 +5.896072520e+00 +1.403660725e+02 +1.403660725e+02 -2.4088e+00 +2.2742e+00 +1.0286e+00 -1.8538e+00 -1.4993e+00
1066 +3.815781121e+00 +3.815781121e+00 +1.382857811e+02 +1.382857811e+02 -2.5592e+00 +2.5491e+00 +6.6330e-01 -2.1348e+00 -1.6793e+00
1805 +2.392015574e+00 +2.392015574e+00 +1.368620156e+02 +1.368620156e+02 -2.7521e+00 +2.7771e+00 +6.1659e-01 -2.3585e+00 -1.9160e+00
2329 +1.408677985e+00 +1.408677985e+00 +1.358786780e+02 +1.358786780e+02 -2.7910e+00 +2.9458e+00 +3.8957e-01 -2.5558e+00 -2.1810e+00
2702 +8.725183045e-01 +8.725183045e-01 +1.353425183e+02 +1.353425183e+02 -2.9246e+00 +3.1036e+00 +3.7412e-01 -2.6299e+00 -2.3671e+00
3175 +6.052650839e-01 +6.052650839e-01 +1.350752651e+02 +1.350752651e+02 -2.9863e+00 +3.0929e+00 +4.0333e-01 -2.7230e+00 -2.4972e+00
3433 +3.685341843e-01 +3.685341843e-01 +1.348385342e+02 +1.348385342e+02 -3.0434e+00 +3.0284e+00 +3.4267e-01 -2.7306e+00 -2.6686e+00
3691 +2.499555755e-01 +2.499555755e-01 +1.347199556e+02 +1.347199556e+02 -3.2449e+00 +3.0859e+00 +2.2323e-01 -2.6876e+00 -2.7535e+00
3825 +1.268853529e-01 +1.268853529e-01 +1.345968854e+02 +1.345968854e+02 -3.3466e+00 +3.1373e+00 +1.5306e-01 -2.7841e+00 -2.9210e+00
3951 +4.941218335e-02 +4.941218335e-02 +1.345194122e+02 +1.345194122e+02 -3.3236e+00 +3.1485e+00 +2.8509e-01 -2.7925e+00 -3.0083e+00
4084 +3.859091604e-02 +3.859091604e-02 +1.345085909e+02 +1.345085909e+02 -3.4037e+00 +3.1052e+00 +2.7918e-01 -2.8628e+00 -3.0965e+00
4097 +2.227210067e-02 +2.227210067e-02 +1.344922721e+02 +1.344922721e+02 -3.2792e+00 +3.2129e+00 +2.8981e-01 -2.7968e+00 -3.0894e+00
4221 +8.697511510e-03 +8.697511510e-03 +1.344786975e+02 +1.344786975e+02 -3.2888e+00 +3.1243e+00 +3.1792e-01 -2.8653e+00 -3.1281e+00
4570 +1.549748350e-03 +1.549748350e-03 +1.344715497e+02 +1.344715497e+02 -3.2503e+00 +3.1705e+00 +3.6570e-01 -2.8365e+00 -3.2011e+00
% function evaluation | noise-free fitness - Fopt (4.453500000000e+02) | best noise-free fitness - Fopt | measured fitness | best measured fitness | x1 | x2...
1 +4.878667029e+01 +4.878667029e+01 +4.941366703e+02 +4.941366703e+02 +6.1523e-01 +2.0611e+00 +4.6686e-01 -2.9032e+00 -1.3241e+00
4 +2.071408449e+01 +2.071408449e+01 +4.660640845e+02 +4.660640845e+02 -3.1968e+00 +3.8415e+00 -2.8485e+00 -3.5758e+00 +2.5836e+00
48 +5.450432331e+00 +5.450432331e+00 +4.508004323e+02 +4.508004323e+02 -3.7247e+00 +1.9668e+00 -8.0842e-01 +1.9111e+00 +2.4651e+00
210 +2.051355789e+00 +2.051355789e+00 +4.474013558e+02 +4.474013558e+02 -3.3058e+00 +3.3711e+00 -1.0238e+00 +9.5509e-01 +2.0812e+00
482 +1.488811566e+00 +1.488811566e+00 +4.468388116e+02 +4.468388116e+02 -3.3692e+00 +3.2487e+00 -8.8093e-01 +8.4053e-01 +2.2390e+00
855 +9.470594251e-01 +9.470594251e-01 +4.462970594e+02 +4.462970594e+02 -3.2908e+00 +3.2729e+00 -7.4585e-01 +7.7188e-01 +2.4497e+00
1116 +5.837593356e-01 +5.837593356e-01 +4.459337593e+02 +4.459337593e+02 -3.2985e+00 +3.3123e+00 -7.1363e-01 +6.7114e-01 +2.6312e+00
1607 +3.852316825e-01 +3.852316825e-01 +4.457352317e+02 +4.457352317e+02 -3.2168e+00 +3.4152e+00 -7.0004e-01 +6.4203e-01 +2.7795e+00
1848 +2.198182259e-01 +2.198182259e-01 +4.455698182e+02 +4.455698182e+02 -3.2203e+00 +3.5007e+00 -6.6701e-01 +4.6664e-01 +2.8827e+00
2109 +1.236577201e-01 +1.236577201e-01 +4.454736577e+02 +4.454736577e+02 -3.2116e+00 +3.3445e+00 -7.5635e-01 +4.5781e-01 +3.0007e+00
2125 +8.326722859e-02 +8.326722859e-02 +4.454332672e+02 +4.454332672e+02 -3.1433e+00 +3.4336e+00 -5.9303e-01 +4.2572e-01 +3.0522e+00
2232 +3.451034441e-02 +3.451034441e-02 +4.453845103e+02 +4.453845103e+02 -3.0856e+00 +3.3738e+00 -6.0976e-01 +3.2261e-01 +3.1405e+00
2367 +2.326338501e-02 +2.326338501e-02 +4.453732634e+02 +4.453732634e+02 -3.1080e+00 +3.3242e+00 -7.0734e-01 +3.7122e-01 +3.2253e+00
2382 +1.415286445e-02 +1.415286445e-02 +4.453641529e+02 +4.453641529e+02 -3.1732e+00 +3.4107e+00 -5.7075e-01 +2.5930e-01 +3.2253e+00
2502 +8.672540855e-03 +8.672540855e-03 +4.453586725e+02 +4.453586725e+02 -3.1776e+00 +3.3447e+00 -5.9002e-01 +3.6374e-01 +3.2290e+00
2771 +6.171676996e-03 +6.171676996e-03 +4.453561717e+02 +4.453561717e+02 -3.2169e+00 +3.3341e+00 -6.2498e-01 +2.5616e-01 +3.3451e+00
3620 +2.522254756e-03 +2.522254756e-03 +4.453525223e+02 +4.453525223e+02 -3.1873e+00 +3.3611e+00 -6.1215e-01 +2.9638e-01 +3.2442e+00
7285 +1.762897018e-03 +1.762897018e-03 +4.453517629e+02 +4.453517629e+02 -3.1848e+00 +3.3137e+00 -5.9537e-01 +3.2295e-01 +3.2793e+00
