% function evaluation | noise-free fitness - Fopt (4.078000000000e+01) | best noise-free fitness - Fopt | measured fitness | best measured fitness | x1 | x2...
1 +8.469681639e+01 +8.469681639e+01 +1.254768164e+02 +1.254768164e+02 +9.1635e-01 +1.4308e+00 +2.1449e+00 +1.9240e+00 +9.7485e-01 -3.7823e+00 -1.4808e+00 +3.5518e+00 +3.6235e+00 -7.5853e-01
19 +4.898477523e+01 +4.898477523e+01 +8.976477523e+01 +8.976477523e+01 -3.2250e+00 +2.7268e+00 +2.4918e+00 +1.6290e+00 -2.1858e+00 -1.6973e+00 -2.4027e+00 -1.8687e+00 +1.5186e-01 +9.8147e-02
542 +3.954377736e+01 +3.954377736e+01 +8.032377736e+01 +8.032377736e+01 -3.0971e+00 +3.1218e+00 +2.4894e+00 +1.8101e+00 -2.2491e+00 -1.8987e+00 -2.1635e+00 -2.1519e+00 +2.3548e-01 +1.9322e-01
2449 +2.462062797e+01 +2.462062797e+01 +6.540062797e+01 +6.540062797e+01 -2.9240e+00 +3.4904e+00 +2.5145e+00 +1.5804e+00 -2.4860e+00 -2.4344e+00 -1.2430e+00 -2.2523e+00 +4.4742e-01 +5.1304e-01
4872 +1.547838674e+01 +1.547838674e+01 +5.625838674e+01 +5.625838674e+01 +2.3375e+00 -1.8018e+00 +2.9385e-01 -4.3386e+00 -3.8098e+00 +1.9617e+00 -2.8581e+00 +2.4938e+00 -8.7514e-02 -4.4173e+00
6899 +9.955844774e+00 +9.955844774e+00 +5.073584477e+01 +5.073584477e+01 +2.7945e+00 -2.0825e+00 +2.2613e-01 -4.5311e+00 -3.6989e+00 +1.7176e+00 -3.5084e+00 +1.7806e+00 +5.1580e-01 -4.3704e+00
% function evaluation | noise-free fitness - Fopt (-1.600000000000e+00) | best noise-free fitness - Fopt | measured fitness | best measured fitness | x1 | x2...
1 +7.418279780e+01 +7.418279780e+01 +7.258279780e+01 +7.258279780e+01 +1.2318e+00 +2.3522e+00 -1.2501e-01 -2.3887e+00 +3.4562e+00 +1.0272e+00 +2.9657e+00 +1.4695e+00 +1.6313e+00 -2.1670e+00
6 +6.111558553e+01 +6.111558553e+01 +5.951558553e+01 +5.951558553e+01 -1.6398e+00 +1.7085e+00 -2.5634e+00 +3.2889e+00 +7.6385e-01 +2.9545e+00 -1.7683e+00 -6.9518e-01 +2.9361e+00 -2.1166e+00
166 +3.722626228e+01 +3.722626228e+01 +3.562626228e+01 +3.562626228e+01 +2.2812e+00 -2.9465e+00 +7.6093e-01 +3.4619e+00 -2.5857e-01 -1.8152e+00 -2.8951e+00 -3.3005e-01 -3.9836e-01 +1.3538e-01
943 +2.365578489e+01 +2.365578489e+01 +2.205578489e+01 +2.205578489e+01 +2.5155e+00 -2.5839e+00 +8.6166e-01 +3.3870e+00 -2.5985e-01 -1.5904e+00 -2.6804e+00 -4.5243e-01 -5.3252e-01 +2.4610e-01
1791 +1.521279758e+01 +1.521279758e+01 +1.361279758e+01 +1.361279758e+01 +2.6567e+00 -2.4238e+00 +9.9151e-01 +3.3312e+00 -2.5598e-01 -1.4965e+00 -2.6430e+00 -8.3114e-01 -4.5521e-01 +5.5619e-01
2701 +9.422596230e+00 +9.422596230e+00 +7.822596230e+00 +7.822596230e+00 +2.6306e+00 -2.1920e+00 +1.1998e+00 +3.3580e+00 -6.4758e-01 -1.1797e+00 -2.7090e+00 -9.1048e-01 -2.9901e-01 +7.4739e-01
3954 +6.198257761e+00 +6.198257761e+00 +4.598257761e+00 +4.598257761e+00 +2.5640e+00 -2.0329e+00 +1.1068e+00 +3.4328e+00 -8.3802e-01 -1.2694e+00 -3.0885e+00 -1.4016e+00 -2.1486e-01 +1.1109e+00
4567 +3.749404511e+00 +3.749404511e+00 +2.149404511e+00 +2.149404511e+00 +2.3904e+00 -2.0195e+00 +1.0637e+00 +3.3473e+00 -8.8228e-01 -1.1880e+00 -3.0856e+00 -1.6232e+00 -1.9130e-01 +1.3235e+00
4996 +2.504985707e+00 +2.504985707e+00 +9.049857067e-01 +9.049857067e-01 +1.5373e+00 -2.9999e+00 +1.2907e+00 +2.7372e+00 -1.2261e+00 +1.2876e-01 -2.7725e+00 -2.7605e+00 +1.4896e-01 +1.1260e+00
5781 +1.456264769e+00 +1.456264769e+00 -1.437352309e-01 -1.437352309e-01 +1.6125e+00 -2.7431e+00 +1.1419e+00 +2.9279e+00 -1.4105e+00 -4.4655e-02 -2.8082e+00 -2.9818e+00 +3.5683e-01 +1.4681e+00
6270 +9.134874083e-01 +9.134874083e-01 -6.865125917e-01 -6.865125917e-01 +1.5670e+00 -2.7121e+00 +1.0888e+00 +2.9711e+00 -1.4223e+00 -5.9507e-02 -2.8937e+00 -3.0576e+00 +3.3708e-01 +1.6110e+00
6400 +6.047686167e-01 +6.047686167e-01 -9.952313833e-01 -9.952313833e-01 +1.4688e+00 -2.6175e+00 +1.0699e+00 +2.9661e+00 -1.4918e+00 -7.2560e-03 -2.9626e+00 -3.1451e+00 +4.1552e-01 +1.6495e+00
7035 +3.746410078e-01 +3.746410078e-01 -1.225358992e+00 -1.225358992e+00 +1.2936e+00 -2.2923e+00 +9.9545e-01 +2.8744e+00 -1.5582e+00 -1.8736e-01 -3.0840e+00 -3.1009e+00 +4.3035e-01 +1.9510e+00
7287 +2.252915750e-01 +2.252915750e-01 -1.374708425e+00 -1.374708425e+00 +1.3647e+00 -2.4014e+00 +8.9907e-01 +2.8716e+00 -1.6521e+00 -2.6434e-01 -3.2149e+00 -3.2494e+00 +3.6152e-01 +2.0360e+00
7622 +1.541131819e-01 +1.541131819e-01 -1.445886818e+00 -1.445886818e+00 +1.1201e+00 -2.3026e+00 +8.1562e-01 +3.0243e+00 -1.6632e+00 -2.6964e-01 -3.0583e+00 -3.1626e+00 +4.0467e-01 +2.0145e+00
7888 +8.267403886e-02 +8.267403886e-02 -1.517325961e+00 -1.517325961e+00 +1.0322e+00 -2.2221e+00 +9.8293e-01 +3.1514e+00 -1.7859e+00 -3.6874e-01 -3.0890e+00 -3.4590e+00 +4.5098e-01 +2.0962e+00
8015 +6.134865960e-02 +6.134865960e-02 -1.538651340e+00 -1.538651340e+00 +1.0324e+00 -2.2235e+00 +9.6858e-01 +3.1715e+00 -1.6895e+00 -4.8412e-01 -3.0565e+00 -3.3708e+00 +4.2765e-01 +2.2376e+00
8149 +3.833164224e-02 +3.833164224e-02 -1.561668358e+00 -1.561668358e+00 +9.7889e-01 -2.1403e+00 +8.8657e-01 +3.0956e+00 -1.8234e+00 -4.8973e-01 -3.1325e+00 -3.4685e+00 +4.8324e-01 +2.2650e+00
8402 +2.089639210e-02 +2.089639210e-02 -1.579103608e+00 -1.579103608e+00 +9.9885e-01 -2.2102e+00 +8.3044e-01 +3.1466e+00 -1.8748e+00 -4.9664e-01 -3.0228e+00 -3.4309e+00 +4.2603e-01 +2.4082e+00
8663 +1.543200559e-02 +1.543200559e-02 -1.584567994e+00 -1.584567994e+00 +1.0433e+00 -2.1234e+00 +7.9682e-01 +3.2941e+00 -2.0062e+00 -6.0246e-01 -3.0604e+00 -3.3621e+00 +3.8897e-01 +2.4815e+00
9266 +4.743430998e-03 +4.743430998e-03 -1.595256569e+00 -1.595256569e+00 +1.0460e+00 -2.2301e+00 +8.4830e-01 +3.1995e+00 -1.9301e+00 -7.2445e-01 -3.1567e+00 -3.3931e+00 +4.8115e-01 +2.7508e+00
9524 +3.524439366e-03 +3.524439366e-03 -1.596475561e+00 -1.596475561e+00 +9.6456e-01 -2.1367e+00 +7.6886e-01 +3.2187e+00 -1.9892e+00 -8.2051e-01 -3.1087e+00 -3.5653e+00 +3.9935e-01 +2.6807e+00
9791 +1.239474332e-03 +1.239474332e-03 -1.598760526e+00 -1.598760526e+00 +9.0412e-01 -2.0256e+00 +7.4633e-01 +3.2187e+00 -2.0420e+00 -8.7701e-01 -3.0535e+00 -3.5831e+00 +5.2841e-01 +2.8887e+00
9911 +9.184579337e-04 +9.184579337e-04 -1.599081542e+00 -1.599081542e+00 +1.0301e+00 -2.0860e+00 +8.4464e-01 +3.0924e+00 -2.0165e+00 -8.5194e-01 -3.1201e+00 -3.4819e+00 +3.9725e-01 +3.0751e+00
10044 +5.770659941e-04 +5.770659941e-04 -1.599422934e+00 -1.599422934e+00 +1.0234e+00 -2.1366e+00 +7.8384e-01 +3.0860e+00 -2.0529e+00 -7.7630e-01 -3.1734e+00 -3.4096e+00 +4.4109e-01 +3.1600e+00
10328 +1.882101280e-04 +1.882101280e-04 -1.599811790e+00 -1.599811790e+00 +1.1733e+00 -2.0783e+00 +7.3493e-01 +3.1090e+00 -2.0793e+00 -9.2894e-01 -3.1387e+00 -3.3919e+00 +4.0839e-01 +3.1364e+00
10912 +1.000542356e-04 +1.000542356e-04 -1.599899946e+00 -1.599899946e+00 +1.1006e+00 -2.0430e+00 +6.8190e-01 +3.0662e+00 -2.0738e+00 -8.9798e-01 -3.0958e+00 -3.3890e+00 +4.3169e-01 +3.1291e+00
11441 +8.691613183e-05 +8.691613183e-05 -1.599913084e+00 -1.599913084e+00 +1.1208e+00 -2.0269e+00 +5.8236e-01 +3.0776e+00 -2.0793e+00 -8.9848e-01 -3.1494e+00 -3.5357e+00 +4.2078e-01 +3.0931e+00
12163 +2.516423123e-05 +2.516423123e-05 -1.599974836e+00 -1.599974836e+00 +1.1588e+00 -1.9864e+00 +5.1861e-01 +3.0517e+00 -2.1012e+00 -9.1855e-01 -3.0882e+00 -3.5493e+00 +5.1066e-01 +3.1226e+00
% function evaluation | noise-free fitness - Fopt (-3.708400000000e+02) | best noise-free fitness - Fopt | measured fitness | best measured fitness | x1 | x2...
1 +7.626114883e+01 +7.626114883e+01 -2.945788512e+02 -2.945788512e+02 -8.7313e-01 +1.5402e+00 -3.2908e+00 -1.2600e+00 -3.8767e+00 +6.1872e-01 +6.4039e-01 +2.6689e-01 +3.3833e+00 +2.5944e+00
18 +3.920190203e+01 +3.920190203e+01 -3.316380980e+02 -3.316380980e+02 +2.1458e-01 +9.0173e-01 +3.4410e+00 -2.3026e+00 +1.8819e+00 +2.0895e+00 -3.7803e+00 -8.2367e-01 +4.6135e-01 +1.1050e+00
931 +2.479892215e+01 +2.479892215e+01 -3.460410779e+02 -3.460410779e+02 +2.1314e-01 +5.4675e-01 +3.7291e+00 -2.3007e+00 +2.1056e+00 +2.1783e+00 -3.3452e+00 -5.0849e-01 +1.6576e-01 +1.1624e+00
2064 +1.573371000e+01 +1.573371000e+01 -3.551062900e+02 -3.551062900e+02 +1.7539e-01 +4.3935e-01 +4.1345e+00 -1.7883e+00 +1.9888e+00 +1.9553e+00 -3.0999e+00 -3.9790e-01 -2.2161e-01 +1.5593e+00
3045 +9.656865013e+00 +9.656865013e+00 -3.611831350e+02 -3.611831350e+02 +1.7416e-01 +2.1931e-01 +3.9279e+00 -1.6431e+00 +2.2111e+00 +1.6644e+00 -2.8669e+00 -4.9478e-02 -5.1549e-01 +1.5152e+00
4086 +5.992643502e+00 +5.992643502e+00 -3.648473565e+02 -3.648473565e+02 +2.6285e-01 +9.1058e-02 +4.1967e+00 -1.7319e+00 +2.5268e+00 +1.6543e+00 -2.5522e+00 +4.4024e-01 -6.6979e-01 +1.8456e+00
4685 +3.962734637e+00 +3.962734637e+00 -3.668772654e+02 -3.668772654e+02 +2.5717e-01 -9.2500e-02 +4.1507e+00 -1.6060e+00 +2.5235e+00 +1.2735e+00 -2.3778e+00 +6.8193e-01 -7.8197e-01 +1.8242e+00
5080 +2.455407782e+00 +2.455407782e+00 -3.683845922e+02 -3.683845922e+02 +1.4870e-01 -1.1682e-01 +4.3303e+00 -1.3527e+00 +2.7550e+00 +1.2487e+00 -2.3632e+00 +6.6506e-01 -7.8098e-01 +2.0613e+00
9828 +1.581630128e+00 +1.581630128e+00 -3.692583699e+02 -3.692583699e+02 +3.2148e+00 +1.2495e+00 +5.5971e-02 -2.6286e+00 -6.1973e-01 -1.8351e+00 +1.3450e-01 +1.5530e+00 -1.7646e+00 +2.4591e-01
11207 +9.679682273e-01 +9.679682273e-01 -3.698720318e+02 -3.698720318e+02 +3.1486e+00 +1.5792e+00 -3.6446e-03 -2.6238e+00 -1.0661e+00 -1.6068e+00 +4.3922e-02 +1.5458e+00 -2.1423e+00 -5.1540e-02
% function evaluation | noise-free fitness - Fopt (-3.256000000000e+01) | best noise-free fitness - Fopt | measured fitness | best measured fitness | x1 | x2...
1 +7.861629299e+01 +7.861629299e+01 +4.605629299e+01 +4.605629299e+01 -3.1089e+00 +2.0962e+00 -2.3421e+00 -1.0016e+00 -5.9617e-01 +2.1391e+00 +1.6558e+00 +1.8381e+00 +3.9431e+00 -2.5000e+00
22 +3.067647204e+01 +3.067647204e+01 -1.883527964e+00 -1.883527964e+00 +3.5329e+00 -1.9756e+00 +7.2604e-01 +2.0303e+00 +1.7629e-01 +1.8825e+00 -4.4236e-01 -1.7764e-01 +2.9091e+00 -1.9948e+00
61 +2.124267266e+01 +2.124267266e+01 -1.131732734e+01 -1.131732734e+01 +2.6348e+00 -1.6410e+00 -8.2352e-01 +2.7433e+00 -2.7445e+00 +1.3199e+00 -3.5773e+00 +3.0770e+00 -8.0383e-01 -2.2863e+00
468 +1.559800689e+01 +1.559800689e+01 -1.696199311e+01 -1.696199311e+01 +2.7445e+00 -1.7393e+00 -6.6339e-01 +2.7720e+00 -2.4668e+00 +1.2459e+00 -3.6928e+00 +3.0772e+00 -1.1502e+00 -2.2054e+00
981 +9.893892737e+00 +9.893892737e+00 -2.266610726e+01 -2.266610726e+01 +2.3992e+00 -2.0454e+00 -8.4290e-01 +2.9922e+00 -2.4406e+00 +1.2830e+00 -3.7288e+00 +2.8362e+00 -1.1787e+00 -2.1847e+00
1716 +6.029819069e+00 +6.029819069e+00 -2.653018093e+01 -2.653018093e+01 +2.4754e+00 -2.0971e+00 -8.3482e-01 +3.1584e+00 -2.2998e+00 +1.3491e+00 -3.6158e+00 +2.4942e+00 -1.5285e+00 -2.1376e+00
1996 +3.842282161e+00 +3.842282161e+00 -2.871771784e+01 -2.871771784e+01 +2.3598e+00 -2.1080e+00 -7.7491e-01 +3.0673e+00 -2.2283e+00 +1.3399e+00 -3.6034e+00 +2.3470e+00 -1.6867e+00 -2.0343e+00
2243 +2.465493933e+00 +2.465493933e+00 -3.009450607e+01 -3.009450607e+01 +2.4246e+00 -2.2553e+00 -7.5882e-01 +2.9652e+00 -2.1413e+00 +1.4559e+00 -3.6345e+00 +2.2240e+00 -1.7545e+00 -1.9625e+00
2753 +1.574149327e+00 +1.574149327e+00 -3.098585067e+01 -3.098585067e+01 +2.2179e+00 -2.5246e+00 -1.0344e+00 +3.1129e+00 -1.9163e+00 +1.3503e+00 -3.2927e+00 +2.1084e+00 -1.8648e+00 -2.0743e+00
3103 +9.679702098e-01 +9.679702098e-01 -3.159202979e+01 -3.159202979e+01 +2.1136e+00 -2.5793e+00 -1.1387e+00 +3.1335e+00 -1.8974e+00 +1.3189e+00 -3.2578e+00 +1.9427e+00 -1.9537e+00 -2.1069e+00
3353 +5.394848095e-01 +5.394848095e-01 -3.202051519e+01 -3.202051519e+01 +1.9223e+00 -2.7157e+00 -1.3705e+00 +3.2432e+00 -1.9053e+00 +1.4805e+00 -3.2611e+00 +1.7983e+00 -1.7920e+00 -2.1021e+00
3743 +3.941179477e-01 +3.941179477e-01 -3.216588205e+01 -3.216588205e+01 +1.6566e+00 -2.6611e+00 -1.3351e+00 +3.1879e+00 -1.7815e+00 +1.5811e+00 -3.1908e+00 +1.6577e+00 -1.8093e+00 -1.8516e+00
4028 +2.078006913e-01 +2.078006913e-01 -3.235219931e+01 -3.235219931e+01 +1.8390e+00 -2.8539e+00 -1.3725e+00 +3.3393e+00 -2.0406e+00 +1.4858e+00 -3.2939e+00 +1.5682e+00 -1.7779e+00 -1.5662e+00
4265 +1.481965297e-01 +1.481965297e-01 -3.241180347e+01 -3.241180347e+01 +1.8897e+00 -2.8956e+00 -1.3867e+00 +3.3105e+00 -1.7980e+00 +1.5959e+00 -3.1706e+00 +1.5603e+00 -1.7694e+00 -1.5637e+00
4879 +9.096178599e-02 +9.096178599e-02 -3.246903821e+01 -3.246903821e+01 +1.7897e+00 -3.0068e+00 -1.4318e+00 +3.4300e+00 -1.7783e+00 +1.7228e+00 -3.1799e+00 +1.3794e+00 -1.7642e+00 -1.5238e+00
5259 +5.119778789e-02 +5.119778789e-02 -3.250880221e+01 -3.250880221e+01 +1.5472e+00 -2.9821e+00 -1.4934e+00 +3.3967e+00 -1.5682e+00 +1.7626e+00 -3.1319e+00 +1.3679e+00 -1.5528e+00 -1.5257e+00
5511 +3.520181363e-02 +3.520181363e-02 -3.252479819e+01 -3.252479819e+01 +1.4105e+00 -3.0591e+00 -1.4677e+00 +3.4072e+00 -1.5910e+00 +1.7917e+00 -3.0688e+00 +1.2788e+00 -1.6370e+00 -1.5104e+00
5524 +2.071317909e-02 +2.071317909e-02 -3.253928682e+01 -3.253928682e+01 +1.4651e+00 -3.0528e+00 -1.5813e+00 +3.5088e+00 -1.5172e+00 +1.7679e+00 -3.1222e+00 +1.2111e+00 -1.5390e+00 -1.5819e+00
5648 +1.576270280e-02 +1.576270280e-02 -3.254423730e+01 -3.254423730e+01 +1.3926e+00 -3.0554e+00 -1.5575e+00 +3.4619e+00 -1.5570e+00 +1.8184e+00 -3.2053e+00 +1.1902e+00 -1.6249e+00 -1.5129e+00
5795 +7.516823390e-03 +7.516823390e-03 -3.255248318e+01 -3.255248318e+01 +1.3166e+00 -3.1457e+00 -1.6082e+00 +3.6073e+00 -1.4829e+00 +1.6496e+00 -3.1864e+00 +1.1671e+00 -1.5506e+00 -1.5205e+00
6113 +6.085061124e-03 +6.085061124e-03 -3.255391494e+01 -3.255391494e+01 +1.3094e+00 -3.1532e+00 -1.5542e+00 +3.5547e+00 -1.4715e+00 +1.6998e+00 -3.2731e+00 +1.0832e+00 -1.4582e+00 -1.4841e+00
6268 +3.406334049e-03 +3.406334049e-03 -3.255659367e+01 -3.255659367e+01 +1.2977e+00 -3.0582e+00 -1.6068e+00 +3.5847e+00 -1.4229e+00 +1.7749e+00 -3.1838e+00 +9.8792e-01 -1.5092e+00 -1.4047e+00
6780 +1.961352778e-03 +1.961352778e-03 -3.255803865e+01 -3.255803865e+01 +1.4167e+00 -3.1278e+00 -1.5895e+00 +3.6494e+00 -1.1852e+00 +1.6246e+00 -3.2894e+00 +8.5459e-01 -1.5145e+00 -1.3161e+00
6909 +1.057430376e-03 +1.057430376e-03 -3.255894257e+01 -3.255894257e+01 +1.3344e+00 -3.2354e+00 -1.6394e+00 +3.5697e+00 -1.2599e+00 +1.7217e+00 -3.2697e+00 +9.5235e-01 -1.5219e+00 -1.3425e+00
7023 +8.811726913e-04 +8.811726913e-04 -3.255911883e+01 -3.255911883e+01 +1.3149e+00 -3.2182e+00 -1.5922e+00 +3.5846e+00 -1.3379e+00 +1.6862e+00 -3.2955e+00 +9.3722e-01 -1.5238e+00 -1.3793e+00
7281 +4.373162143e-04 +4.373162143e-04 -3.255956268e+01 -3.255956268e+01 +1.2493e+00 -3.1709e+00 -1.5464e+00 +3.6365e+00 -1.2454e+00 +1.5874e+00 -3.2915e+00 +7.5852e-01 -1.4597e+00 -1.2893e+00
7297 +3.205153383e-04 +3.205153383e-04 -3.255967948e+01 -3.255967948e+01 +1.1909e+00 -3.2364e+00 -1.6085e+00 +3.6264e+00 -1.1665e+00 +1.7594e+00 -3.2144e+00 +8.1449e-01 -1.4299e+00 -1.3006e+00
7772 +1.875376409e-04 +1.875376409e-04 -3.255981246e+01 -3.255981246e+01 +1.1419e+00 -3.2074e+00 -1.6508e+00 +3.5946e+00 -1.1568e+00 +1.7562e+00 -3.2469e+00 +7.4373e-01 -1.3159e+00 -1.2522e+00
8157 +1.433074060e-04 +1.433074060e-04 -3.255985669e+01 -3.255985669e+01 +1.1170e+00 -3.2022e+00 -1.5604e+00 +3.6940e+00 -1.1828e+00 +1.6696e+00 -3.3417e+00 +6.8405e-01 -1.3622e+00 -1.2230e+00
9276 +2.855791795e-05 +2.855791795e-05 -3.255997144e+01 -3.255997144e+01 +1.0468e+00 -3.1694e+00 -1.5849e+00 +3.6290e+00 -1.2243e+00 +1.7216e+00 -3.3348e+00 +7.2777e-01 -1.2959e+00 -1.2250e+00
% function evaluation | noise-free fitness - Fopt (5.154000000000e+02) | best noise-free fitness - Fopt | measured fitness | best measured fitness | x1 | x2...
1 +7.894675620e+01 +7.894675620e+01 +5.943467562e+02 +5.943467562e+02 +3.5038e+00 -1.2874e-01 -3.1334e+00 +3.0809e+00 -1.9537e+00 -2.9903e-01 -1.0343e+00 +9.3978e-01 -2.8208e+00 -3.8364e+00
37 +5.057933758e+01 +5.057933758e+01 +5.659793376e+02 +5.659793376e+02 -3.3257e+00 +1.0299e+00 +1.4832e+00 -5.1242e-01 +1.2986e-01 +3.0567e+00 +2.4420e+00 +2.1490e+00 +1.1421e-01 -3.5598e+00
282 +3.460726509e+01 +3.460726509e+01 +5.500072651e+02 +5.500072651e+02 -3.3441e+00 +1.1473e+00 +1.4802e+00 -3.2789e-01 +2.2053e-01 +3.0849e+00 +2.3024e+00 +2.2486e+00 +2.1254e-01 -3.3794e+00
1067 +2.482535147e+01 +2.482535147e+01 +5.402253515e+02 +5.402253515e+02 -3.3164e+00 +1.4346e+00 +1.6707e+00 -3.4977e-01 +3.8924e-01 +3.2064e+00 +2.1790e+00 +2.2779e+00 +5.6266e-01 -3.3896e+00
2622 +1.576374857e+01 +1.576374857e+01 +5.311637486e+02 +5.311637486e+02 -7.3406e-01 +3.2473e-01 +2.2904e+00 -1.5435e+00 +2.7692e+00 +2.8563e+00 +1.1476e+00 +6.9000e-01 -1.9563e-01 -9.1701e-01
4605 +9.914797285e+00 +9.914797285e+00 +5.253147973e+02 +5.253147973e+02 -9.7716e-01 +2.7023e-01 +2.2453e+00 -2.2456e+00 +2.4672e+00 +2.5851e+00 +4.9707e-01 +4.7465e-01 +7.1144e-02 -1.0041e+00
7883 +6.296701526e+00 +6.296701526e+00 +5.216967015e+02 +5.216967015e+02 -1.8958e+00 +5.8772e-02 +2.6934e+00 -2.5938e+00 +2.3990e+00 +2.7079e+00 -5.5996e-01 -1.1935e-01 +3.6955e-01 -1.3829e+00
11163 +3.937488130e+00 +3.937488130e+00 +5.193374881e+02 +5.193374881e+02 -2.3465e+00 -5.2442e-01 +2.7388e+00 -2.9097e+00 +2.8507e+00 +2.9361e+00 -1.4353e+00 -2.9876e-01 +3.3421e-01 -2.2852e+00
% function evaluation | noise-free fitness - Fopt (-1.000000000000e+03) | best noise-free fitness - Fopt | measured fitness | best measured fitness | x1 | x2...
1 +7.377315940e+01 +7.377315940e+01 -9.262268406e+02 -9.262268406e+02 +2.8846e+00 +3.5026e+00 +1.8413e+00 +3.4292e+00 -1.7732e+00 -1.0820e+00 -1.1732e+00 -1.8695e+00 +1.6704e+00 +5.9018e-01
48 +5.975951023e+01 +5.975951023e+01 -9.402404898e+02 -9.402404898e+02 -2.7030e+00 -1.1060e+00 +2.3523e+00 -5.9713e-01 +2.2714e+00 +1.2568e+00 +1.8244e+00 +1.7948e+00 +3.9298e+00 +1.6798e+00
857 +3.973872568e+01 +3.973872568e+01 -9.602612743e+02 -9.602612743e+02 -3.1139e+00 -1.1708e+00 +2.3030e+00 -6.5077e-01 +2.6157e+00 +1.4030e+00 +1.7914e+00 +1.7214e+00 +3.6447e+00 +1.6147e+00
2237 +2.505144869e+01 +2.505144869e+01 -9.749485513e+02 -9.749485513e+02 -3.4784e+00 -1.5198e+00 +1.9512e+00 -9.3459e-01 +3.1680e+00 +1.1004e+00 +1.6282e+00 +1.8865e+00 +3.6854e+00 +1.5452e+00
3922 +1.567499010e+01 +1.567499010e+01 -9.843250099e+02 -9.843250099e+02 +3.7850e-02 -1.3790e+00 -3.6807e-02 -2.6796e+00 +3.0542e+00 +1.4732e+00 +2.9238e+00 -8.3517e-01 +3.9274e-01 -5.8303e-02
5296 +9.911232795e+00 +9.911232795e+00 -9.900887672e+02 -9.900887672e+02 +6.9635e-03 -1.5584e+00 +2.8786e-01 -2.9486e+00 +3.4002e+00 +1.4900e+00 +2.5839e+00 -6.3631e-01 +2.3670e-01 -2.9119e-01
7676 +6.194759985e+00 +6.194759985e+00 -9.938052400e+02 -9.938052400e+02 +8.6538e-03 -9.9342e-01 +7.4542e-01 -3.7059e+00 +3.3956e+00 +2.1174e+00 +2.2429e+00 -1.3383e-01 -2.5541e-01 -6.1635e-01
10089 +3.946564779e+00 +3.946564779e+00 -9.960534352e+02 -9.960534352e+02 -3.3760e-01 -1.2995e+00 +1.0131e+00 -4.1250e+00 +3.7823e+00 +1.9964e+00 +1.7371e+00 -3.4009e-02 -7.6032e-01 -6.3655e-01
% function evaluation | noise-free fitness - Fopt (1.317500000000e+02) | best noise-free fitness - Fopt | measured fitness | best measured fitness | x1 | x2...
1 +6.063079829e+01 +6.063079829e+01 +1.923807983e+02 +1.923807983e+02 +1.1081e+00 +3.1183e-01 +2.5484e+00 -2.9100e+00 -1.8537e-01 -2.9354e+00 -2.6759e+00 +8.6069e-02 -2.4378e+00 -3.2550e+00
52 +3.297339215e+01 +3.297339215e+01 +1.647233921e+02 +1.647233921e+02 -6.9153e-01 +1.1932e+00 +1.9066e+00 -3.3804e+00 -2.6627e+00 -3.8059e+00 -2.4292e+00 -2.8831e+00 -1.8798e+00 +2.9222e-01
339 +2.454055004e+01 +2.454055004e+01 +1.562905500e+02 +1.562905500e+02 -5.8205e-01 +1.1518e+00 +1.8077e+00 -3.5913e+00 -2.6246e+00 -3.9989e+00 -2.3879e+00 -3.0047e+00 -1.9466e+00 +7.5641e-02
1715 +1.584598872e+01 +1.584598872e+01 +1.475959887e+02 +1.475959887e+02 -5.6197e-01 +1.5059e+00 +1.7527e+00 -3.5551e+00 -2.8595e+00 -4.4415e+00 -2.5957e+00 -3.0518e+00 -1.7566e+00 -3.6972e-01
3657 +9.724026061e+00 +9.724026061e+00 +1.414740261e+02 +1.414740261e+02 -3.3902e+00 -1.2151e-01 -3.7654e-01 +3.1529e-01 -2.6004e+00 -1.5184e+00 +3.2209e+00 -1.5321e+00 -2.5525e+00 +2.8362e+00
4648 +6.145797147e+00 +6.145797147e+00 +1.378957971e+02 +1.378957971e+02 -3.3454e+00 -4.4680e-01 -8.3538e-01 +7.6565e-02 -2.5733e+00 -1.6297e+00 +3.3190e+00 -1.6125e+00 -2.7533e+00 +2.5368e+00
5166 +3.969057323e+00 +3.969057323e+00 +1.357190573e+02 +1.357190573e+02 -3.1628e+00 -5.2761e-01 -1.0270e+00 +4.3152e-02 -2.3689e+00 -1.6218e+00 +3.4192e+00 -1.7518e+00 -2.6117e+00 +2.4685e+00
6162 +2.503189529e+00 +2.503189529e+00 +1.342531895e+02 +1.342531895e+02 -3.1984e+00 -8.5934e-01 -1.2386e+00 -4.9106e-02 -2.3672e+00 -1.5775e+00 +3.5583e+00 -1.9688e+00 -2.6686e+00 +2.4173e+00
12102 +1.570294899e+00 +1.570294899e+00 +1.333202949e+02 +1.333202949e+02 -3.4834e+00 -6.3686e-02 +3.6314e+00 +1.5194e+00 -1.8342e+00 -8.2180e-01 -1.4990e+00 +2.9558e+00 +2.9929e+00 -1.7753e+00
14536 +9.699158226e-01 +9.699158226e-01 +1.327199158e+02 +1.327199158e+02 -3.4924e+00 -1.2899e-01 +4.3630e+00 +1.3573e+00 -2.1846e+00 -7.5042e-01 -1.5839e+00 +3.6072e+00 +3.1248e+00 -1.4961e+00
% function evaluation | noise-free fitness - Fopt (1.144900000000e+02) | best noise-free fitness - Fopt | measured fitness | best measured fitness | x1 | x2...
1 +7.921628514e+01 +7.921628514e+01 +1.937062851e+02 +1.937062851e+02 -3.6167e-01 -8.0162e-01 +7.3962e-01 +2.4065e+00 +1.1484e+00 -3.9726e+00 -2.8013e+00 +1.4135e+00 +2.0860e+00 +2.7686e+00
6 +3.665439668e+01 +3.665439668e+01 +1.511443967e+02 +1.511443967e+02 -3.1281e+00 +2.0749e+00 +1.7867e+00 -2.7586e+00 -2.9164e+00 +2.9042e+00 -1.6202e+00 -1.3806e+00 -3.4656e+00 +9.5545e-01
338 +2.505236780e+01 +2.505236780e+01 +1.395423678e+02 +1.395423678e+02 -1.4980e+00 -2.8064e+00 +1.1489e+00 -4.7113e-01 -8.9073e-01 +2.8174e-01 -2.5336e+00 -6.9245e-01 -1.7900e+00 +5.2956e-01
1594 +1.583952289e+01 +1.583952289e+01 +1.303295229e+02 +1.303295229e+02 -1.8291e+00 -3.1199e+00 +9.1400e-01 +1.3587e-02 -1.2501e+00 +4.5120e-01 -2.5390e+00 -1.0588e+00 -1.2596e+00 +7.8574e-01
2280 +9.552560718e+00 +9.552560718e+00 +1.240425607e+02 +1.240425607e+02 -6.4074e-01 -2.4160e+00 +2.2446e+00 +3.0952e+00 +4.6901e-01 +1.6990e+00 -2.1889e+00 -3.2439e+00 +2.7541e+00 +2.8903e+00
3656 +6.116585288e+00 +6.116585288e+00 +1.206065853e+02 +1.206065853e+02 -1.0047e+00 -2.1148e+00 +2.1703e+00 +3.3674e+00 +6.5065e-01 +1.9814e+00 -1.9326e+00 -3.0358e+00 +2.8658e+00 +2.7796e+00
3924 +3.935068951e+00 +3.935068951e+00 +1.184250690e+02 +1.184250690e+02 -1.0245e+00 -2.1342e+00 +2.0480e+00 +3.6470e+00 +4.1805e-01 +1.9507e+00 -1.7757e+00 -3.2924e+00 +2.5127e+00 +2.7213e+00
4650 +2.508220030e+00 +2.508220030e+00 +1.169982200e+02 +1.169982200e+02 -1.1812e+00 -1.8723e+00 +2.2923e+00 +3.6514e+00 +7.1600e-01 +1.8246e+00 -1.8258e+00 -3.1194e+00 +2.4737e+00 +2.8032e+00
5559 +1.561208941e+00 +1.561208941e+00 +1.160512089e+02 +1.160512089e+02 -1.5792e+00 -1.6263e+00 +2.2218e+00 +3.5968e+00 +7.2381e-01 +1.7573e+00 -1.6130e+00 -3.2360e+00 +2.0271e+00 +2.4825e+00
5823 +9.513899730e-01 +9.513899730e-01 +1.154413900e+02 +1.154413900e+02 -1.6381e+00 -1.6444e+00 +2.3087e+00 +3.6519e+00 +7.1808e-01 +1.6654e+00 -1.5528e+00 -3.0736e+00 +1.8682e+00 +2.5314e+00
6420 +5.875931617e-01 +5.875931617e-01 +1.150775932e+02 +1.150775932e+02 -1.8301e+00 -1.5014e+00 +2.3485e+00 +3.5943e+00 +7.9207e-01 +1.6724e+00 -1.5093e+00 -3.0460e+00 +1.7391e+00 +2.5475e+00
7202 +3.863827609e-01 +3.863827609e-01 +1.148763828e+02 +1.148763828e+02 -2.1369e+00 -1.2017e+00 +2.5576e+00 +3.7803e+00 +6.6262e-01 +1.5157e+00 -1.4612e+00 -3.2136e+00 +1.7078e+00 +2.3162e+00
7668 +2.092099580e-01 +2.092099580e-01 +1.146992100e+02 +1.146992100e+02 -2.2179e+00 -1.3058e+00 +2.6164e+00 +3.8112e+00 +8.4259e-01 +1.4415e+00 -1.4479e+00 -3.1557e+00 +1.5797e+00 +2.2113e+00
7796 +1.583029926e-01 +1.583029926e-01 +1.146483030e+02 +1.146483030e+02 -2.3107e+00 -1.2734e+00 +2.5743e+00 +3.7963e+00 +8.6162e-01 +1.4243e+00 -1.4220e+00 -3.0855e+00 +1.4548e+00 +2.3632e+00
8058 +8.111498835e-02 +8.111498835e-02 +1.145711150e+02 +1.145711150e+02 -2.4287e+00 -1.2505e+00 +2.5832e+00 +3.8501e+00 +8.7725e-01 +1.5324e+00 -1.2467e+00 -2.9017e+00 +1.3499e+00 +2.2469e+00
8327 +5.257317110e-02 +5.257317110e-02 +1.145425732e+02 +1.145425732e+02 -2.5139e+00 -1.1706e+00 +2.6722e+00 +3.7775e+00 +8.6526e-01 +1.4743e+00 -1.1880e+00 -2.8891e+00 +1.2294e+00 +2.2763e+00
8708 +3.482171417e-02 +3.482171417e-02 +1.145248217e+02 +1.145248217e+02 -2.6720e+00 -1.2643e+00 +2.6330e+00 +3.8695e+00 +7.6791e-01 +1.4212e+00 -1.0782e+00 -3.0205e+00 +1.1234e+00 +2.1006e+00
9186 +1.953621756e-02 +1.953621756e-02 +1.145095362e+02 +1.145095362e+02 -2.7845e+00 -1.2120e+00 +2.7451e+00 +3.7811e+00 +7.2230e-01 +1.4051e+00 -1.1753e+00 -3.0406e+00 +1.0820e+00 +2.1003e+00
9306 +1.318215417e-02 +1.318215417e-02 +1.145031822e+02 +1.145031822e+02 -2.8578e+00 -1.1565e+00 +2.8325e+00 +3.8501e+00 +7.6310e-01 +1.3375e+00 -1.0974e+00 -2.9961e+00 +1.0563e+00 +2.1009e+00
9573 +9.617216585e-03 +9.617216585e-03 +1.144996172e+02 +1.144996172e+02 -2.9541e+00 -1.1324e+00 +2.7945e+00 +3.8558e+00 +8.7045e-01 +1.2701e+00 -1.0561e+00 -2.9184e+00 +9.2786e-01 +2.1065e+00
9702 +3.648700542e-03 +3.648700542e-03 +1.144936487e+02 +1.144936487e+02 -3.0104e+00 -1.1095e+00 +2.8691e+00 +3.8191e+00 +8.0587e-01 +1.4025e+00 -1.0681e+00 -2.8791e+00 +9.3572e-01 +2.0327e+00
10225 +1.236725978e-03 +1.236725978e-03 +1.144912367e+02 +1.144912367e+02 -3.0334e+00 -8.9549e-01 +2.9521e+00 +3.7855e+00 +7.3532e-01 +1.6299e+00 -1.0898e+00 -2.7866e+00 +1.0095e+00 +1.9903e+00
11217 +8.226755495e-04 +8.226755495e-04 +1.144908227e+02 +1.144908227e+02 -3.1701e+00 -9.6356e-01 +2.9783e+00 +3.7409e+00 +7.1294e-01 +1.5334e+00 -9.6049e-01 -2.8773e+00 +9.9736e-01 +1.9067e+00
11606 +2.439382252e-04 +2.439382252e-04 +1.144902439e+02 +1.144902439e+02 -3.3139e+00 -9.1315e-01 +3.0257e+00 +3.5929e+00 +6.7123e-01 +1.4813e+00 -9.8037e-01 -2.7553e+00 +8.4998e-01 +1.9621e+00
12596 +1.110050806e-04 +1.110050806e-04 +1.144901110e+02 +1.144901110e+02 -3.3989e+00 -9.5427e-01 +3.0747e+00 +3.5705e+00 +6.7862e-01 +1.4495e+00 -9.4777e-01 -2.8542e+00 +8.9706e-01 +1.9351e+00
12976 +8.636211138e-05 +8.636211138e-05 +1.144900864e+02 +1.144900864e+02 -3.5439e+00 -9.2855e-01 +3.0290e+00 +3.5858e+00 +6.2937e-01 +1.4029e+00 -8.6013e-01 -2.8060e+00 +8.0464e-01 +1.8847e+00
% function evaluation | noise-free fitness - Fopt (-2.596000000000e+01) | best noise-free fitness - Fopt | measured fitness | best measured fitness | x1 | x2...
1 +7.763107000e+01 +7.763107000e+01 +5.167107000e+01 +5.167107000e+01 -1.0086e+00 +1.1763e+00 -2.3935e+00 +1.8085e+00 +2.3610e+00 -1.5973e+00 -3.2995e+00 +3.8072e-01 +3.3995e+00 +3.5141e+00
45 +5.946066101e+01 +5.946066101e+01 +3.350066101e+01 +3.350066101e+01 +3.8958e+00 -1.0361e+00 +5.6626e-01 +1.3141e+00 +3.8467e+00 -1.2857e+00 +6.3272e-01 -2.5604e-01 +1.9396e-01 -2.9591e+00
59 +2.645672727e+01 +2.645672727e+01 +4.967272747e-01 +4.967272747e-01 +2.7457e+00 -3.7459e-01 -2.0545e+00 +1.7382e+00 +4.1989e-01 +1.7142e+00 +1.3124e+00 +1.1055e+00 -2.4931e+00 +1.6735e-01
211 +2.500287924e+01 +2.500287924e+01 -9.571207614e-01 -9.571207614e-01 +2.6568e+00 -3.8801e-01 -2.1521e+00 +1.8301e+00 +4.7552e-01 +1.7069e+00 +1.2108e+00 +1.0946e+00 -2.6328e+00 +2.9587e-01
1733 +1.554665718e+01 +1.554665718e+01 -1.041334282e+01 -1.041334282e+01 +2.3338e+00 -5.6869e-01 -1.5201e+00 +1.9151e+00 +6.3289e-01 +1.6781e+00 +8.4338e-01 +8.3703e-01 -3.0286e+00 +5.2429e-01
3233 +9.965030726e+00 +9.965030726e+00 -1.599496927e+01 -1.599496927e+01 +1.9310e+00 -8.9402e-01 -1.1383e+00 +2.0738e+00 +9.9417e-01 +1.4306e+00 +7.3448e-01 +6.9322e-01 -3.4733e+00 +5.5169e-01
% function evaluation | noise-free fitness - Fopt (9.251000000000e+01) | best noise-free fitness - Fopt | measured fitness | best measured fitness | x1 | x2...
1 +5.847725030e+01 +5.847725030e+01 +1.509872503e+02 +1.509872503e+02 -1.6253e-01 +1.9852e+00 -3.5245e+00 -5.4277e-01 -8.8412e-02 -3.7489e-01 -2.7647e-01 -3.9826e+00 +3.6633e+00 -3.6966e+00
32 +2.206579149e+01 +2.206579149e+01 +1.145757915e+02 +1.145757915e+02 +2.4952e-01 -4.4781e-01 -2.8939e+00 -1.0765e+00 -2.0938e+00 +1.8072e+00 -6.6045e-01 -2.2552e+00 +3.3481e+00 -2.2376e+00
685 +1.582409277e+01 +1.582409277e+01 +1.083340928e+02 +1.083340928e+02 +1.2427e-01 -1.9480e-01 -2.7072e+00 -8.7491e-01 -2.1297e+00 +1.8725e+00 -6.4318e-01 -2.2418e+00 +3.5085e+00 -2.5038e+00
1672 +9.739925183e+00 +9.739925183e+00 +1.022499252e+02 +1.022499252e+02 -2.4876e-01 +2.9208e-02 -2.5782e+00 -6.0654e-01 -2.1778e+00 +2.0901e+00 -5.6504e-01 -2.1050e+00 +3.7136e+00 -2.7599e+00
2703 +6.291079311e+00 +6.291079311e+00 +9.880107931e+01 +9.880107931e+01 -3.6221e-01 +2.4658e-01 -2.4732e+00 -3.2744e-01 -2.5326e+00 +2.2799e+00 -4.4892e-01 -2.2124e+00 +3.9598e+00 -3.3130e+00
3316 +3.910187630e+00 +3.910187630e+00 +9.642018763e+01 +9.642018763e+01 -5.2339e-01 +5.4823e-01 -2.2380e+00 -2.5217e-01 -2.4641e+00 +2.3980e+00 -3.8723e-01 -2.5206e+00 +3.7857e+00 -3.3451e+00
3954 +2.453055400e+00 +2.453055400e+00 +9.496305540e+01 +9.496305540e+01 -5.8810e-01 +7.5315e-01 -2.3702e+00 -1.9642e-01 -2.6774e+00 +2.6957e+00 -4.1994e-01 -2.6874e+00 +3.9975e+00 -3.3750e+00
8164 +1.572380601e+00 +1.572380601e+00 +9.408238060e+01 +9.408238060e+01 -4.0341e+00 +2.8018e+00 +8.5924e-01 -1.3544e+00 -2.2835e+00 -4.2452e+00 -3.0187e+00 -3.5350e+00 -1.0882e-01 +2.6537e-01
9919 +9.914177965e-01 +9.914177965e-01 +9.350141780e+01 +9.350141780e+01 -4.3817e+00 +3.0193e+00 +7.4389e-01 -1.1363e+00 -2.4441e+00 -4.5306e+00 -2.9728e+00 -3.8331e+00 -5.0638e-01 +4.7210e-01
12600 +5.886935609e-01 +5.886935609e-01 +9.309869356e+01 +9.309869356e+01 +1.0137e+00 -1.0321e+00 -3.5118e+00 -2.6429e+00 -3.1829e-02 -3.0266e+00 +3.7704e-01 +7.1835e-01 -1.7241e+00 -2.0308e+00
13712 +3.738070001e-01 +3.738070001e-01 +9.288380700e+01 +9.288380700e+01 +9.5563e-01 -1.0013e+00 -3.6214e+00 -2.7201e+00 +2.6879e-01 -3.1546e+00 +3.3198e-01 +4.2509e-01 -1.9343e+00 -1.7759e+00
14228 +2.463001626e-01 +2.463001626e-01 +9.275630016e+01 +9.275630016e+01 +8.6905e-01 -9.7299e-01 -3.6451e+00 -2.8710e+00 +2.7218e-01 -3.2193e+00 +3.4254e-01 +2.9910e-01 -2.0182e+00 -1.7588e+00
14747 +1.389907661e-01 +1.389907661e-01 +9.264899077e+01 +9.264899077e+01 +9.4230e-01 -9.3720e-01 -3.6793e+00 -2.7249e+00 +2.7854e-01 -3.3494e+00 +4.1332e-01 +1.2354e-01 -2.2915e+00 -1.7020e+00
% function evaluation | noise-free fitness - Fopt (1.660100000000e+02) | best noise-free fitness - Fopt | measured fitness | best measured fitness | x1 | x2...
1 +8.309870942e+01 +8.309870942e+01 +2.491087094e+02 +2.491087094e+02 +3.6110e+00 -3.8862e+00 +1.1205e+00 +1.1671e+00 +1.6433e+00 +5.4455e-01 +4.0226e-01 -1.0816e+00 -1.5805e-02 +7.1214e-02
103 +4.185465053e+01 +4.185465053e+01 +2.078646505e+02 +2.078646505e+02 +3.2122e-01 +2.1548e+00 -2.4774e+00 -3.7985e+00 +2.4033e+00 -1.2828e+00 -7.7319e-01 +2.5156e+00 -3.8462e+00 +2.0096e+00
126 +3.925717387e+01 +3.925717387e+01 +2.052671739e+02 +2.052671739e+02 +2.2930e-01 +2.1438e+00 -2.4663e+00 -3.7960e+00 +2.3068e+00 -1.3791e+00 -8.4439e-01 +2.4780e+00 -3.9084e+00 +2.0282e+00
1626 +2.503096644e+01 +2.503096644e+01 +1.910409664e+02 +1.910409664e+02 +3.1529e-01 +1.8520e+00 -2.0331e+00 -3.6542e+00 +1.9732e+00 -1.6533e+00 -6.9030e-01 +2.3709e+00 -3.4049e+00 +1.7431e+00
4054 +1.570918251e+01 +1.570918251e+01 +1.817191825e+02 +1.817191825e+02 +8.8536e-01 +1.9525e+00 -9.3616e-01 -3.8666e+00 +1.0178e+00 -1.7907e+00 -1.2112e+00 +2.2319e+00 -3.1135e+00 +2.0227e+00
6584 +9.885288548e+00 +9.885288548e+00 +1.758952885e+02 +1.758952885e+02 +2.5247e+00 +1.8087e+00 +3.0379e+00 -2.1205e-01 -9.7932e-02 +3.5719e+00 -1.4754e+00 +4.1632e+00 -1.0501e+00 +1.0812e+00
8229 +6.118366877e+00 +6.118366877e+00 +1.721283669e+02 +1.721283669e+02 +1.9454e+00 +1.6942e+00 +3.4581e+00 -8.8382e-02 -5.2458e-01 +3.8835e+00 -1.5355e+00 +4.5014e+00 -1.5495e+00 +1.4644e+00
9741 +3.927594013e+00 +3.927594013e+00 +1.699375940e+02 +1.699375940e+02 +1.6634e+00 +1.6828e+00 +4.0228e+00 -2.2335e-01 -1.1537e+00 +4.0019e+00 -1.7862e+00 +4.5755e+00 -1.6109e+00 +1.3687e+00
% function evaluation | noise-free fitness - Fopt (2.147600000000e+02) | best noise-free fitness - Fopt | measured fitness | best measured fitness | x1 | x2...
1 +7.462711413e+01 +7.462711413e+01 +2.893871141e+02 +2.893871141e+02 +3.2448e+00 +1.1981e+00 +1.8034e+00 +2.6386e+00 -1.3868e+00 -3.4865e+00 -3.4447e+00 +1.5835e+00 +4.5237e-02 -8.3408e-01
11 +4.498962570e+01 +4.498962570e+01 +2.597496257e+02 +2.597496257e+02 +5.4891e-01 -3.9582e+00 +2.2554e-01 -2.6869e+00 -5.2777e-01 -2.6552e+00 +2.7239e+00 -1.1345e+00 +1.4470e+00 -3.1336e+00
22 +3.812191907e+01 +3.812191907e+01 +2.528819191e+02 +2.528819191e+02 -8.9950e-01 -2.9325e+00 -2.1598e+00 +1.5895e-01 -1.2132e+00 -2.0251e+00 +3.2423e-01 -1.9837e+00 +3.1807e+00 -1.5127e+00
25 +1.610647840e+01 +1.610647840e+01 +2.308664784e+02 +2.308664784e+02 +1.5662e+00 -2.3449e+00 +1.8270e+00 -2.4104e+00 +1.5612e+00 -2.3912e+00 +3.5028e+00 -1.0409e+00 +1.1532e+00 -2.9608e+00
157 +1.560098152e+01 +1.560098152e+01 +2.303609815e+02 +2.303609815e+02 +1.5894e+00 -2.2876e+00 +1.8873e+00 -2.4828e+00 +1.5601e+00 -2.3077e+00 +3.4976e+00 -1.0833e+00 +1.1000e+00 -3.0287e+00
938 +9.631462426e+00 +9.631462426e+00 +2.243914624e+02 +2.243914624e+02 +1.2764e+00 -2.0226e+00 +2.1229e+00 -2.2497e+00 +1.2826e+00 -2.8339e+00 +3.4364e+00 -1.1872e+00 +1.1135e+00 -3.1379e+00
2326 +6.181117301e+00 +6.181117301e+00 +2.209411173e+02 +2.209411173e+02 +1.0110e+00 -1.5445e+00 +2.0178e+00 -2.5319e+00 +1.1306e+00 -3.0152e+00 +3.6783e+00 -1.2614e+00 +1.1652e+00 -3.5289e+00
3301 +3.891953726e+00 +3.891953726e+00 +2.186519537e+02 +2.186519537e+02 +7.5615e-01 -1.3456e+00 +2.0836e+00 -2.3872e+00 +9.9897e-01 -3.2556e+00 +3.7157e+00 -1.3987e+00 +1.1401e+00 -3.8342e+00
4084 +2.508029175e+00 +2.508029175e+00 +2.172680292e+02 +2.172680292e+02 +6.9202e-01 -1.1670e+00 +2.1648e+00 -2.5237e+00 +7.5153e-01 -3.2362e+00 +3.9056e+00 -1.7095e+00 +1.2510e+00 -4.0199e+00
% function evaluation | noise-free fitness - Fopt (-6.100000000000e+00) | best noise-free fitness - Fopt | measured fitness | best measured fitness | x1 | x2...
1 +7.933317767e+01 +7.933317767e+01 +7.323317767e+01 +7.323317767e+01 -3.7551e+00 -2.8126e+00 -2.0101e+00 -2.7444e+00 +2.9437e+00 +1.9626e+00 +1.4325e+00 +1.5401e+00 +1.3454e+00 +3.6455e+00
8 +5.895611759e+01 +5.895611759e+01 +5.285611759e+01 +5.285611759e+01 +8.8354e-01 +3.6925e+00 -1.5154e+00 +4.3689e-01 +7.8382e-01 +3.7394e-01 -3.3551e+00 +1.3807e+00 +7.1112e-01 +3.6610e+00
298 +3.887037018e+01 +3.887037018e+01 +3.277037018e+01 +3.277037018e+01 +7.2975e-01 +1.6563e+00 +2.5202e+00 +2.8028e+00 -2.2665e+00 -2.9661e+00 +1.7752e+00 +4.0021e+00 +1.4819e+00 -8.1762e-01
1205 +2.473895378e+01 +2.473895378e+01 +1.863895378e+01 +1.863895378e+01 +9.6848e-01 +1.9359e+00 +2.3606e+00 +3.2076e+00 -2.6659e+00 -3.0975e+00 +1.7551e+00 +3.9358e+00 +1.4500e+00 -1.1332e+00
2702 +1.498925806e+01 +1.498925806e+01 +8.889258055e+00 +8.889258055e+00 +1.1811e+00 +2.1168e+00 +2.2094e+00 +3.5582e+00 -3.1517e+00 -3.1065e+00 +1.8470e+00 +4.1537e+00 +1.1546e+00 -1.6131e+00
3562 +9.614657242e+00 +9.614657242e+00 +3.514657242e+00 +3.514657242e+00 +1.2083e+00 +2.3673e+00 +1.9196e+00 +3.8593e+00 -3.3114e+00 -3.0550e+00 +2.0006e+00 +3.9712e+00 +1.0214e+00 -1.8240e+00
4601 +6.221359870e+00 +6.221359870e+00 +1.213598697e-01 +1.213598697e-01 +2.6344e+00 -2.3166e+00 +3.2781e+00 +1.6700e+00 -1.1725e+00 -2.6503e+00 +2.5822e+00 +2.5577e+00 -3.6783e+00 +6.8753e-01
4889 +3.862227439e+00 +3.862227439e+00 -2.237772561e+00 -2.237772561e+00 +2.6596e+00 -2.4347e+00 +3.4164e+00 +1.7013e+00 -1.3376e+00 -2.5332e+00 +2.5522e+00 +2.4170e+00 -3.8066e+00 +7.7201e-01
5131 +2.434002611e+00 +2.434002611e+00 -3.665997389e+00 -3.665997389e+00 +2.7294e+00 -2.4273e+00 +3.4042e+00 +1.8400e+00 -1.3954e+00 -2.5136e+00 +2.4610e+00 +2.3544e+00 -3.7219e+00 +8.8451e-01
5771 +1.531186445e+00 +1.531186445e+00 -4.568813555e+00 -4.568813555e+00 +2.7034e+00 -2.4893e+00 +3.5134e+00 +1.9192e+00 -1.6313e+00 -2.4757e+00 +2.3304e+00 +2.1323e+00 -3.8460e+00 +1.1927e+00
6128 +9.007376993e-01 +9.007376993e-01 -5.199262301e+00 -5.199262301e+00 +2.9087e+00 -2.3365e+00 +3.6454e+00 +1.9476e+00 -1.5540e+00 -2.4144e+00 +2.4269e+00 +2.0904e+00 -3.7033e+00 +1.3129e+00
6244 +6.189244476e-01 +6.189244476e-01 -5.481075552e+00 -5.481075552e+00 +2.8483e+00 -2.3926e+00 +3.6285e+00 +1.9342e+00 -1.6419e+00 -2.4571e+00 +2.3911e+00 +1.9984e+00 -3.7637e+00 +1.3575e+00
6763 +3.706524507e-01 +3.706524507e-01 -5.729347549e+00 -5.729347549e+00 +2.9708e+00 -2.3562e+00 +3.7075e+00 +1.8346e+00 -1.5882e+00 -2.3229e+00 +2.3190e+00 +1.8111e+00 -3.9023e+00 +1.6882e+00
6895 +2.261578491e-01 +2.261578491e-01 -5.873842151e+00 -5.873842151e+00 +3.1137e+00 -2.2652e+00 +3.6401e+00 +1.8735e+00 -1.6795e+00 -2.2586e+00 +2.2281e+00 +1.8098e+00 -3.7059e+00 +1.6030e+00
7021 +1.502532894e-01 +1.502532894e-01 -5.949746711e+00 -5.949746711e+00 +3.1730e+00 -2.3518e+00 +3.8923e+00 +1.7976e+00 -1.6709e+00 -2.3515e+00 +2.2939e+00 +1.6171e+00 -3.8533e+00 +1.8435e+00
7281 +9.171879716e-02 +9.171879716e-02 -6.008281203e+00 -6.008281203e+00 +3.2231e+00 -2.2846e+00 +3.9761e+00 +1.8974e+00 -1.7715e+00 -2.3257e+00 +2.2450e+00 +1.4796e+00 -3.7655e+00 +1.8447e+00
7633 +5.733764607e-02 +5.733764607e-02 -6.042662354e+00 -6.042662354e+00 +3.1062e+00 -2.1879e+00 +3.9429e+00 +1.8246e+00 -1.8568e+00 -2.4211e+00 +2.0385e+00 +1.5196e+00 -3.8358e+00 +1.8219e+00
7906 +3.866262552e-02 +3.866262552e-02 -6.061337374e+00 -6.061337374e+00 +3.0982e+00 -2.3727e+00 +3.8178e+00 +1.9432e+00 -1.9120e+00 -2.3743e+00 +2.0973e+00 +1.3852e+00 -3.8217e+00 +1.7915e+00
8015 +1.481934908e-02 +1.481934908e-02 -6.085180651e+00 -6.085180651e+00 +3.2503e+00 -2.2265e+00 +3.8413e+00 +1.9593e+00 -1.9352e+00 -2.4253e+00 +2.0889e+00 +1.3233e+00 -3.7704e+00 +1.9281e+00
8402 +8.858634172e-03 +8.858634172e-03 -6.091141366e+00 -6.091141366e+00 +3.2558e+00 -2.2412e+00 +3.7354e+00 +2.1198e+00 -2.1745e+00 -2.3174e+00 +1.8824e+00 +1.1869e+00 -3.8839e+00 +2.0555e+00
8427 +3.654036255e-03 +3.654036255e-03 -6.096345964e+00 -6.096345964e+00 +3.3094e+00 -2.2677e+00 +3.7016e+00 +2.0038e+00 -2.1598e+00 -2.4407e+00 +2.0280e+00 +1.0645e+00 -3.8300e+00 +1.9926e+00
8537 +2.291417975e-03 +2.291417975e-03 -6.097708582e+00 -6.097708582e+00 +3.3058e+00 -2.3061e+00 +3.6534e+00 +2.0893e+00 -2.1562e+00 -2.4817e+00 +2.0827e+00 +1.0676e+00 -3.8545e+00 +2.0202e+00
8664 +1.085761377e-03 +1.085761377e-03 -6.098914239e+00 -6.098914239e+00 +3.3677e+00 -2.2706e+00 +3.6130e+00 +2.1639e+00 -2.1400e+00 -2.4809e+00 +2.0853e+00 +1.0118e+00 -3.8874e+00 +2.0835e+00
8796 +8.866906362e-04 +8.866906362e-04 -6.099113309e+00 -6.099113309e+00 +3.2684e+00 -2.2427e+00 +3.7074e+00 +2.2120e+00 -2.1985e+00 -2.4891e+00 +2.0857e+00 +1.0167e+00 -3.7928e+00 +2.0510e+00
9935 +4.010898656e-04 +4.010898656e-04 -6.099598910e+00 -6.099598910e+00 +3.4182e+00 -2.3050e+00 +3.7079e+00 +2.1350e+00 -2.1494e+00 -2.6609e+00 +2.0381e+00 +8.2229e-01 -3.9462e+00 +2.0380e+00
10179 +3.090368326e-04 +3.090368326e-04 -6.099690963e+00 -6.099690963e+00 +3.4169e+00 -2.2953e+00 +3.6436e+00 +2.2107e+00 -2.1056e+00 -2.4782e+00 +2.0400e+00 +7.7304e-01 -3.7804e+00 +2.0535e+00
11046 +1.482710254e-04 +1.482710254e-04 -6.099851729e+00 -6.099851729e+00 +3.6695e+00 -2.3031e+00 +3.6104e+00 +2.2439e+00 -2.1996e+00 -2.6155e+00 +2.0915e+00 +7.9731e-01 -3.6478e+00 +2.0001e+00
13331 +8.988244695e-05 +8.988244695e-05 -6.099910118e+00 -6.099910118e+00 +3.6326e+00 -2.2731e+00 +3.7214e+00 +2.2216e+00 -2.1254e+00 -2.5842e+00 +2.0527e+00 +7.4616e-01 -3.7049e+00 +2.0256e+00
% function evaluation | noise-free fitness - Fopt (-5.653000000000e+01) | best noise-free fitness - Fopt | measured fitness | best measured fitness | x1 | x2...
1 +7.611319461e+01 +7.611319461e+01 +1.958319461e+01 +1.958319461e+01 -3.7650e+00 -9.6725e-01 -3.2248e+00 +2.7143e+00 -1.0572e+00 +2.2444e+00 -1.3963e+00 +5.1887e-01 +2.9316e+00 +1.8028e+00
4 +4.811126965e+01 +4.811126965e+01 -8.418730351e+00 -8.418730351e+00 +2.8650e+00 +2.3817e-01 +3.4864e+00 -6.7072e-01 -3.7920e+00 +1.4385e+00 +1.2418e+00 +7.3874e-01 -5.3228e-01 -2.2997e+00
6 +3.648204059e+01 +3.648204059e+01 -2.004795941e+01 -2.004795941e+01 +2.0363e+00 +3.9575e+00 +1.4474e+00 -3.9248e+00 -2.1832e+00 +8.3866e-01 -6.4218e-01 -1.5385e+00 +3.0592e+00 +7.9706e-01
618 +2.507094380e+01 +2.507094380e+01 -3.145905620e+01 -3.145905620e+01 +2.5341e+00 +2.6216e+00 -1.5270e+00 -3.0548e+00 +1.9541e+00 -2.9777e+00 -7.7179e-01 -1.7619e+00 +4.0973e-01 +3.5595e+00
1589 +1.573192986e+01 +1.573192986e+01 -4.079807014e+01 -4.079807014e+01 +2.6026e+00 +2.7509e+00 -1.6553e+00 -3.1974e+00 +1.9292e+00 -2.6070e+00 -7.0142e-01 -1.5825e+00 +7.5224e-01 +3.3077e+00
2107 +9.419549934e+00 +9.419549934e+00 -4.711045007e+01 -4.711045007e+01 +3.0835e+00 +3.0081e+00 -1.7371e+00 -3.4020e+00 +2.0924e+00 -2.6002e+00 -5.3526e-01 -1.5329e+00 +9.6624e-01 +3.2157e+00
3221 +6.247099167e+00 +6.247099167e+00 -5.028290083e+01 -5.028290083e+01 +3.3010e+00 +3.0145e+00 -1.8239e+00 -3.8081e+00 +2.0409e+00 -2.4988e+00 -5.1568e-01 -1.2142e+00 +1.2044e+00 +3.0266e+00
3619 +3.393269745e+00 +3.393269745e+00 -5.313673025e+01 -5.313673025e+01 +3.4321e+00 +3.0764e+00 -2.0083e+00 -3.8596e+00 +1.7986e+00 -2.4083e+00 -3.8236e-01 -1.2179e+00 +1.4562e+00 +3.0617e+00
3877 +2.478678453e+00 +2.478678453e+00 -5.405132155e+01 -5.405132155e+01 +3.4556e+00 +3.1023e+00 -2.0081e+00 -3.9339e+00 +1.7298e+00 -2.2693e+00 -4.9216e-01 -1.2247e+00 +1.5316e+00 +3.0423e+00
4867 +1.551352429e+00 +1.551352429e+00 -5.497864757e+01 -5.497864757e+01 +3.4126e+00 +3.1496e+00 -2.0708e+00 -3.9490e+00 +1.5319e+00 -2.1467e+00 -5.2594e-01 -9.6098e-01 +1.9236e+00 +2.8272e+00
5253 +9.668764809e-01 +9.668764809e-01 -5.556312352e+01 -5.556312352e+01 +3.3942e+00 +3.2280e+00 -2.1354e+00 -4.0338e+00 +1.4581e+00 -1.9946e+00 -4.9418e-01 -1.0073e+00 +2.0349e+00 +2.9351e+00
5515 +5.613389085e-01 +5.613389085e-01 -5.596866109e+01 -5.596866109e+01 +3.4171e+00 +3.2173e+00 -2.2074e+00 -4.0195e+00 +1.3073e+00 -1.9172e+00 -4.9743e-01 -9.0317e-01 +2.1194e+00 +2.7427e+00
6376 +3.677268895e-01 +3.677268895e-01 -5.616227311e+01 -5.616227311e+01 +3.2644e+00 +3.3643e+00 -2.5662e+00 -3.9745e+00 +1.2777e+00 -2.0055e+00 -4.6340e-01 -5.9787e-01 +2.2608e+00 +2.6110e+00
6650 +2.092534152e-01 +2.092534152e-01 -5.632074658e+01 -5.632074658e+01 +3.2847e+00 +3.3681e+00 -2.6456e+00 -3.9587e+00 +1.1991e+00 -1.9182e+00 -5.1229e-01 -4.3292e-01 +2.3199e+00 +2.6112e+00
6786 +1.500500033e-01 +1.500500033e-01 -5.637995000e+01 -5.637995000e+01 +3.2992e+00 +3.4199e+00 -2.6711e+00 -3.9971e+00 +1.2128e+00 -2.0180e+00 -4.9482e-01 -3.7973e-01 +2.4124e+00 +2.5413e+00
7167 +8.733318721e-02 +8.733318721e-02 -5.644266681e+01 -5.644266681e+01 +3.2404e+00 +3.4668e+00 -2.7198e+00 -3.9426e+00 +1.0776e+00 -1.8506e+00 -4.7953e-01 -4.3641e-01 +2.7161e+00 +2.5991e+00
7303 +6.247507829e-02 +6.247507829e-02 -5.646752492e+01 -5.646752492e+01 +3.3262e+00 +3.4611e+00 -2.7621e+00 -3.9463e+00 +1.1076e+00 -1.7639e+00 -4.8842e-01 -3.3963e-01 +2.8042e+00 +2.5343e+00
7892 +2.683452444e-02 +2.683452444e-02 -5.650316548e+01 -5.650316548e+01 +3.2064e+00 +3.3867e+00 -2.8359e+00 -4.0288e+00 +1.0628e+00 -1.8718e+00 -4.7986e-01 -9.4925e-02 +2.8968e+00 +2.4839e+00
8141 +2.338643771e-02 +2.338643771e-02 -5.650661356e+01 -5.650661356e+01 +3.2841e+00 +3.4945e+00 -3.0909e+00 -3.9232e+00 +1.0028e+00 -1.9637e+00 -4.9923e-01 -1.6040e-01 +2.9032e+00 +2.5030e+00
8283 +1.481824199e-02 +1.481824199e-02 -5.651518176e+01 -5.651518176e+01 +3.2009e+00 +3.4330e+00 -3.0023e+00 -3.9947e+00 +1.0471e+00 -1.9908e+00 -3.9787e-01 -1.6188e-01 +3.0307e+00 +2.5141e+00
8531 +9.111210299e-03 +9.111210299e-03 -5.652088879e+01 -5.652088879e+01 +3.2471e+00 +3.4071e+00 -3.0268e+00 -4.0355e+00 +1.0218e+00 -2.0137e+00 -2.7754e-01 -9.3723e-02 +3.0771e+00 +2.4535e+00
8664 +4.399534019e-03 +4.399534019e-03 -5.652560047e+01 -5.652560047e+01 +3.2220e+00 +3.4277e+00 -3.0989e+00 -4.0148e+00 +1.0615e+00 -1.8394e+00 -2.4899e-01 +1.1651e-01 +3.0343e+00 +2.3566e+00
8798 +3.854192237e-03 +3.854192237e-03 -5.652614581e+01 -5.652614581e+01 +3.2051e+00 +3.4252e+00 -3.1616e+00 -4.0146e+00 +9.8541e-01 -1.9653e+00 -3.7313e-01 +1.0448e-01 +3.1238e+00 +2.4324e+00
9275 +9.159863833e-04 +9.159863833e-04 -5.652908401e+01 -5.652908401e+01 +3.1894e+00 +3.4194e+00 -3.0998e+00 -3.8471e+00 +9.7147e-01 -1.8802e+00 -2.5958e-01 +1.9807e-01 +3.2210e+00 +2.2539e+00
9937 +4.153885471e-04 +4.153885471e-04 -5.652958461e+01 -5.652958461e+01 +3.1252e+00 +3.4406e+00 -3.3283e+00 -3.8131e+00 +1.0819e+00 -2.1415e+00 -2.1020e-01 +2.7686e-01 +3.2888e+00 +2.2500e+00
10187 +3.706204510e-04 +3.706204510e-04 -5.652962938e+01 -5.652962938e+01 +3.1393e+00 +3.5258e+00 -3.3158e+00 -3.8358e+00 +9.4007e-01 -1.9046e+00 -2.1693e-01 +1.9708e-01 +3.3409e+00 +2.1651e+00
10198 +2.447061881e-04 +2.447061881e-04 -5.652975529e+01 -5.652975529e+01 +3.2192e+00 +3.4597e+00 -3.2117e+00 -3.8688e+00 +9.6802e-01 -1.9230e+00 -2.0897e-01 +2.3337e-01 +3.2801e+00 +2.1858e+00
10909 +1.239736247e-04 +1.239736247e-04 -5.652987603e+01 -5.652987603e+01 +3.2040e+00 +3.5372e+00 -3.4079e+00 -3.7885e+00 +8.9351e-01 -1.9834e+00 -1.6370e-01 +2.7503e-01 +3.3000e+00 +2.1286e+00
10917 +9.001189749e-05 +9.001189749e-05 -5.652990999e+01 -5.652990999e+01 +3.1986e+00 +3.4373e+00 -3.4116e+00 -3.8795e+00 +9.2710e-01 -1.9999e+00 -2.2922e-01 +3.5114e-01 +3.3586e+00 +2.1582e+00
13062 +4.029402562e-05 +4.029402562e-05 -5.652995971e+01 -5.652995971e+01 +3.0763e+00 +3.4240e+00 -3.4661e+00 -3.8001e+00 +9.8519e-01 -2.0494e+00 -1.1567e-01 +4.9292e-01 +3.4349e+00 +2.1305e+00
% function evaluation | noise-free fitness - Fopt (-8.703600000000e+02) | best noise-free fitness - Fopt | measured fitness | best measured fitness | x1 | x2...
1 +7.506304038e+01 +7.506304038e+01 -7.952969596e+02 -7.952969596e+02 +1.4300e+00 +1.0893e+00 -2.5289e+00 -2.8976e+00 +3.8414e+00 +7.1776e-01 -1.4292e+00 -2.2355e+00 -4.6209e-01 -4.1215e-01
11 +6.217179869e+01 +6.217179869e+01 -8.081882013e+02 -8.081882013e+02 +2.4664e+00 -2.9618e+00 -1.7579e+00 +1.6045e+00 +2.4559e+00 -1.1595e-01 -3.3108e+00 +3.3553e+00 +1.7586e+00 +3.4507e+00
1191 +3.830200478e+01 +3.830200478e+01 -8.320579952e+02 -8.320579952e+02 -1.4868e+00 -8.4689e-01 -1.5620e+00 +4.6207e-01 +3.1509e+00 +2.2285e+00 -1.3819e+00 -9.9385e-01 -8.3119e-01 +3.9962e+00
2573 +2.426802829e+01 +2.426802829e+01 -8.460919717e+02 -8.460919717e+02 -1.0094e+00 -1.0738e+00 -2.0066e+00 +3.7824e-01 +3.1997e+00 +2.1107e+00 -1.7469e+00 -6.3244e-01 -7.3675e-01 +3.7088e+00
3823 +1.574356939e+01 +1.574356939e+01 -8.546164306e+02 -8.546164306e+02 -8.4248e-01 -1.2172e+00 -2.1635e+00 +8.9259e-01 +2.9337e+00 +1.7457e+00 -1.9243e+00 -6.3060e-01 -1.2544e+00 +3.4182e+00
5071 +9.803969589e+00 +9.803969589e+00 -8.605560304e+02 -8.605560304e+02 -4.8934e-01 -1.5898e+00 -1.7930e+00 +9.3397e-01 +3.2751e+00 +1.2609e+00 -2.2152e+00 -4.8911e-01 -1.4361e+00 +3.6776e+00
12979 +6.278393912e+00 +6.278393912e+00 -8.640816061e+02 -8.640816061e+02 -2.4895e+00 +8.2146e-01 +1.5459e+00 -3.8225e+00 -4.1541e+00 -3.8013e+00 +4.2443e-01 +2.5790e+00 -2.9299e+00 +7.6694e-01
