% function evaluation | noise-free fitness - Fopt (4.078000000000e+01) | best noise-free fitness - Fopt | measured fitness | best measured fitness | x1 | x2...
1 +8.178927522e+01 +8.178927522e+01 +1.225692752e+02 +1.225692752e+02 -9.1516e-02 -2.1936e+00 +2.1892e+00 +9.4031e-01 -9.5474e-02 -2.3756e+00 +3.3253e-01 +2.4192e+00 +2.3649e+00 +5.2744e-01 -5.1099e-01 -2.7738e+00 -1.3244e+00 -1.2614e+00 -6.8887e-02 +3.6729e+00 -1.3237e+00 +5.5688e-01 -3.1162e+00 -1.3409e+00
3091 +6.298898159e+01 +6.298898159e+01 +1.037689816e+02 +1.037689816e+02 +2.3333e+00 +1.4936e-01 +4.6159e-01 -1.9023e+00 -1.8709e+00 -7.8488e-01 -7.9611e-01 -1.9617e+00 +1.3361e+00 -3.9792e+00 +2.3153e+00 -1.2390e+00 -8.8819e-01 -8.0471e-01 -2.1987e+00 -2.8494e+00 +2.5983e+00 -3.4065e+00 +2.0977e-01 +7.1561e-01
5783 +3.925499703e+01 +3.925499703e+01 +8.003499703e+01 +8.003499703e+01 +2.1247e+00 -3.9806e-01 -9.6598e-02 -1.7595e+00 -2.5173e+00 -3.6900e-01 -1.7404e+00 -2.3624e+00 +9.5629e-01 -4.1764e+00 +2.6806e+00 -1.2423e+00 -1.2896e+00 -8.5637e-01 -2.3573e+00 -3.0921e+00 +2.2561e+00 -3.2820e+00 +1.8743e-01 -2.2024e-01
7768 +2.500564735e+01 +2.500564735e+01 +6.578564735e+01 +6.578564735e+01 +2.2964e+00 -8.5815e-01 -3.2827e-01 -1.2984e+00 -2.9602e+00 -1.4424e-01 -2.4964e+00 -2.3906e+00 +7.8166e-01 -4.1356e+00 +2.7611e+00 -1.7150e+00 -1.3404e+00 -8.6772e-01 -2.1050e+00 -3.3267e+00 +2.1934e+00 -2.9635e+00 +3.9949e-01 -6.4930e-01
9393 +1.561063380e+01 +1.561063380e+01 +5.639063380e+01 +5.639063380e+01 +2.0932e+00 -1.2450e+00 -8.0112e-01 -1.2549e+00 -3.2984e+00 +1.0296e-01 -2.7693e+00 -2.6646e+00 +4.7457e-01 -4.1228e+00 +3.0310e+00 -1.4787e+00 -1.2982e+00 -1.1266e+00 -2.0881e+00 -3.8230e+00 +1.6455e+00 -2.6188e+00 +2.6012e-01 -1.0991e+00
10771 +9.992474624e+00 +9.992474624e+00 +5.077247462e+01 +5.077247462e+01 +1.6959e+00 -1.7440e+00 -1.0224e+00 -1.0743e+00 -3.4641e+00 -1.7438e-01 -3.0319e+00 -2.6859e+00 +3.2766e-01 -4.4264e+00 +3.1739e+00 -1.7574e+00 -1.4644e+00 -1.1549e+00 -2.0241e+00 -3.7575e+00 +1.6644e+00 -2.3286e+00 -2.2976e-01 -1.4185e+00
12846 +6.138866129e+00 +6.138866129e+00 +4.691886613e+01 +4.691886613e+01 -2.4569e+00 -3.2492e+00 +7.3463e-01 +2.8740e+00 +1.4632e+00 -4.1787e+00 +1.1981e+00 -2.6521e+00 -8.3331e-03 +4.4871e+00 +3.2168e+00 +2.7652e+00 +1.2556e+00 +2.7832e+00 +4.0122e-02 +4.4632e-01 +1.5979e+00 +2.7082e+00 +2.6292e+00 -2.7874e+00
14099 +3.584260605e+00 +3.584260605e+00 +4.436426060e+01 +4.436426060e+01 -2.8266e+00 -3.2784e+00 +7.3143e-01 +2.8617e+00 +1.2794e+00 -4.4982e+00 +1.2177e+00 -2.6324e+00 -9.6406e-02 +4.5044e+00 +3.4709e+00 +2.6879e+00 +8.2439e-01 +3.0722e+00 +1.8454e-01 +2.7017e-01 +1.9818e+00 +2.5595e+00 +2.7781e+00 -2.8918e+00
15348 +2.508711057e+00 +2.508711057e+00 +4.328871106e+01 +4.328871106e+01 -3.2418e+00 -3.1954e+00 +7.1342e-01 +2.9219e+00 +1.3412e+00 -4.6179e+00 +1.3609e+00 -2.4773e+00 -1.4274e-01 +4.4879e+00 +3.8972e+00 +2.5755e+00 +7.5866e-01 +3.0628e+00 +3.6172e-02 +2.8960e-01 +2.2123e+00 +2.6069e+00 +2.7803e+00 -2.8383e+00
% function evaluation | noise-free fitness - Fopt (-1.600000000000e+00) | best noise-free fitness - Fopt | measured fitness | best measured fitness | x1 | x2...
1 +8.460923619e+01 +8.460923619e+01 +8.300923619e+01 +8.300923619e+01 +3.8903e+00 -1.5060e+00 -2.2342e+00 -2.8229e+00 +3.4034e+00 -2.8754e+00 -2.4480e+00 -2.6324e+00 -1.9910e+00 -4.5833e-01 +7.3763e-01 -2.4657e+00 -1.7589e+00 +3.3317e+00 +3.3011e+00 +2.8032e+00 +2.9667e+00 +2.9166e+00 -2.3782e+00 -3.4580e+00
723 +6.239584046e+01 +6.239584046e+01 +6.079584046e+01 +6.079584046e+01 +1.8097e+00 -4.0329e-01 -3.7869e-01 -2.6777e+00 +9.6369e-01 +6.4582e-01 +6.9231e-02 -1.2981e-01 +1.3382e+00 +6.9851e-01 -2.9456e+00 +1.8776e-01 -2.5259e+00 +6.7999e-01 -6.2505e-01 +1.5682e+00 -9.0845e-01 +1.6744e+00 -2.2906e+00 -4.2541e-01
2638 +3.880641513e+01 +3.880641513e+01 +3.720641513e+01 +3.720641513e+01 +1.9345e+00 -4.9559e-02 -3.7022e-01 -2.7988e+00 +1.5708e+00 +8.6053e-01 +3.3860e-01 -6.0064e-01 +8.2903e-01 +2.8513e-01 -2.9065e+00 +6.9954e-01 -2.6510e+00 +8.3242e-01 -9.3174e-01 +1.0097e+00 -1.1069e+00 +1.9309e+00 -1.6251e+00 -3.5185e-01
4139 +2.509170011e+01 +2.509170011e+01 +2.349170011e+01 +2.349170011e+01 +2.3425e+00 -3.7625e-01 -2.1919e-01 -2.6909e+00 +1.9403e+00 +1.1556e+00 +5.9489e-01 -1.0196e+00 +4.7753e-01 +3.3543e-01 -2.9130e+00 +8.4229e-01 -2.9881e+00 +1.0383e+00 -1.4156e+00 +5.7016e-01 -1.4418e+00 +2.1469e+00 -1.4433e+00 -4.0852e-01
6244 +1.570089790e+01 +1.570089790e+01 +1.410089790e+01 +1.410089790e+01 +2.4752e+00 -6.2273e-02 -2.4819e-01 -2.8548e+00 +2.2039e+00 +1.2993e+00 +7.7229e-01 -1.4981e+00 +5.9046e-01 +7.8309e-02 -3.0638e+00 +1.1526e+00 -3.2216e+00 +1.0529e+00 -1.5476e+00 +1.7036e-02 -1.4764e+00 +2.5976e+00 -9.1256e-01 -7.0396e-01
7758 +9.790183461e+00 +9.790183461e+00 +8.190183461e+00 +8.190183461e+00 +2.7845e+00 +2.3976e-01 -2.6804e-01 -2.7096e+00 +2.5108e+00 +1.5257e+00 +1.3002e+00 -1.9982e+00 +5.6040e-01 -1.7403e-02 -2.8921e+00 +1.5202e+00 -3.3513e+00 +1.1925e+00 -1.8622e+00 -1.5876e-01 -1.5510e+00 +3.0385e+00 -4.2309e-01 -8.3990e-01
11292 +6.308573807e+00 +6.308573807e+00 +4.708573807e+00 +4.708573807e+00 +2.6804e+00 +4.4035e-01 -9.3358e-01 -2.3577e+00 +3.2180e+00 +2.0253e+00 +1.1805e+00 -3.1625e+00 +4.6474e-01 -5.4855e-01 -3.8395e+00 +2.1443e+00 -3.6052e+00 +8.8601e-01 -1.7628e+00 -5.6161e-01 -1.8476e+00 +3.0405e+00 +2.6104e-01 -7.8272e-01
14752 +3.978557541e+00 +3.978557541e+00 +2.378557541e+00 +2.378557541e+00 +1.1650e+00 +5.9287e-01 +2.3687e-01 +8.9996e-01 +7.2851e-01 +2.7587e+00 -4.0948e+00 +1.4036e+00 +2.0552e+00 -4.0202e+00 +1.1738e+00 +4.5032e+00 +4.2994e+00 -1.0855e-01 +2.0646e+00 -3.1294e+00 -1.5755e+00 +3.9851e+00 +3.1047e+00 +3.6467e+00
17642 +2.510368637e+00 +2.510368637e+00 +9.103686374e-01 +9.103686374e-01 +1.6417e+00 +9.4851e-01 +6.2474e-01 +7.6586e-01 +3.0099e-01 +3.3976e+00 -4.1519e+00 +1.8451e+00 +2.3143e+00 -4.1510e+00 +1.1566e+00 +4.5796e+00 +4.6131e+00 +1.8235e-02 +2.2290e+00 -3.6091e+00 -1.6989e+00 +3.7541e+00 +2.9790e+00 +3.9919e+00
% function evaluation | noise-free fitness - Fopt (-3.708400000000e+02) | best noise-free fitness - Fopt | measured fitness | best measured fitness | x1 | x2...
1 +8.252593416e+01 +8.252593416e+01 -2.883140658e+02 -2.883140658e+02 -1.0141e+00 -7.3740e-01 +5.1854e-01 -2.9614e+00 -3.5552e-01 +1.8807e+00 -9.5636e-01 +1.2311e+00 +1.1948e+00 -3.5241e-01 -3.9662e+00 +1.8296e+00 +1.0072e+00 +8.8204e-02 +3.6767e+00 -3.4699e+00 -1.4966e+00 +3.5549e+00 -3.0567e+00 +1.9052e+00
2502 +6.302103508e+01 +6.302103508e+01 -3.078189649e+02 -3.078189649e+02 +1.9305e+00 +1.4619e+00 +7.8168e-01 -9.7507e-01 -9.8050e-01 +1.2988e+00 +1.0819e-01 +1.8854e+00 -1.1939e-01 -1.2405e+00 -1.8125e+00 +7.3286e-01 -4.6152e-01 -9.7318e-02 -3.1029e+00 -3.0267e-01 -7.1950e-01 -2.2658e+00 -1.0815e+00 +1.3842e+00
6375 +3.898930005e+01 +3.898930005e+01 -3.318506999e+02 -3.318506999e+02 +2.3139e+00 +1.3785e+00 +6.7418e-01 -1.5945e+00 -1.0467e+00 +4.4931e-01 -1.7676e-01 +1.7712e+00 -1.0264e+00 -8.7695e-01 -2.1321e+00 +1.5387e-01 +7.7292e-01 -2.4227e-01 -3.0672e+00 +8.7484e-02 +3.8066e-01 -3.4044e+00 -4.3150e-01 +1.2958e+00
9833 +2.501891244e+01 +2.501891244e+01 -3.458210876e+02 -3.458210876e+02 +4.2942e+00 -2.8051e+00 -8.9002e-01 -1.5187e+00 -2.5749e+00 +2.7504e+00 -1.3395e+00 -2.4945e+00 +1.3337e+00 -2.3083e+00 +4.0939e+00 +4.4777e-02 +2.0636e+00 -4.0617e+00 -2.7166e+00 -2.3114e+00 +3.6795e+00 +3.8407e-01 -1.0938e+00 +1.7139e+00
12207 +1.555682622e+01 +1.555682622e+01 -3.552831738e+02 -3.552831738e+02 +4.1798e+00 -3.0475e+00 -4.2139e-01 -1.4127e+00 -2.4343e+00 +2.8331e+00 -1.1497e+00 -1.9207e+00 +6.8624e-01 -3.0743e+00 +4.0579e+00 +5.7492e-01 +2.0988e+00 -4.4814e+00 -3.0455e+00 -2.1429e+00 +3.7996e+00 +6.2852e-01 -7.2281e-01 +1.5157e+00
14098 +9.910253560e+00 +9.910253560e+00 -3.609297464e+02 -3.609297464e+02 +4.3330e+00 -3.1226e+00 +5.7867e-02 -1.1428e+00 -2.4347e+00 +2.9431e+00 -1.0457e+00 -1.6431e+00 +3.7872e-01 -3.1170e+00 +3.9601e+00 +1.1659e+00 +2.1971e+00 -4.3446e+00 -2.8673e+00 -1.9842e+00 +4.3147e+00 +3.6351e-01 -1.2958e-01 +1.4908e+00
17897 +6.286706071e+00 +6.286706071e+00 -3.645532939e+02 -3.645532939e+02 +4.3673e+00 -3.1981e+00 +5.1518e-01 -1.4095e+00 -2.3006e+00 +2.4357e+00 -1.3460e+00 -1.0235e+00 -2.3819e-01 -3.6430e+00 +3.9597e+00 +2.0463e+00 +2.3049e+00 -4.8255e+00 -2.6171e+00 -2.0700e+00 +4.4960e+00 +5.2514e-01 +4.1237e-01 +1.3098e+00
21389 +3.920354624e+00 +3.920354624e+00 -3.669196454e+02 -3.669196454e+02 +4.2986e+00 -3.3003e+00 +7.2176e-01 -1.4404e+00 -2.5061e+00 +2.3678e+00 -1.5000e+00 -5.6113e-01 -6.3960e-01 -3.6427e+00 +4.1605e+00 +3.1709e+00 +2.2513e+00 -4.6383e+00 -2.7968e+00 -2.3531e+00 +4.8708e+00 +3.4449e-01 +7.4922e-01 +1.0051e+00
% function evaluation | noise-free fitness - Fopt (-3.256000000000e+01) | best noise-free fitness - Fopt | measured fitness | best measured fitness | x1 | x2...
1 +8.451952130e+01 +8.451952130e+01 +5.195952130e+01 +5.195952130e+01 -1.3318e+00 -3.0107e+00 +3.3557e+00 +1.8430e+00 +5.6933e-01 +1.4286e+00 +3.9135e-01 -1.7729e+00 +1.0121e+00 +1.8374e+00 +2.8555e+00 -4.1434e-01 +5.0816e-01 -1.1913e+00 -1.4576e+00 -6.0873e-01 +3.2500e+00 +3.4131e+00 +6.4660e-01 -2.1108e+00
3872 +6.277331640e+01 +6.277331640e+01 +3.021331640e+01 +3.021331640e+01 -2.4181e+00 +3.6356e+00 +1.1293e+00 +1.0957e+00 +2.7181e+00 +1.3325e+00 -2.1505e+00 -1.9001e-01 -1.3236e+00 -6.8552e-01 -9.7763e-01 -1.1567e+00 -3.0125e+00 -4.0217e-01 -4.2604e+00 -2.1204e+00 +2.8378e+00 +6.5364e-01 +2.8662e+00 -3.8439e+00
6375 +3.950710192e+01 +3.950710192e+01 +6.947101917e+00 +6.947101917e+00 -2.1412e+00 +3.7944e+00 +1.8817e+00 +1.0035e+00 +2.6043e+00 +1.7975e+00 -2.4266e+00 -4.9956e-01 -1.3608e+00 -2.9523e-01 -1.6451e+00 -1.2205e+00 -3.0800e+00 -8.9247e-02 -5.0019e+00 -1.5619e+00 +2.5281e+00 +1.3302e+00 +3.4315e+00 -3.4184e+00
8404 +2.503891118e+01 +2.503891118e+01 -7.521088818e+00 -7.521088818e+00 -1.7646e+00 +3.6469e+00 +1.9731e+00 +3.2862e-01 +2.6412e+00 +2.2951e+00 -2.3050e+00 -5.6334e-01 -1.1146e+00 -5.0602e-01 -2.1699e+00 -1.3083e+00 -3.2680e+00 +1.1969e-01 -4.9792e+00 -9.4545e-01 +2.4329e+00 +1.5462e+00 +3.7440e+00 -3.7438e+00
11032 +1.564769698e+01 +1.564769698e+01 -1.691230302e+01 -1.691230302e+01 -1.1695e+00 +4.2728e+00 +2.0357e+00 -5.1318e-02 +2.7816e+00 +2.6262e+00 -1.9293e+00 -8.6848e-01 -3.3106e-01 -2.3932e-01 -2.5016e+00 -1.4764e+00 -3.7157e+00 +1.8986e-01 -5.1259e+00 -2.9435e-01 +2.1051e+00 +2.0795e+00 +3.8306e+00 -3.7617e+00
12934 +9.972354084e+00 +9.972354084e+00 -2.258764592e+01 -2.258764592e+01 -7.8395e-01 +3.9651e+00 +2.3418e+00 -8.2747e-01 +2.8426e+00 +3.2114e+00 -1.8238e+00 -7.6049e-01 +8.9526e-02 -2.6475e-01 -2.7540e+00 -1.5840e+00 -3.9786e+00 +2.8593e-01 -4.8080e+00 +6.0330e-02 +2.1485e+00 +2.4019e+00 +3.6410e+00 -3.9890e+00
17517 +6.293490060e+00 +6.293490060e+00 -2.626650994e+01 -2.626650994e+01 -1.9893e-01 -4.4228e+00 -5.5453e-01 +2.3634e+00 +3.9557e+00 -4.0746e+00 +1.2030e+00 +8.4433e-01 +1.8427e+00 -3.3389e+00 -1.3639e+00 -3.7660e+00 -4.1429e+00 -4.4406e+00 +2.2086e+00 -2.5683e+00 -4.1033e+00 -3.7863e+00 -4.1239e+00 +2.3448e+00
% function evaluation | noise-free fitness - Fopt (5.154000000000e+02) | best noise-free fitness - Fopt | measured fitness | best measured fitness | x1 | x2...
1 +8.525638557e+01 +8.525638557e+01 +6.006563856e+02 +6.006563856e+02 +3.2647e+00 +2.9345e+00 -2.1400e+00 +2.4828e+00 -3.9476e+00 -3.8396e+00 +5.2876e-01 -2.4672e+00 -2.3703e-01 -3.0352e-01 -1.5504e+00 +2.0521e+00 +9.4254e-01 -3.7983e+00 +4.0956e-01 +3.3811e+00 -8.1095e-01 +2.4427e+00 +9.3498e-01 +6.2164e-01
1976 +6.306941168e+01 +6.306941168e+01 +5.784694117e+02 +5.784694117e+02 +1.8691e+00 +7.9196e-02 +4.3074e-01 -2.7836e+00 +1.5947e+00 -4.9325e-01 -2.2914e+00 +9.6168e-01 -7.8213e-01 -7.9292e-01 +1.5796e+00 +1.8854e+00 -2.5193e+00 +2.5992e+00 +1.6733e+00 +8.1688e-01 +3.2553e-02 -2.0660e+00 -1.7434e+00 +1.2399e+00
4290 +3.870178640e+01 +3.870178640e+01 +5.541017864e+02 +5.541017864e+02 +1.1458e+00 +7.9332e-01 +1.1367e-01 -2.3114e+00 +1.0608e+00 -2.6100e-01 -2.9083e+00 +1.1230e+00 -1.1146e+00 -1.0665e+00 +1.3549e+00 +2.0353e+00 -2.3290e+00 +3.0563e+00 +1.3007e+00 +3.1677e-01 +6.6810e-01 -1.8042e+00 -2.1672e+00 +1.4991e+00
5778 +2.476200726e+01 +2.476200726e+01 +5.401620073e+02 +5.401620073e+02 +8.7484e-01 +1.2220e+00 +1.6217e-01 -1.7643e+00 +8.1719e-01 -4.6477e-01 -3.0228e+00 +1.0151e+00 -1.2755e+00 -1.1525e+00 +1.3479e+00 +1.7885e+00 -2.6677e+00 +2.9560e+00 +1.4001e+00 +5.0696e-02 +7.4271e-01 -1.6962e+00 -2.5817e+00 +1.6941e+00
7281 +1.560631241e+01 +1.560631241e+01 +5.310063124e+02 +5.310063124e+02 +7.9135e-01 +1.9707e+00 +2.3477e-01 -1.5478e+00 +8.9589e-01 -5.3568e-01 -3.1374e+00 +1.1083e+00 -1.7400e+00 -9.8641e-01 +1.2791e+00 +1.8965e+00 -2.6270e+00 +2.8921e+00 +1.6607e+00 +1.0143e-01 +1.0368e+00 -1.8029e+00 -3.0200e+00 +2.0753e+00
8420 +9.821735089e+00 +9.821735089e+00 +5.252217351e+02 +5.252217351e+02 +5.4079e-01 +2.2576e+00 +8.4657e-02 -1.1187e+00 +8.1804e-01 -3.2782e-01 -3.2308e+00 +9.8567e-01 -1.9937e+00 -1.0280e+00 +1.2869e+00 +1.7525e+00 -2.6971e+00 +3.2772e+00 +1.4901e+00 -1.0164e-02 +9.1004e-01 -1.6058e+00 -3.2553e+00 +2.0914e+00
10042 +6.299394471e+00 +6.299394471e+00 +5.216993945e+02 +5.216993945e+02 +2.1880e-01 +2.6826e+00 -2.9344e-01 -9.4230e-01 +6.4448e-01 -3.4770e-01 -3.3433e+00 +1.1339e+00 -2.3382e+00 -1.1416e+00 +1.3616e+00 +1.9574e+00 -2.8174e+00 +3.3214e+00 +1.7365e+00 -1.7385e-01 +1.0827e+00 -1.4677e+00 -3.9135e+00 +2.1441e+00
11181 +3.799568405e+00 +3.799568405e+00 +5.191995684e+02 +5.191995684e+02 -7.1791e-02 +2.9822e+00 -3.0545e-01 -8.9286e-01 +5.7024e-01 -4.1940e-01 -3.0944e+00 +9.5172e-01 -2.5425e+00 -1.3324e+00 +1.3177e+00 +1.7533e+00 -2.9673e+00 +3.4780e+00 +1.7060e+00 -4.0729e-01 +1.2960e+00 -1.2845e+00 -4.1758e+00 +2.1728e+00
12153 +2.494204956e+00 +2.494204956e+00 +5.178942050e+02 +5.178942050e+02 -3.5677e-01 +3.2648e+00 -3.0383e-01 -5.8492e-01 +6.3281e-01 -5.2965e-01 -3.3841e+00 +7.2913e-01 -2.6540e+00 -1.2845e+00 +1.1829e+00 +1.7047e+00 -2.7735e+00 +3.7192e+00 +1.7972e+00 -4.4454e-01 +1.1883e+00 -9.5841e-01 -4.5110e+00 +2.1255e+00
19149 +1.570239800e+00 +1.570239800e+00 +5.169702398e+02 +5.169702398e+02 -1.5676e+00 +7.9103e-01 -2.8973e+00 -3.5237e+00 -9.4548e-01 +1.4757e+00 +1.0301e+00 -2.9401e+00 +1.6524e+00 -3.0764e+00 +3.7578e+00 +8.9936e-01 +4.5798e+00 -1.8076e+00 +3.8744e+00 +2.7530e+00 -4.2155e+00 -1.2776e+00 -1.9865e+00 -9.1885e-02
% function evaluation | noise-free fitness - Fopt (-1.000000000000e+03) | best noise-free fitness - Fopt | measured fitness | best measured fitness | x1 | x2...
1 +7.422358611e+01 +7.422358611e+01 -9.257764139e+02 -9.257764139e+02 -8.2690e-01 +1.9372e+00 +3.4054e+00 -1.0348e+00 +1.9597e+00 -8.2017e-01 +1.7448e+00 -9.3774e-01 +2.0103e+00 -3.2819e+00 +1.2870e+00 +1.7671e+00 -1.8755e+00 -7.2729e-01 +5.6506e-01 -2.1307e+00 -3.8278e+00 -1.8532e+00 -1.7935e+00 -2.9920e+00
2411 +6.307526893e+01 +6.307526893e+01 -9.369247311e+02 -9.369247311e+02 -2.7094e+00 -8.9770e-01 +2.2745e+00 -2.3891e+00 +2.5493e+00 +1.0181e+00 +3.9885e-01 +2.0939e+00 +2.5961e+00 -3.1914e+00 -2.9751e+00 -1.9399e+00 -1.7670e+00 +2.4363e+00 -2.3510e+00 -3.3675e+00 +7.4416e-01 -3.4359e+00 +8.3262e-01 -1.3274e+00
4735 +3.891239428e+01 +3.891239428e+01 -9.610876057e+02 -9.610876057e+02 +1.8422e+00 +1.4288e+00 +1.4755e+00 -2.8545e+00 +7.4527e-01 +6.1922e-01 +1.9869e+00 -2.7942e+00 +8.9696e-01 +1.4326e+00 -1.8474e+00 +1.3046e+00 -9.2747e-01 -2.0099e-01 -1.3308e+00 +2.8077e+00 +1.7483e+00 +1.7415e+00 -1.0030e+00 -5.9040e-01
6243 +2.445287915e+01 +2.445287915e+01 -9.755471209e+02 -9.755471209e+02 +2.2639e+00 +1.1693e+00 +1.0600e+00 -2.6599e+00 +6.0213e-01 +8.5564e-01 +1.5408e+00 -2.6376e+00 +1.1054e+00 +1.1022e+00 -1.8119e+00 +1.4168e+00 -4.5501e-01 -3.7960e-01 -1.5109e+00 +2.8473e+00 +1.4918e+00 +1.5265e+00 -1.2870e+00 -5.4024e-01
7753 +1.564349510e+01 +1.564349510e+01 -9.843565049e+02 -9.843565049e+02 +2.7322e+00 +1.1884e+00 +6.4499e-01 -2.7968e+00 +6.7488e-01 +1.1612e+00 +1.1473e+00 -2.7326e+00 +1.4699e+00 +1.0357e+00 -1.6913e+00 +1.8015e+00 -2.7672e-01 -4.8589e-01 -1.8837e+00 +3.1821e+00 +1.4813e+00 +1.7536e+00 -1.6012e+00 -4.5476e-01
8675 +9.989508475e+00 +9.989508475e+00 -9.900104915e+02 -9.900104915e+02 +2.7234e+00 +1.0638e+00 +2.8403e-01 -3.0295e+00 +5.4655e-01 +1.3502e+00 +1.2603e+00 -2.5668e+00 +1.4233e+00 +3.9049e-01 -1.8633e+00 +2.0458e+00 -2.2126e-01 -4.8506e-01 -1.9970e+00 +3.3710e+00 +1.0656e+00 +1.7951e+00 -1.4290e+00 -7.7633e-01
10645 +6.241646410e+00 +6.241646410e+00 -9.937583536e+02 -9.937583536e+02 +2.8960e+00 +9.2961e-01 -1.8979e-01 -3.3104e+00 +5.9255e-01 +1.9547e+00 +1.1000e+00 -2.5536e+00 +1.6760e+00 +3.8512e-01 -2.1341e+00 +2.2242e+00 -3.0347e-01 -7.7931e-01 -2.1740e+00 +3.4059e+00 +6.6154e-01 +1.7215e+00 -1.7936e+00 -9.9924e-01
11319 +3.976789173e+00 +3.976789173e+00 -9.960232108e+02 -9.960232108e+02 +2.9637e+00 +6.8410e-01 -4.0698e-01 -3.3521e+00 +7.2732e-01 +2.1584e+00 +8.6700e-01 -2.3311e+00 +2.0262e+00 +2.2215e-01 -2.0481e+00 +2.4319e+00 -2.7153e-01 -7.3101e-01 -2.2399e+00 +3.5637e+00 +4.1058e-01 +2.1512e+00 -1.9307e+00 -8.0345e-01
12296 +2.393780421e+00 +2.393780421e+00 -9.976062196e+02 -9.976062196e+02 +3.0269e+00 +7.6704e-01 -5.4040e-01 -3.6164e+00 +8.1398e-01 +2.5265e+00 +6.2016e-01 -2.6561e+00 +2.0170e+00 +1.3953e-01 -2.1553e+00 +2.5526e+00 -4.3797e-01 -7.8178e-01 -2.3012e+00 +3.7144e+00 +7.8170e-02 +2.1009e+00 -1.9119e+00 -1.1270e+00
15436 +1.556334902e+00 +1.556334902e+00 -9.984436651e+02 -9.984436651e+02 +2.4463e+00 +9.3038e-01 -7.9857e-01 -4.0721e+00 +7.4241e-01 +3.2848e+00 +4.0376e-01 -2.6174e+00 +2.3386e+00 -5.8403e-02 -2.5049e+00 +3.2600e+00 -3.6154e-01 -8.3808e-01 -2.2720e+00 +3.7054e+00 -7.5670e-01 +2.2445e+00 -1.9268e+00 -7.7284e-01
22404 +9.926616857e-01 +9.926616857e-01 -9.990073383e+02 -9.990073383e+02 +2.0430e+00 +6.5729e-01 -8.1035e-01 -4.4745e+00 +7.3127e-01 +3.9610e+00 +1.8290e-01 -2.9020e+00 +2.0677e+00 -2.0711e-01 -2.6938e+00 +3.8947e+00 -2.9803e-01 -1.0168e+00 -2.5625e+00 +3.2889e+00 -1.2711e+00 +2.2059e+00 -1.8353e+00 -1.2364e+00
% function evaluation | noise-free fitness - Fopt (1.317500000000e+02) | best noise-free fitness - Fopt | measured fitness | best measured fitness | x1 | x2...
1 +7.678897740e+01 +7.678897740e+01 +2.085389774e+02 +2.085389774e+02 +1.5177e+00 -1.0219e+00 -1.6925e+00 -1.6276e-01 -4.0558e-01 +1.5258e+00 +1.1007e+00 +6.2205e-01 -1.6725e+00 -3.7369e+00 -3.1897e+00 -3.9308e+00 +2.2574e+00 +2.9926e+00 +2.7738e-01 -1.6940e+00 +1.0449e+00 +4.2161e-01 -3.6857e+00 +9.5143e-01
1112 +6.257593513e+01 +6.257593513e+01 +1.943259351e+02 +1.943259351e+02 -1.1066e+00 -2.5181e-01 +6.2723e-01 +3.3356e-01 -1.5954e+00 +2.2032e+00 -1.9393e+00 -1.6016e+00 -1.2861e+00 -3.1411e+00 -3.2511e+00 -1.9922e+00 +2.2819e+00 -3.1047e+00 -1.6867e+00 -2.1050e+00 -1.8582e+00 +2.3324e-01 -2.0962e+00 -2.1251e+00
3747 +3.920300821e+01 +3.920300821e+01 +1.709530082e+02 +1.709530082e+02 -8.6431e-01 -1.7742e-01 +1.8868e-01 +1.6944e-01 -2.0306e+00 +1.4728e+00 -1.5259e+00 -1.8204e+00 -9.3972e-01 -3.5160e+00 -3.3753e+00 -1.8610e+00 +1.8847e+00 -3.0617e+00 -1.5802e+00 -1.8796e+00 -1.6745e+00 -5.3970e-01 -2.8671e+00 -1.6332e+00
5515 +2.462237979e+01 +2.462237979e+01 +1.563723798e+02 +1.563723798e+02 -6.7144e-01 -2.5088e-01 +1.5725e-02 +1.1936e-01 -2.3711e+00 +6.2510e-01 -1.2936e+00 -2.1732e+00 -3.5024e-01 -3.4832e+00 -3.4654e+00 -2.1224e+00 +1.9705e+00 -3.0560e+00 -1.3021e+00 -2.1344e+00 -1.6569e+00 -8.2877e-01 -3.2334e+00 -1.8538e+00
7046 +1.535505501e+01 +1.535505501e+01 +1.471050550e+02 +1.471050550e+02 -4.9275e-01 -4.2949e-01 -5.5778e-01 +7.8633e-02 -2.3302e+00 +2.5537e-01 -7.7176e-01 -2.3220e+00 +7.8339e-02 -3.7007e+00 -3.4434e+00 -2.0946e+00 +1.7215e+00 -2.9429e+00 -1.1239e+00 -1.9820e+00 -1.5522e+00 -1.2021e+00 -3.4507e+00 -1.7637e+00
8144 +9.507203733e+00 +9.507203733e+00 +1.412572037e+02 +1.412572037e+02 -6.2042e-01 -4.7117e-01 -7.8966e-01 +2.0455e-01 -2.4192e+00 +1.2207e-02 -5.6509e-01 -2.1535e+00 +3.4947e-01 -3.7804e+00 -3.5324e+00 -1.8989e+00 +1.4994e+00 -2.9082e+00 -8.5670e-01 -2.0053e+00 -1.3795e+00 -1.6515e+00 -3.8052e+00 -1.5562e+00
9923 +6.296136280e+00 +6.296136280e+00 +1.380461363e+02 +1.380461363e+02 -6.4426e-01 -2.4997e-01 -9.7260e-01 +5.0771e-01 -2.4785e+00 -4.9569e-01 -3.3515e-01 -2.0759e+00 +6.3993e-01 -4.1421e+00 -3.4138e+00 -2.0120e+00 +1.1627e+00 -3.1306e+00 -5.6907e-01 -1.8950e+00 -1.1223e+00 -2.2011e+00 -3.9709e+00 -1.2375e+00
11297 +3.921232874e+00 +3.921232874e+00 +1.356712329e+02 +1.356712329e+02 -4.7832e-01 -3.5606e-01 -9.4279e-01 +6.7573e-01 -2.7832e+00 -5.8233e-01 -3.1237e-01 -2.5787e+00 +6.8527e-01 -4.2513e+00 -3.4552e+00 -2.1167e+00 +8.3491e-01 -3.2605e+00 -8.5723e-02 -1.9743e+00 -7.3217e-01 -2.2601e+00 -4.2629e+00 -1.1219e+00
13836 +2.487952463e+00 +2.487952463e+00 +1.342379525e+02 +1.342379525e+02 -1.4735e+00 -1.1968e+00 +1.6919e-01 -2.2308e+00 +3.5700e+00 -3.3661e+00 +1.2614e+00 -5.8329e-01 -2.5190e+00 +2.1108e+00 -1.5256e+00 +2.9867e+00 +1.5566e+00 -2.2333e+00 +3.1028e+00 -2.1674e+00 +2.3326e+00 +3.0129e+00 +4.1466e+00 -2.5140e+00
% function evaluation | noise-free fitness - Fopt (1.144900000000e+02) | best noise-free fitness - Fopt | measured fitness | best measured fitness | x1 | x2...
1 +8.521053315e+01 +8.521053315e+01 +1.997005331e+02 +1.997005331e+02 +1.9288e+00 +3.3934e-01 +1.6046e+00 +1.5698e+00 -2.1317e+00 -3.9183e-01 +3.2572e+00 -2.6411e+00 +3.4041e+00 -2.1213e+00 +1.7404e+00 -2.6524e+00 -2.0640e+00 +2.4675e+00 +2.1203e+00 +1.2784e-02 +2.1935e+00 -2.2280e+00 -9.6829e-01 +2.3389e+00
721 +6.286355725e+01 +6.286355725e+01 +1.773535572e+02 +1.773535572e+02 -1.3510e+00 -1.7615e+00 +1.3908e+00 +1.7360e+00 +9.2288e-02 +3.0301e+00 -3.0606e+00 -2.0709e+00 -4.1812e-01 -2.2232e+00 +1.0137e+00 -1.0531e-01 +3.1947e+00 -1.4403e+00 +3.0846e-01 -4.6246e-01 -5.5230e-01 +3.5253e+00 -8.3943e-01 +4.0677e-01
2756 +3.822031022e+01 +3.822031022e+01 +1.527103102e+02 +1.527103102e+02 -1.9280e+00 -1.5192e+00 +1.2801e+00 +1.7222e+00 +2.5733e-01 +2.7428e+00 -2.3373e+00 -2.0087e+00 -5.5450e-01 -1.7381e+00 +6.2733e-01 +1.0625e-02 +2.8741e+00 -1.3078e+00 +4.8441e-01 -6.3851e-01 -6.7609e-01 +3.2840e+00 -8.5714e-01 +1.1739e+00
3873 +2.462381872e+01 +2.462381872e+01 +1.391138187e+02 +1.391138187e+02 -2.1973e+00 -1.7008e+00 +1.3289e+00 +1.7262e+00 +3.6765e-01 +2.5805e+00 -2.4059e+00 -1.9113e+00 -8.8318e-01 -1.4734e+00 +5.4213e-01 +2.5284e-01 +2.7333e+00 -9.0213e-01 +8.5293e-01 -9.3610e-01 -9.2156e-01 +3.1175e+00 -1.1622e+00 +1.5854e+00
5136 +1.563229905e+01 +1.563229905e+01 +1.301222991e+02 +1.301222991e+02 -2.1872e+00 -1.6688e+00 +1.5509e+00 +2.1513e+00 +3.8011e-01 +2.6300e+00 -2.0471e+00 -2.1131e+00 -9.0354e-01 -1.1942e+00 +1.7760e-01 +3.2729e-01 +2.8775e+00 -6.1280e-01 +1.1209e+00 -9.9525e-01 -1.0045e+00 +2.8777e+00 -1.1547e+00 +1.7688e+00
6251 +9.895491881e+00 +9.895491881e+00 +1.243854919e+02 +1.243854919e+02 -2.2530e+00 -1.6526e+00 +1.5063e+00 +2.1612e+00 +4.5503e-01 +2.5684e+00 -1.8259e+00 -2.1561e+00 -9.4950e-01 -8.2876e-01 -2.7176e-01 +6.6311e-01 +2.8261e+00 -3.8591e-01 +1.0762e+00 -8.6620e-01 -1.2427e+00 +2.7705e+00 -1.2117e+00 +1.9706e+00
7624 +6.222169483e+00 +6.222169483e+00 +1.207121695e+02 +1.207121695e+02 -2.4896e+00 -1.8173e+00 +2.1116e+00 +2.1977e+00 +6.9244e-01 +2.7381e+00 -1.4904e+00 -2.2210e+00 -7.7205e-01 -3.8656e-01 -5.6381e-01 +6.8052e-01 +2.6572e+00 -3.6145e-01 +1.1070e+00 -9.6349e-01 -1.3262e+00 +2.4175e+00 -1.2869e+00 +2.2579e+00
8160 +3.928715441e+00 +3.928715441e+00 +1.184187154e+02 +1.184187154e+02 -2.8327e+00 -1.6922e+00 +2.0097e+00 +2.5899e+00 +6.0565e-01 +2.9567e+00 -1.5253e+00 -2.1685e+00 -7.0857e-01 -2.8647e-01 -6.4055e-01 +5.1879e-01 +2.5459e+00 -2.1409e-02 +9.7046e-01 -1.0076e+00 -1.3131e+00 +2.4948e+00 -1.3973e+00 +2.2783e+00
8535 +2.475508542e+00 +2.475508542e+00 +1.169655085e+02 +1.169655085e+02 -2.9378e+00 -1.7710e+00 +2.2019e+00 +2.6263e+00 +6.5802e-01 +3.0548e+00 -1.4610e+00 -2.2168e+00 -6.1770e-01 -1.4183e-01 -6.9651e-01 +7.0969e-01 +2.4940e+00 +1.1974e-01 +9.7987e-01 -1.0261e+00 -1.2234e+00 +2.3724e+00 -1.4670e+00 +2.2505e+00
10044 +1.418543242e+00 +1.418543242e+00 +1.159085432e+02 +1.159085432e+02 -2.9751e+00 -1.6631e+00 +2.3981e+00 +3.0159e+00 +3.9437e-01 +2.7154e+00 -1.1540e+00 -2.3572e+00 -5.2774e-01 +4.3553e-01 -6.9997e-01 +7.5114e-01 +2.2125e+00 +3.9561e-01 +8.6168e-01 -1.1953e+00 -1.0878e+00 +2.3071e+00 -1.5410e+00 +2.1758e+00
10197 +9.614556580e-01 +9.614556580e-01 +1.154514557e+02 +1.154514557e+02 -2.9714e+00 -1.5190e+00 +2.7087e+00 +2.9168e+00 +2.1625e-01 +2.5393e+00 -1.3418e+00 -2.3738e+00 -3.6281e-01 +3.1258e-01 -1.0790e+00 +6.6607e-01 +2.2705e+00 +3.7049e-01 +1.0191e+00 -1.0413e+00 -1.0354e+00 +2.2586e+00 -1.6535e+00 +2.1756e+00
11031 +5.854105596e-01 +5.854105596e-01 +1.150754106e+02 +1.150754106e+02 -3.0239e+00 -1.5682e+00 +2.9510e+00 +2.9203e+00 +1.3585e-01 +2.4780e+00 -1.2250e+00 -2.2982e+00 -3.1854e-01 +4.3196e-01 -1.0211e+00 +6.9643e-01 +2.1866e+00 +4.5595e-01 +7.6831e-01 -1.0438e+00 -9.9214e-01 +2.1406e+00 -1.8316e+00 +1.9648e+00
11813 +3.324822141e-01 +3.324822141e-01 +1.148224822e+02 +1.148224822e+02 -3.2490e+00 -1.5721e+00 +3.1547e+00 +3.1012e+00 +2.3510e-01 +2.3048e+00 -1.1782e+00 -2.5163e+00 -2.5526e-03 +6.4261e-01 -9.8686e-01 +8.4548e-01 +2.2176e+00 +7.0196e-01 +8.9040e-01 -1.1373e+00 -9.8229e-01 +1.9076e+00 -1.9831e+00 +2.2123e+00
12293 +2.123181443e-01 +2.123181443e-01 +1.147023181e+02 +1.147023181e+02 -3.2834e+00 -1.5767e+00 +3.1374e+00 +3.1533e+00 +3.5731e-01 +2.2635e+00 -1.1684e+00 -2.4095e+00 +1.1363e-01 +8.0624e-01 -1.1024e+00 +8.6921e-01 +2.1895e+00 +7.4274e-01 +9.4903e-01 -1.1446e+00 -8.4130e-01 +1.7408e+00 -1.9616e+00 +2.0978e+00
12671 +1.555052518e-01 +1.555052518e-01 +1.146455053e+02 +1.146455053e+02 -3.1894e+00 -1.5254e+00 +3.1250e+00 +3.0765e+00 +2.8959e-01 +2.3575e+00 -1.1312e+00 -2.3554e+00 +2.5375e-01 +9.8139e-01 -1.1160e+00 +8.0285e-01 +2.4194e+00 +8.3315e-01 +8.8431e-01 -1.1374e+00 -8.3569e-01 +1.7172e+00 -1.9965e+00 +2.1844e+00
13063 +9.538257748e-02 +9.538257748e-02 +1.145853826e+02 +1.145853826e+02 -3.1655e+00 -1.3469e+00 +3.0595e+00 +3.1082e+00 +4.5419e-01 +2.1916e+00 -9.7066e-01 -2.4790e+00 +3.4216e-01 +1.0838e+00 -9.9505e-01 +8.7694e-01 +2.2374e+00 +8.8322e-01 +6.8238e-01 -8.6349e-01 -7.0474e-01 +1.7195e+00 -2.0056e+00 +2.0564e+00
13664 +6.292762717e-02 +6.292762717e-02 +1.145529276e+02 +1.145529276e+02 -3.2297e+00 -1.4440e+00 +3.1383e+00 +3.1425e+00 +4.4788e-01 +2.1887e+00 -1.0188e+00 -2.6135e+00 +4.6577e-01 +1.2534e+00 -1.1084e+00 +9.8480e-01 +2.4006e+00 +8.2125e-01 +7.5600e-01 -6.5096e-01 -6.9358e-01 +1.7523e+00 -1.9736e+00 +2.0488e+00
13795 +3.816624065e-02 +3.816624065e-02 +1.145281662e+02 +1.145281662e+02 -3.2125e+00 -1.2929e+00 +3.2354e+00 +3.2282e+00 +3.5746e-01 +2.2637e+00 -1.0706e+00 -2.5840e+00 +4.0287e-01 +1.3782e+00 -1.0300e+00 +1.0758e+00 +2.4740e+00 +9.8326e-01 +6.2898e-01 -7.3300e-01 -7.1134e-01 +1.8478e+00 -2.2600e+00 +2.0577e+00
14185 +2.348572117e-02 +2.348572117e-02 +1.145134857e+02 +1.145134857e+02 -3.2871e+00 -1.2443e+00 +3.3185e+00 +3.2779e+00 +2.7579e-01 +2.2023e+00 -1.1246e+00 -2.6519e+00 +5.6915e-01 +1.4990e+00 -1.2583e+00 +1.0098e+00 +2.4090e+00 +9.2870e-01 +7.1669e-01 -6.3433e-01 -7.9797e-01 +1.6761e+00 -2.4901e+00 +2.1732e+00
14701 +9.084397221e-03 +9.084397221e-03 +1.144990844e+02 +1.144990844e+02 -3.2231e+00 -1.0672e+00 +3.2309e+00 +3.3754e+00 +3.5687e-01 +1.9775e+00 -9.8828e-01 -2.7637e+00 +4.8506e-01 +1.6586e+00 -1.1701e+00 +1.2100e+00 +2.4369e+00 +9.7718e-01 +5.8696e-01 -6.7876e-01 -7.4880e-01 +1.6100e+00 -2.3783e+00 +2.1990e+00
15323 +4.821826529e-03 +4.821826529e-03 +1.144948218e+02 +1.144948218e+02 -3.1828e+00 -1.1703e+00 +3.1020e+00 +3.3288e+00 +4.5061e-01 +1.9281e+00 -1.0762e+00 -2.7821e+00 +5.7842e-01 +1.8320e+00 -1.3203e+00 +1.1993e+00 +2.3553e+00 +9.5248e-01 +5.0987e-01 -6.0634e-01 -5.0959e-01 +1.5589e+00 -2.2899e+00 +2.0342e+00
15432 +3.685785843e-03 +3.685785843e-03 +1.144936858e+02 +1.144936858e+02 -3.2007e+00 -1.2011e+00 +3.2452e+00 +3.2460e+00 +4.6585e-01 +1.8811e+00 -1.0570e+00 -2.7678e+00 +6.6307e-01 +1.7832e+00 -1.2834e+00 +1.2360e+00 +2.2960e+00 +9.4264e-01 +5.8781e-01 -5.5693e-01 -5.3813e-01 +1.5446e+00 -2.2792e+00 +2.0418e+00
15951 +1.113440404e-03 +1.113440404e-03 +1.144911134e+02 +1.144911134e+02 -3.3242e+00 -1.1435e+00 +3.3780e+00 +3.3732e+00 +5.2601e-01 +1.7882e+00 -1.0932e+00 -2.7821e+00 +8.0789e-01 +1.8191e+00 -1.5105e+00 +1.2661e+00 +2.1110e+00 +9.9667e-01 +5.9222e-01 -3.4439e-01 -4.1433e-01 +1.4850e+00 -2.4081e+00 +2.0824e+00
16237 +9.836642313e-04 +9.836642313e-04 +1.144909837e+02 +1.144909837e+02 -3.4103e+00 -1.0396e+00 +3.4030e+00 +3.4137e+00 +5.6488e-01 +1.7181e+00 -1.0348e+00 -2.7318e+00 +7.9803e-01 +1.8785e+00 -1.4387e+00 +1.2681e+00 +2.0432e+00 +9.2394e-01 +5.6389e-01 -3.7899e-01 -4.5730e-01 +1.4652e+00 -2.4288e+00 +2.0290e+00
18327 +6.025117677e-04 +6.025117677e-04 +1.144906025e+02 +1.144906025e+02 -3.4275e+00 -8.5221e-01 +3.1330e+00 +3.6688e+00 +4.5313e-01 +1.5094e+00 -9.5271e-01 -2.7715e+00 +7.5899e-01 +1.7589e+00 -1.3852e+00 +1.3734e+00 +2.2612e+00 +1.1213e+00 +4.1092e-01 -4.2466e-01 -4.8257e-01 +1.5970e+00 -2.4443e+00 +1.9385e+00
19708 +3.682352871e-04 +3.682352871e-04 +1.144903682e+02 +1.144903682e+02 -3.2513e+00 -9.4663e-01 +3.0285e+00 +3.5932e+00 +5.8780e-01 +1.5216e+00 -9.6227e-01 -2.7456e+00 +8.9354e-01 +1.8458e+00 -1.4258e+00 +1.4465e+00 +2.2903e+00 +1.0699e+00 +6.1087e-01 -4.2031e-01 -4.8220e-01 +1.4937e+00 -2.3604e+00 +1.8593e+00
% function evaluation | noise-free fitness - Fopt (-2.596000000000e+01) | best noise-free fitness - Fopt | measured fitness | best measured fitness | x1 | x2...
1 +8.451267789e+01 +8.451267789e+01 +5.855267789e+01 +5.855267789e+01 +1.8023e+00 -3.6501e+00 -1.4008e+00 +3.2067e+00 -3.8073e+00 -3.3195e+00 -7.5114e-01 -3.0284e+00 +2.9615e-01 -1.2885e+00 -2.3682e+00 -1.2848e+00 -2.3132e+00 -1.0579e+00 -2.7636e+00 +3.3652e+00 -2.4314e+00 -2.9623e+00 +3.9763e+00 -2.2347e+00
2241 +6.302476798e+01 +6.302476798e+01 +3.706476798e+01 +3.706476798e+01 -1.4503e+00 -5.5381e-01 +6.1701e-03 -2.8987e-01 -1.0103e+00 +1.2746e+00 -2.8163e+00 -1.7046e+00 +2.9081e+00 +2.2489e+00 +9.3313e-01 +3.3318e+00 -1.8688e+00 +7.5980e-01 +8.2202e-01 -1.0960e+00 +1.8490e+00 +8.4562e-02 -6.0874e-01 +2.2253e+00
4992 +3.935817067e+01 +3.935817067e+01 +1.339817067e+01 +1.339817067e+01 -6.1390e-01 -2.5533e-01 +6.3709e-01 -1.1054e+00 -4.8501e-01 +1.4040e+00 -2.6894e+00 -1.1216e+00 +3.3374e+00 +2.7251e+00 +9.7420e-01 +2.8625e+00 -1.9688e+00 +1.8401e+00 +1.6195e+00 -1.7924e+00 +2.1245e+00 +2.6043e-02 -6.9257e-01 +2.4716e+00
6766 +2.460076754e+01 +2.460076754e+01 -1.359232464e+00 -1.359232464e+00 +2.1845e-01 -4.9911e-02 +7.4648e-01 -6.8954e-01 -3.6157e-01 +1.7793e+00 -2.8852e+00 -9.4920e-01 +3.5720e+00 +2.5857e+00 +8.4907e-01 +2.6589e+00 -1.8602e+00 +1.8485e+00 +1.5793e+00 -2.3039e+00 +2.4867e+00 -1.9560e-01 -3.5669e-01 +2.5974e+00
8669 +1.584271327e+01 +1.584271327e+01 -1.011728673e+01 -1.011728673e+01 +1.0408e+00 -3.4873e-01 +1.2899e+00 -8.5433e-01 -6.4828e-01 +2.0759e+00 -2.7394e+00 -8.9904e-01 +3.8198e+00 +2.4057e+00 +7.0174e-01 +2.4676e+00 -2.0951e+00 +1.8572e+00 +1.5180e+00 -2.6125e+00 +3.0685e+00 -6.2667e-01 -5.4620e-01 +2.7217e+00
10125 +9.931626844e+00 +9.931626844e+00 -1.602837316e+01 -1.602837316e+01 +2.4535e+00 -5.2015e-01 +8.3411e-02 +1.1513e+00 +4.8115e-01 -2.2765e+00 -2.1461e-01 -2.0042e+00 -9.3575e-01 -5.2333e-01 -1.5863e+00 -1.6062e+00 -7.3234e-01 -8.2328e-01 +1.0654e+00 +1.1670e+00 +1.6284e+00 +5.9140e-01 -1.4362e-01 +2.8698e+00
11641 +6.224666841e+00 +6.224666841e+00 -1.973533316e+01 -1.973533316e+01 +2.8354e+00 -5.2203e-01 +1.2818e-01 +1.2885e+00 +1.3471e-01 -2.5462e+00 +6.5608e-02 -2.2508e+00 -8.6481e-01 -5.2410e-01 -1.4333e+00 -1.4430e+00 -8.8404e-01 -5.9855e-01 +6.3086e-01 +7.8228e-01 +1.6077e+00 +8.3410e-01 +1.1068e-01 +2.7973e+00
12492 +3.734460444e+00 +3.734460444e+00 -2.222553956e+01 -2.222553956e+01 +2.9955e+00 -7.3452e-01 +1.5883e-02 +1.1764e+00 -7.9684e-02 -2.5984e+00 +1.3599e-01 -2.1292e+00 -9.0909e-01 -5.3218e-01 -1.3651e+00 -1.4460e+00 -7.4500e-01 -1.9819e-01 +6.1392e-01 +7.1285e-01 +1.4693e+00 +1.0972e+00 +1.7640e-01 +2.8337e+00
13146 +2.371679691e+00 +2.371679691e+00 -2.358832031e+01 -2.358832031e+01 +3.0581e+00 -8.1619e-01 +5.8034e-02 +1.1509e+00 -1.8880e-01 -2.8016e+00 +1.7836e-01 -2.3018e+00 -6.7569e-01 -3.5848e-01 -1.2579e+00 -1.2455e+00 -9.1514e-01 -3.3333e-02 +3.7870e-01 +6.7548e-01 +1.4825e+00 +1.0280e+00 +1.5035e-01 +2.7801e+00
14393 +1.456378709e+00 +1.456378709e+00 -2.450362129e+01 -2.450362129e+01 +3.3887e+00 -6.7746e-01 +1.8052e-01 +8.6837e-01 -4.8709e-01 -2.9511e+00 +2.2382e-01 -2.2737e+00 -9.5534e-01 -3.7273e-01 -9.9571e-01 -1.1876e+00 -7.5486e-01 +1.0818e-01 +7.7323e-02 +4.0090e-01 +1.3845e+00 +1.4093e+00 -2.2954e-01 +2.7979e+00
14784 +8.834717171e-01 +8.834717171e-01 -2.507652828e+01 -2.507652828e+01 +3.3919e+00 -9.1135e-01 +1.7395e-01 +7.7187e-01 -5.1636e-01 -3.0798e+00 +2.2795e-02 -2.2786e+00 -9.5482e-01 -3.9799e-01 -8.9264e-01 -1.0886e+00 -7.5232e-01 +1.9360e-01 +9.0462e-03 +2.0098e-01 +1.5665e+00 +1.4738e+00 -3.9920e-01 +2.8481e+00
15390 +5.899991392e-01 +5.899991392e-01 -2.537000086e+01 -2.537000086e+01 +3.4130e+00 -8.9338e-01 +3.1603e-01 +7.4373e-01 -7.2430e-01 -3.1330e+00 +1.1079e-01 -2.2583e+00 -1.0131e+00 -5.3730e-01 -8.8954e-01 -1.0759e+00 -7.1458e-01 +1.9957e-01 -1.1372e-01 +2.7055e-01 +1.7251e+00 +1.5368e+00 -4.9062e-01 +2.8425e+00
16301 +2.983260314e-01 +2.983260314e-01 -2.566167397e+01 -2.566167397e+01 +3.3179e+00 -9.0315e-01 +2.6056e-01 +8.3972e-01 -8.3483e-01 -3.0912e+00 +1.4965e-01 -2.3839e+00 -1.0846e+00 -9.4681e-01 -6.0273e-01 -9.5442e-01 -5.9775e-01 +4.0558e-01 -3.6490e-01 +5.9619e-02 +1.8817e+00 +1.9739e+00 -5.6077e-01 +2.9240e+00
16632 +2.266638957e-01 +2.266638957e-01 -2.573333610e+01 -2.573333610e+01 +3.3849e+00 -8.4316e-01 +3.6020e-01 +8.3493e-01 -8.8744e-01 -3.1645e+00 +2.3488e-01 -2.3481e+00 -1.1636e+00 -9.9282e-01 -5.4929e-01 -9.5056e-01 -6.4522e-01 +4.8348e-01 -3.4207e-01 +8.6504e-02 +1.9814e+00 +2.0399e+00 -4.7623e-01 +2.9323e+00
17030 +1.409465699e-01 +1.409465699e-01 -2.581905343e+01 -2.581905343e+01 +3.4207e+00 -8.1273e-01 +4.2541e-01 +7.8549e-01 -9.2060e-01 -3.2557e+00 +6.0425e-02 -2.2963e+00 -1.2216e+00 -1.0067e+00 -4.5494e-01 -8.9600e-01 -7.3790e-01 +5.6183e-01 -3.7156e-01 +7.1348e-02 +1.9212e+00 +2.2008e+00 -4.0604e-01 +2.8455e+00
17554 +9.300088174e-02 +9.300088174e-02 -2.586699912e+01 -2.586699912e+01 +3.4275e+00 -6.6633e-01 +5.5336e-01 +6.4623e-01 -8.5266e-01 -3.2590e+00 +4.8625e-02 -2.3020e+00 -1.2535e+00 -1.0943e+00 -3.1037e-01 -1.0429e+00 -5.3482e-01 +8.3139e-01 -3.2259e-01 -4.2292e-02 +1.7470e+00 +2.3706e+00 -4.0863e-01 +2.8036e+00
17802 +5.872949347e-02 +5.872949347e-02 -2.590127051e+01 -2.590127051e+01 +3.4573e+00 -7.6477e-01 +4.9435e-01 +7.3705e-01 -9.7985e-01 -3.3443e+00 -1.4994e-02 -2.1811e+00 -1.1189e+00 -1.0628e+00 -1.7271e-01 -8.9696e-01 -4.8022e-01 +9.6764e-01 -4.7502e-01 -1.5417e-01 +1.7387e+00 +2.2309e+00 -4.5858e-01 +2.7713e+00
18404 +3.413513025e-02 +3.413513025e-02 -2.592586487e+01 -2.592586487e+01 +3.3508e+00 -6.6579e-01 +5.6711e-01 +7.3086e-01 -9.7548e-01 -3.3223e+00 +1.4849e-02 -2.4315e+00 -1.1173e+00 -1.0465e+00 -8.7921e-02 -8.3581e-01 -4.3344e-01 +1.0650e+00 -6.1437e-01 -2.1575e-01 +1.6607e+00 +2.4244e+00 -2.8613e-01 +2.7281e+00
18537 +2.346757574e-02 +2.346757574e-02 -2.593653242e+01 -2.593653242e+01 +3.3892e+00 -5.7510e-01 +5.7134e-01 +7.0507e-01 -8.8658e-01 -3.3517e+00 +5.9310e-02 -2.3457e+00 -1.1342e+00 -1.1156e+00 +7.7106e-03 -7.7707e-01 -4.7977e-01 +1.1204e+00 -7.0711e-01 -1.8651e-01 +1.6066e+00 +2.4003e+00 -3.8407e-01 +2.7040e+00
18936 +1.507978064e-02 +1.507978064e-02 -2.594492022e+01 -2.594492022e+01 +3.5273e+00 -4.7072e-01 +4.2821e-01 +5.8745e-01 -1.0276e+00 -3.1959e+00 +1.1693e-01 -2.3166e+00 -1.0827e+00 -1.1475e+00 +1.8906e-01 -8.3267e-01 -5.0924e-01 +1.0593e+00 -7.9211e-01 -4.5540e-01 +1.7375e+00 +2.5190e+00 -3.5920e-01 +2.7482e+00
19315 +9.993151857e-03 +9.993151857e-03 -2.595000685e+01 -2.595000685e+01 +3.4328e+00 -4.0599e-01 +5.5260e-01 +6.3298e-01 -9.8708e-01 -3.1375e+00 +2.2916e-01 -2.2168e+00 -1.0003e+00 -1.2933e+00 +3.8901e-01 -6.8108e-01 -4.1693e-01 +1.2184e+00 -7.7775e-01 -3.3343e-01 +1.9144e+00 +2.7305e+00 -4.5532e-01 +2.7694e+00
19920 +6.062998030e-03 +6.062998030e-03 -2.595393700e+01 -2.595393700e+01 +3.4142e+00 -3.3980e-01 +5.3642e-01 +6.8886e-01 -1.0406e+00 -3.2531e+00 +1.1375e-01 -2.2690e+00 -9.5872e-01 -1.3115e+00 +3.4139e-01 -7.8224e-01 -4.1146e-01 +1.2064e+00 -8.7157e-01 -4.7616e-01 +1.8097e+00 +2.5017e+00 -3.3900e-01 +2.8949e+00
20695 +3.719416047e-03 +3.719416047e-03 -2.595628058e+01 -2.595628058e+01 +3.4022e+00 -1.7375e-01 +4.9436e-01 +5.5282e-01 -9.3737e-01 -3.2514e+00 +9.7985e-02 -2.2994e+00 -8.9185e-01 -1.3873e+00 +2.5400e-01 -8.0062e-01 -1.5584e-01 +1.3537e+00 -9.1457e-01 -3.7112e-01 +1.7776e+00 +2.5574e+00 -4.6966e-01 +2.9542e+00
23074 +2.225950462e-03 +2.225950462e-03 -2.595777405e+01 -2.595777405e+01 +3.4638e+00 -8.0006e-02 +6.9299e-01 +7.9640e-01 -8.4402e-01 -3.5366e+00 -4.9312e-02 -2.4296e+00 -8.2346e-01 -1.2754e+00 +4.0959e-01 -7.4815e-01 -1.9654e-01 +1.6917e+00 -1.1016e+00 -3.5216e-01 +1.8077e+00 +2.5208e+00 -3.9284e-01 +3.0277e+00
23207 +1.389774474e-03 +1.389774474e-03 -2.595861023e+01 -2.595861023e+01 +3.3651e+00 -1.7366e-01 +7.9026e-01 +7.9025e-01 -7.9176e-01 -3.5348e+00 -7.9252e-02 -2.3799e+00 -8.6688e-01 -1.3608e+00 +4.6010e-01 -6.9218e-01 -2.0221e-01 +1.6344e+00 -1.0047e+00 -3.9604e-01 +1.8188e+00 +2.4521e+00 -3.2369e-01 +3.0183e+00
25698 +4.978385386e-04 +4.978385386e-04 -2.595950216e+01 -2.595950216e+01 +3.5382e+00 +1.1793e-02 +6.3530e-01 +8.7632e-01 -1.0940e+00 -3.4597e+00 -2.5546e-02 -2.3017e+00 -9.3613e-01 -1.4794e+00 +7.3413e-01 -5.4798e-01 -2.0785e-01 +1.6024e+00 -1.0592e+00 -3.4676e-01 +1.7404e+00 +2.6408e+00 -4.9138e-01 +2.9789e+00
25839 +2.402334137e-04 +2.402334137e-04 -2.595975977e+01 -2.595975977e+01 +3.5864e+00 +3.4810e-02 +6.5234e-01 +8.4685e-01 -1.0174e+00 -3.4360e+00 +3.5338e-02 -2.3525e+00 -1.0033e+00 -1.5015e+00 +8.0016e-01 -5.9518e-01 -1.1674e-01 +1.5871e+00 -1.0998e+00 -3.2774e-01 +1.7680e+00 +2.6595e+00 -4.0531e-01 +2.9640e+00
% function evaluation | noise-free fitness - Fopt (9.251000000000e+01) | best noise-free fitness - Fopt | measured fitness | best measured fitness | x1 | x2...
1 +8.446028489e+01 +8.446028489e+01 +1.769702849e+02 +1.769702849e+02 -4.7705e-01 +1.9150e+00 +3.9806e+00 -2.2778e+00 +2.2618e+00 -2.6518e+00 -1.0343e+00 +2.9171e+00 +1.7000e+00 +8.4999e-01 +2.3949e+00 -7.3491e-01 +1.6385e+00 -3.0531e+00 +1.8862e+00 +3.0553e+00 -2.5987e+00 -2.4208e+00 +3.7549e+00 -3.5355e+00
2365 +6.294023802e+01 +6.294023802e+01 +1.554502380e+02 +1.554502380e+02 +1.8945e+00 -8.2477e-02 +3.2595e+00 +3.3122e+00 -3.4773e+00 -2.5297e+00 -2.6628e+00 -3.0405e+00 +1.2822e+00 +7.9094e-01 -1.0660e+00 -1.9829e+00 +2.3096e+00 -2.4428e+00 +3.8065e+00 -8.2349e-01 +5.6577e-02 +2.6318e+00 -2.3103e+00 -2.8231e+00
4622 +3.960384748e+01 +3.960384748e+01 +1.321138475e+02 +1.321138475e+02 +1.6495e+00 -1.1584e-01 +3.2107e+00 +3.0043e+00 -3.4445e+00 -3.1578e+00 -1.8001e+00 -2.8806e+00 +9.1269e-01 +1.5982e+00 -8.5956e-01 -2.2310e+00 +2.2153e+00 -2.6743e+00 +3.5760e+00 -1.1108e+00 +3.6305e-01 +2.2749e+00 -2.8811e+00 -3.0516e+00
6631 +2.494925147e+01 +2.494925147e+01 +1.174592515e+02 +1.174592515e+02 +1.9050e+00 +2.4862e-03 +3.3378e+00 +3.3400e+00 -3.2712e+00 -3.0243e+00 -1.0094e+00 -2.6403e+00 +1.0888e+00 +2.1011e+00 -7.9788e-01 -2.6089e+00 +2.1098e+00 -2.0868e+00 +3.6536e+00 -1.5298e+00 +7.9873e-01 +1.9825e+00 -3.5024e+00 -3.3288e+00
8295 +1.580620915e+01 +1.580620915e+01 +1.083162091e+02 +1.083162091e+02 +2.2443e+00 -4.6019e-01 +3.0643e+00 +3.1942e+00 -2.8451e+00 -2.8566e+00 -6.4565e-01 -2.8255e+00 +8.5653e-01 +2.5010e+00 -8.5640e-01 -2.6969e+00 +1.5827e+00 -2.5484e+00 +3.6322e+00 -1.5809e+00 +1.3010e+00 +1.8841e+00 -3.8946e+00 -3.1652e+00
9930 +9.721430134e+00 +9.721430134e+00 +1.022314301e+02 +1.022314301e+02 +2.3641e+00 -5.1961e-01 +3.1805e+00 +3.2674e+00 -3.0339e+00 -3.0670e+00 -1.6804e-01 -2.6082e+00 +4.6309e-01 +3.0943e+00 -7.9719e-01 -2.6431e+00 +1.2595e+00 -2.5237e+00 +3.2414e+00 -1.6990e+00 +2.0765e+00 +1.4106e+00 -3.6413e+00 -3.1299e+00
12720 +6.173702142e+00 +6.173702142e+00 +9.868370214e+01 +9.868370214e+01 +2.9292e+00 +4.3821e+00 +3.2175e+00 +3.1342e+00 +2.5592e+00 +5.0102e+00 -3.8267e-01 +1.0764e+00 -1.1120e+00 -6.3954e-02 -4.6297e+00 -2.6244e+00 -7.0395e-01 +2.2023e+00 +8.0301e-01 +3.6130e+00 -6.9523e-01 +2.0159e+00 -1.7027e+00 +2.5083e+00
13612 +3.881387095e+00 +3.881387095e+00 +9.639138709e+01 +9.639138709e+01 +1.7668e+00 -3.2547e+00 +2.0222e-02 -1.4214e+00 +1.4337e-01 +5.0483e-02 +7.6865e-01 +8.8180e-01 -4.5003e-01 +3.4957e+00 -1.1291e+00 -2.0529e+00 +4.7328e+00 -3.0925e+00 -2.1531e+00 -3.8136e+00 -2.6398e+00 -7.2829e-01 +2.2655e+00 +3.4939e+00
14392 +2.459624396e+00 +2.459624396e+00 +9.496962440e+01 +9.496962440e+01 +1.5271e+00 -3.3127e+00 -1.0288e-01 -1.4900e+00 +1.4227e-01 -2.2420e-01 +8.9115e-01 +9.5631e-01 -4.9228e-01 +3.7377e+00 -9.3838e-01 -2.2637e+00 +4.4762e+00 -3.2529e+00 -2.2029e+00 -3.9127e+00 -2.9663e+00 -5.1640e-01 +2.2912e+00 +3.2309e+00
% function evaluation | noise-free fitness - Fopt (1.660100000000e+02) | best noise-free fitness - Fopt | measured fitness | best measured fitness | x1 | x2...
1 +8.225471489e+01 +8.225471489e+01 +2.482647149e+02 +2.482647149e+02 +6.0562e-03 +2.5810e+00 -1.8022e+00 -5.3102e-01 +1.9620e+00 -3.3081e+00 -3.4994e+00 -1.0956e-01 +1.2185e+00 -5.2883e-01 +4.6900e-01 -3.1163e+00 -8.2832e-01 +3.2703e+00 +1.8673e-01 +3.5264e+00 +8.4224e-02 +1.3866e+00 -2.5517e+00 +1.9413e+00
1672 +6.236414036e+01 +6.236414036e+01 +2.283741404e+02 +2.283741404e+02 -8.8513e-01 +7.7806e-01 -1.6782e+00 +8.3178e-01 +2.1789e+00 -2.8222e+00 +1.5181e+00 +2.2396e+00 +2.3914e+00 -3.6365e+00 -9.9847e-01 -1.1441e+00 +2.8801e+00 +3.0434e-01 +2.9823e+00 +2.8620e-01 +3.0611e+00 -9.9972e-01 +8.7953e-01 -1.2862e+00
3961 +3.980100580e+01 +3.980100580e+01 +2.058110058e+02 +2.058110058e+02 -1.4267e+00 +9.4658e-01 -1.3575e+00 +5.6327e-01 +2.1535e+00 -3.5389e+00 +1.3517e+00 +2.7449e+00 +1.8884e+00 -3.6234e+00 -1.4851e+00 -1.4612e+00 +3.1084e+00 -5.3387e-02 +3.3162e+00 +3.1308e-01 +3.0092e+00 -1.0878e+00 +4.5515e-01 -9.4267e-01
5600 +2.511724524e+01 +2.511724524e+01 +1.911272452e+02 +1.911272452e+02 -1.6344e+00 +1.4450e+00 -1.2189e+00 +6.5155e-01 +2.2957e+00 -3.8279e+00 +1.3201e+00 +2.8357e+00 +1.6047e+00 -3.3605e+00 -1.6325e+00 -1.9152e+00 +3.0861e+00 +1.8453e-01 +3.2776e+00 +1.6703e-01 +2.4970e+00 -9.1869e-01 -1.2438e-01 -7.4258e-01
7702 +1.562423216e+01 +1.562423216e+01 +1.816342322e+02 +1.816342322e+02 -1.6805e+00 +1.3673e+00 -1.2400e+00 +6.8144e-01 +2.0043e+00 -3.8361e+00 +1.2950e+00 +3.1634e+00 +8.3724e-01 -2.8902e+00 -1.9029e+00 -2.2272e+00 +2.9260e+00 +3.7817e-01 +3.1425e+00 +1.2274e-01 +1.9550e+00 -8.5846e-01 -5.2310e-01 -6.7745e-01
8742 +9.988145622e+00 +9.988145622e+00 +1.759981456e+02 +1.759981456e+02 -1.6200e+00 +1.8518e+00 -1.0692e+00 +3.8795e-01 +1.8806e+00 -3.8079e+00 +1.1960e+00 +3.2234e+00 +4.9750e-01 -2.7625e+00 -2.3251e+00 -2.3910e+00 +2.9732e+00 +7.3281e-01 +3.0493e+00 +3.9209e-02 +1.7674e+00 -6.6582e-01 -8.3649e-01 -5.3541e-01
10856 +6.307250462e+00 +6.307250462e+00 +1.723172505e+02 +1.723172505e+02 -1.3133e+00 +1.6225e+00 -1.2205e+00 +3.9564e-01 +1.7474e+00 -3.7570e+00 +1.0552e+00 +3.1920e+00 +7.8483e-02 -2.1332e+00 -2.6813e+00 -2.6868e+00 +2.3404e+00 +1.0169e+00 +3.0124e+00 +2.0231e-02 +1.4767e+00 -3.5878e-01 -1.0140e+00 -3.7876e-01
11633 +3.844203325e+00 +3.844203325e+00 +1.698542033e+02 +1.698542033e+02 -1.5858e+00 +1.8319e+00 -9.4108e-01 +2.9951e-01 +1.5208e+00 -3.6896e+00 +1.3259e+00 +3.2815e+00 -3.0344e-01 -2.0096e+00 -2.7263e+00 -2.9160e+00 +2.1758e+00 +1.1212e+00 +2.9337e+00 -3.9527e-02 +1.4001e+00 -4.5200e-01 -1.1373e+00 -2.9722e-01
12493 +2.382302165e+00 +2.382302165e+00 +1.683923022e+02 +1.683923022e+02 -1.4668e+00 +1.8444e+00 -9.4977e-01 +1.3814e-01 +1.4699e+00 -3.5726e+00 +1.3627e+00 +3.3212e+00 -4.9618e-01 -1.8958e+00 -2.9275e+00 -3.2818e+00 +2.1389e+00 +9.1677e-01 +2.9574e+00 -1.0517e-01 +1.3907e+00 -3.6481e-01 -1.3677e+00 -1.5710e-01
14133 +1.497691883e+00 +1.497691883e+00 +1.675076919e+02 +1.675076919e+02 -1.5355e+00 +1.8751e+00 -1.1839e+00 -2.0660e-02 +1.2752e+00 -3.5446e+00 +1.7774e+00 +3.4822e+00 -7.2518e-01 -1.4980e+00 -3.3192e+00 -3.4535e+00 +1.6862e+00 +1.2597e+00 +3.1914e+00 -1.3104e-01 +1.0651e+00 -3.2280e-01 -1.6510e+00 +2.2254e-01
14531 +9.951205540e-01 +9.951205540e-01 +1.670051206e+02 +1.670051206e+02 -1.5154e+00 +1.7259e+00 -1.1779e+00 -2.5227e-01 +1.2663e+00 -3.7112e+00 +1.7587e+00 +3.5007e+00 -6.1609e-01 -1.4661e+00 -3.3093e+00 -3.4921e+00 +1.6286e+00 +1.3298e+00 +3.1809e+00 -2.2659e-01 +8.5211e-01 -2.3783e-01 -1.6621e+00 +2.5919e-01
14793 +6.106635460e-01 +6.106635460e-01 +1.666206635e+02 +1.666206635e+02 -1.4520e+00 +1.7331e+00 -1.0991e+00 -2.8079e-01 +1.2101e+00 -3.7601e+00 +1.6639e+00 +3.4667e+00 -7.6853e-01 -1.3212e+00 -3.4701e+00 -3.5345e+00 +1.4853e+00 +1.3650e+00 +3.0963e+00 -2.1313e-01 +8.0223e-01 -1.3977e-01 -1.6926e+00 +2.5279e-01
16295 +3.950209758e-01 +3.950209758e-01 +1.664050210e+02 +1.664050210e+02 -1.3212e+00 +1.6996e+00 -9.1403e-01 -5.1098e-01 +9.0031e-01 -3.7506e+00 +1.5639e+00 +3.5677e+00 -9.2360e-01 -1.2743e+00 -3.5711e+00 -3.5977e+00 +1.3264e+00 +1.6757e+00 +2.8813e+00 -2.3872e-01 +2.8698e-01 +2.3455e-02 -1.8513e+00 +5.0882e-01
16900 +2.381342760e-01 +2.381342760e-01 +1.662481343e+02 +1.662481343e+02 -1.3575e+00 +1.7525e+00 -1.0193e+00 -4.3374e-01 +8.5490e-01 -3.5837e+00 +1.4082e+00 +3.6331e+00 -9.3651e-01 -1.0138e+00 -3.4836e+00 -3.5924e+00 +1.1128e+00 +1.7291e+00 +3.0526e+00 -1.3245e-02 +1.0215e-01 +6.8552e-02 -1.9295e+00 +6.3634e-01
17413 +1.509025544e-01 +1.509025544e-01 +1.661609026e+02 +1.661609026e+02 -1.1638e+00 +1.8776e+00 -1.2469e+00 -5.3990e-01 +5.8941e-01 -3.6990e+00 +1.5285e+00 +3.7431e+00 -1.0453e+00 -1.0369e+00 -3.4660e+00 -3.4731e+00 +9.3902e-01 +1.8458e+00 +2.8390e+00 +3.7897e-02 -1.8207e-02 +2.8352e-02 -1.9734e+00 +8.3513e-01
18675 +7.972411182e-02 +7.972411182e-02 +1.660897241e+02 +1.660897241e+02 -1.2081e+00 +1.8120e+00 -1.1653e+00 -5.5149e-01 +4.6454e-01 -3.4773e+00 +1.5801e+00 +3.5879e+00 -1.1168e+00 -8.2956e-01 -3.6323e+00 -3.6526e+00 +7.2564e-01 +1.5629e+00 +2.9971e+00 -3.2393e-01 -2.0523e-01 -3.3379e-02 -2.0115e+00 +1.0188e+00
19056 +5.856624857e-02 +5.856624857e-02 +1.660685662e+02 +1.660685662e+02 -1.2291e+00 +1.7034e+00 -1.2507e+00 -5.3440e-01 +2.9107e-01 -3.5954e+00 +1.6003e+00 +3.6590e+00 -1.0110e+00 -9.1103e-01 -3.5596e+00 -3.5671e+00 +7.4184e-01 +1.5026e+00 +2.9233e+00 -1.6556e-01 -2.4480e-01 +4.8424e-02 -2.0350e+00 +1.0629e+00
19911 +3.856090571e-02 +3.856090571e-02 +1.660485609e+02 +1.660485609e+02 -1.1659e+00 +1.5996e+00 -1.1060e+00 -5.2950e-01 +2.3940e-01 -3.7584e+00 +1.5816e+00 +3.5668e+00 -1.0388e+00 -1.0288e+00 -3.4719e+00 -3.8176e+00 +5.3591e-01 +1.4618e+00 +2.7505e+00 -1.7088e-01 -4.0988e-01 +1.5389e-01 -2.0452e+00 +1.1383e+00
20449 +2.237099522e-02 +2.237099522e-02 +1.660323710e+02 +1.660323710e+02 -1.2922e+00 +1.6458e+00 -1.1444e+00 -6.6476e-01 +6.5389e-02 -3.6255e+00 +1.6268e+00 +3.6137e+00 -9.6702e-01 -7.8163e-01 -3.4624e+00 -3.7883e+00 +4.7090e-01 +1.5655e+00 +2.8975e+00 -1.7165e-01 -5.2098e-01 +7.0698e-02 -2.2315e+00 +1.1444e+00
20568 +1.562722945e-02 +1.562722945e-02 +1.660256272e+02 +1.660256272e+02 -1.3549e+00 +1.6174e+00 -1.2392e+00 -6.5801e-01 +1.4682e-01 -3.5462e+00 +1.6231e+00 +3.5990e+00 -9.7818e-01 -7.5019e-01 -3.4866e+00 -3.8351e+00 +3.8621e-01 +1.5784e+00 +2.8132e+00 -1.4829e-01 -5.6517e-01 +6.0559e-02 -2.1336e+00 +1.1512e+00
21431 +9.671054594e-03 +9.671054594e-03 +1.660196711e+02 +1.660196711e+02 -1.3075e+00 +1.7280e+00 -1.0662e+00 -5.4218e-01 -4.7747e-03 -3.6762e+00 +1.6051e+00 +3.6667e+00 -9.1575e-01 -6.6396e-01 -3.6508e+00 -3.8883e+00 +1.8871e-01 +1.4720e+00 +2.7831e+00 -8.9498e-02 -7.2794e-01 +1.9815e-01 -2.2412e+00 +1.0673e+00
22347 +4.893295634e-03 +4.893295634e-03 +1.660148933e+02 +1.660148933e+02 -1.3714e+00 +1.4685e+00 -1.0932e+00 -6.8488e-01 -2.5057e-01 -3.5748e+00 +1.5106e+00 +3.5636e+00 -1.1951e+00 -5.8024e-01 -3.5903e+00 -3.9936e+00 +9.6635e-02 +1.4111e+00 +2.7706e+00 -4.6578e-02 -8.8415e-01 +1.5924e-01 -2.2115e+00 +1.2254e+00
22811 +3.783714629e-03 +3.783714629e-03 +1.660137837e+02 +1.660137837e+02 -1.4644e+00 +1.4740e+00 -1.0916e+00 -7.0882e-01 -3.6583e-01 -3.5550e+00 +1.5206e+00 +3.6193e+00 -1.1788e+00 -4.8956e-01 -3.6489e+00 -3.9426e+00 +1.6713e-01 +1.5756e+00 +2.7243e+00 +1.4685e-02 -1.0062e+00 +1.5538e-01 -2.1594e+00 +1.1643e+00
24582 +1.715311611e-03 +1.715311611e-03 +1.660117153e+02 +1.660117153e+02 -1.4880e+00 +1.5825e+00 -1.0932e+00 -6.8723e-01 -3.1494e-01 -3.5248e+00 +1.6147e+00 +3.7107e+00 -1.0161e+00 -5.4714e-01 -3.5749e+00 -4.0090e+00 -1.7247e-01 +1.6226e+00 +2.7550e+00 +4.7674e-02 -1.1272e+00 +7.9983e-02 -2.3066e+00 +1.4149e+00
24710 +1.297841485e-03 +1.297841485e-03 +1.660112978e+02 +1.660112978e+02 -1.5627e+00 +1.5799e+00 -1.0744e+00 -5.9545e-01 -2.4590e-01 -3.5052e+00 +1.6766e+00 +3.6603e+00 -1.0689e+00 -5.4291e-01 -3.6096e+00 -4.0786e+00 -2.6287e-01 +1.6951e+00 +2.8119e+00 +1.4588e-01 -1.2053e+00 +8.1535e-02 -2.3198e+00 +1.3242e+00
25093 +9.471818355e-04 +9.471818355e-04 +1.660109472e+02 +1.660109472e+02 -1.4698e+00 +1.7192e+00 -1.1128e+00 -8.2547e-01 -2.2857e-01 -3.5122e+00 +1.5779e+00 +3.6520e+00 -1.3190e+00 -5.9356e-01 -3.6623e+00 -3.9639e+00 -1.6972e-01 +1.5317e+00 +2.6903e+00 +1.2001e-02 -1.2204e+00 +1.3627e-01 -2.2382e+00 +1.3974e+00
28125 +3.237893346e-04 +3.237893346e-04 +1.660103238e+02 +1.660103238e+02 -1.5909e+00 +1.5692e+00 -1.2873e+00 -7.6459e-01 -3.6333e-01 -3.3535e+00 +1.5567e+00 +3.6198e+00 -1.1931e+00 -4.5909e-01 -3.8141e+00 -3.9684e+00 -2.1901e-01 +1.7018e+00 +2.9455e+00 +2.0251e-01 -1.4407e+00 -1.3793e-02 -2.2446e+00 +1.4913e+00
% function evaluation | noise-free fitness - Fopt (2.147600000000e+02) | best noise-free fitness - Fopt | measured fitness | best measured fitness | x1 | x2...
1 +8.517401403e+01 +8.517401403e+01 +2.999340140e+02 +2.999340140e+02 +4.8337e-01 -2.4602e+00 -2.0946e+00 +1.4852e+00 -1.4542e+00 -5.0560e-01 +5.7263e-01 -8.8310e-01 -2.8705e+00 +3.5145e+00 -1.3480e+00 -1.1018e+00 -6.8990e-01 +2.1663e+00 -3.4042e+00 +9.7562e-01 +2.1524e+00 +3.8075e+00 +1.2161e+00 +3.4517e+00
725 +6.272352741e+01 +6.272352741e+01 +2.774835274e+02 +2.774835274e+02 +4.0157e+00 +8.6503e-01 -3.4705e+00 +7.6431e-01 -1.6643e+00 +3.8649e+00 -3.3433e+00 +2.8993e-01 -1.1881e+00 +3.4056e+00 -2.6903e+00 +2.8084e+00 +1.1562e+00 -2.4151e+00 -2.1713e+00 -6.2492e-02 -1.4127e+00 -4.1613e+00 -1.5006e+00 -4.0201e-01
4002 +3.874417094e+01 +3.874417094e+01 +2.535041709e+02 +2.535041709e+02 +3.0075e+00 +6.9866e-01 -3.1353e+00 +1.6073e+00 -1.4572e+00 +3.4715e+00 -3.6149e+00 +1.1115e+00 -3.9324e-01 +2.9077e+00 -1.8060e+00 +2.7042e+00 +1.3815e+00 -1.9837e+00 -1.4534e+00 -2.5646e-01 -1.0470e+00 -3.9882e+00 -1.4145e+00 -7.1408e-01
6296 +2.509109230e+01 +2.509109230e+01 +2.398510923e+02 +2.398510923e+02 +8.1700e-01 +1.3575e+00 -1.6216e+00 +2.9511e+00 -2.1990e+00 +1.4397e+00 +7.4705e-01 -3.5663e-01 +9.3573e-01 -7.9349e-01 -2.8205e+00 -2.5503e+00 +3.6655e-01 +7.1853e-02 -2.3059e+00 +6.1942e-01 +1.4576e+00 -2.5172e+00 +2.4759e+00 +5.2475e-01
8056 +1.554354708e+01 +1.554354708e+01 +2.303035471e+02 +2.303035471e+02 +1.7147e-01 +1.6751e+00 -1.5744e+00 +3.1189e+00 -2.2081e+00 +1.5452e+00 +6.1609e-01 -3.6475e-01 +7.2566e-01 -7.8773e-01 -2.8247e+00 -2.6189e+00 +6.7612e-01 +4.1414e-01 -1.9714e+00 +7.6939e-01 +9.8633e-01 -2.8007e+00 +2.5940e+00 +5.9196e-01
9438 +9.682473320e+00 +9.682473320e+00 +2.244424733e+02 +2.244424733e+02 -5.0026e-02 +1.7942e+00 -1.7830e+00 +3.5015e+00 -2.4846e+00 +1.6380e+00 +4.9882e-01 -3.3725e-01 +5.9881e-01 -1.1583e+00 -3.1206e+00 -2.7520e+00 +8.3100e-01 +5.4644e-01 -1.8806e+00 +8.2225e-01 +6.4836e-01 -2.9241e+00 +2.7960e+00 +6.7294e-01
10819 +6.266526917e+00 +6.266526917e+00 +2.210265269e+02 +2.210265269e+02 -5.2230e-01 +1.9604e+00 -1.8023e+00 +3.4880e+00 -2.8951e+00 +1.9425e+00 +7.2530e-01 -8.3658e-02 +6.5556e-01 -1.3011e+00 -2.8857e+00 -2.8210e+00 +1.0488e+00 +8.5306e-01 -1.7340e+00 +8.5398e-01 +4.2774e-01 -3.1540e+00 +3.0741e+00 +7.7962e-01
11605 +3.946725750e+00 +3.946725750e+00 +2.187067258e+02 +2.187067258e+02 -5.7378e-01 +2.2385e+00 -1.8588e+00 +3.4470e+00 -2.8057e+00 +2.0854e+00 +5.5907e-01 +1.7270e-02 +5.2355e-01 -1.3376e+00 -2.7133e+00 -2.9052e+00 +1.1628e+00 +1.0354e+00 -1.5176e+00 +8.1187e-01 +3.1603e-01 -3.1946e+00 +3.1906e+00 +8.2550e-01
12456 +2.471543409e+00 +2.471543409e+00 +2.172315434e+02 +2.172315434e+02 -9.6888e-01 +2.2566e+00 -1.8344e+00 +3.6595e+00 -2.8182e+00 +2.1102e+00 +3.9047e-01 +1.3949e-01 +6.6727e-01 -1.5483e+00 -2.7342e+00 -2.6230e+00 +1.0969e+00 +1.1645e+00 -1.3594e+00 +7.0323e-01 +5.5614e-02 -3.2624e+00 +3.0014e+00 +8.9719e-01
14227 +1.539335111e+00 +1.539335111e+00 +2.162993351e+02 +2.162993351e+02 -1.4453e+00 +2.5194e+00 -1.9684e+00 +3.7022e+00 -2.9569e+00 +2.2966e+00 +1.8616e-01 +4.6430e-01 +3.1994e-01 -1.8096e+00 -2.6697e+00 -2.4911e+00 +1.5526e+00 +1.6564e+00 -1.2487e+00 +9.0548e-01 -1.1693e-01 -3.1448e+00 +2.9483e+00 +1.0941e+00
14618 +9.960485219e-01 +9.960485219e-01 +2.157560485e+02 +2.157560485e+02 -1.4922e+00 +2.6819e+00 -1.8231e+00 +3.8828e+00 -2.9696e+00 +2.4584e+00 +1.0436e-01 +7.1950e-01 +4.0556e-01 -1.9505e+00 -2.4305e+00 -2.6634e+00 +1.4695e+00 +1.6660e+00 -1.2454e+00 +9.3591e-01 -1.9459e-01 -3.2315e+00 +2.9097e+00 +8.0410e-01
14885 +6.259281939e-01 +6.259281939e-01 +2.153859282e+02 +2.153859282e+02 -1.6727e+00 +2.7012e+00 -1.7970e+00 +3.5775e+00 -2.9368e+00 +2.4324e+00 +1.7527e-01 +6.4872e-01 +4.4707e-01 -1.9519e+00 -2.5956e+00 -2.6934e+00 +1.4193e+00 +1.7536e+00 -1.1108e+00 +1.0572e+00 -4.6666e-01 -3.3486e+00 +3.0164e+00 +7.8524e-01
16259 +3.785133456e-01 +3.785133456e-01 +2.151385133e+02 +2.151385133e+02 -1.8114e+00 +2.8263e+00 -1.9142e+00 +3.6508e+00 -3.1749e+00 +2.5272e+00 +2.0845e-01 +7.5950e-01 +2.8522e-01 -1.9837e+00 -2.4250e+00 -2.8247e+00 +1.6270e+00 +1.5521e+00 -7.7552e-01 +1.1727e+00 -6.4564e-01 -3.4139e+00 +3.0409e+00 +8.5987e-01
16990 +2.294550442e-01 +2.294550442e-01 +2.149894550e+02 +2.149894550e+02 -1.9359e+00 +2.8372e+00 -2.0088e+00 +3.7132e+00 -3.3000e+00 +2.4942e+00 +8.7266e-02 +7.2959e-01 +8.2001e-02 -2.2030e+00 -2.3734e+00 -2.9092e+00 +1.5813e+00 +1.4469e+00 -6.5601e-01 +1.3775e+00 -5.9634e-01 -3.2769e+00 +3.2330e+00 +7.5325e-01
17384 +1.545548712e-01 +1.545548712e-01 +2.149145549e+02 +2.149145549e+02 -1.9358e+00 +2.9722e+00 -1.7770e+00 +3.5931e+00 -3.5016e+00 +2.6076e+00 -1.0460e-01 +7.6752e-01 +3.4208e-01 -2.0136e+00 -2.4523e+00 -2.9333e+00 +1.5026e+00 +1.5286e+00 -6.5291e-01 +1.2402e+00 -7.4156e-01 -3.3085e+00 +3.3121e+00 +7.0280e-01
18245 +9.148815936e-02 +9.148815936e-02 +2.148514882e+02 +2.148514882e+02 -2.0632e+00 +3.0332e+00 -1.7894e+00 +3.7916e+00 -3.5836e+00 +2.5601e+00 -1.8610e-01 +8.1756e-01 +3.6511e-01 -2.1076e+00 -2.4216e+00 -2.8501e+00 +1.6992e+00 +1.4837e+00 -5.1773e-01 +1.3545e+00 -9.5475e-01 -3.4235e+00 +3.1835e+00 +6.0108e-01
18633 +5.603504329e-02 +5.603504329e-02 +2.148160350e+02 +2.148160350e+02 -2.1430e+00 +2.9736e+00 -1.7560e+00 +3.8078e+00 -3.6128e+00 +2.5729e+00 -1.0954e-01 +7.7760e-01 +3.9397e-01 -2.2699e+00 -2.3452e+00 -2.8904e+00 +1.8311e+00 +1.5090e+00 -4.4195e-01 +1.3576e+00 -1.0063e+00 -3.4648e+00 +3.2958e+00 +7.3764e-01
19151 +3.845435029e-02 +3.845435029e-02 +2.147984544e+02 +2.147984544e+02 -2.3061e+00 +3.0088e+00 -1.6489e+00 +3.6197e+00 -3.7119e+00 +2.5997e+00 -2.5333e-01 +6.9407e-01 +5.2840e-01 -2.4926e+00 -2.4572e+00 -2.8687e+00 +1.8929e+00 +1.6653e+00 -2.3267e-01 +1.3507e+00 -1.0925e+00 -3.4546e+00 +3.3422e+00 +7.3354e-01
19411 +1.637180956e-02 +1.637180956e-02 +2.147763718e+02 +2.147763718e+02 -2.4343e+00 +3.2066e+00 -1.5621e+00 +3.5251e+00 -3.7031e+00 +2.6738e+00 -1.9270e-01 +8.8995e-01 +4.5164e-01 -2.4559e+00 -2.2304e+00 -2.8496e+00 +1.9019e+00 +1.4546e+00 -2.2091e-01 +1.2706e+00 -1.1150e+00 -3.6049e+00 +3.4576e+00 +7.0371e-01
19890 +1.336662327e-02 +1.336662327e-02 +2.147733666e+02 +2.147733666e+02 -2.3938e+00 +3.2483e+00 -1.6691e+00 +3.6578e+00 -3.6043e+00 +2.6653e+00 -2.7720e-01 +8.8740e-01 +5.2148e-01 -2.5289e+00 -2.1127e+00 -2.9532e+00 +1.9896e+00 +1.4751e+00 -1.0687e-01 +1.3563e+00 -1.2579e+00 -3.5874e+00 +3.4625e+00 +7.2585e-01
20399 +6.765179118e-03 +6.765179118e-03 +2.147667652e+02 +2.147667652e+02 -2.5032e+00 +3.3461e+00 -1.6734e+00 +3.5489e+00 -3.6083e+00 +2.5846e+00 -1.8827e-01 +8.5193e-01 +5.6640e-01 -2.5065e+00 -2.1119e+00 -2.9554e+00 +2.0454e+00 +1.3526e+00 -5.1408e-02 +1.4688e+00 -1.2931e+00 -3.6398e+00 +3.5002e+00 +6.0423e-01
20526 +6.283559196e-03 +6.283559196e-03 +2.147662836e+02 +2.147662836e+02 -2.4701e+00 +3.3537e+00 -1.6324e+00 +3.6193e+00 -3.5130e+00 +2.6045e+00 -2.5906e-01 +9.3268e-01 +5.3057e-01 -2.5890e+00 -2.1395e+00 -3.0268e+00 +2.1157e+00 +1.3294e+00 +4.2278e-03 +1.4851e+00 -1.3532e+00 -3.5717e+00 +3.5197e+00 +6.0949e-01
21783 +3.709300211e-03 +3.709300211e-03 +2.147637093e+02 +2.147637093e+02 -2.5592e+00 +3.5121e+00 -1.7616e+00 +3.5435e+00 -3.7161e+00 +2.6041e+00 -1.8331e-01 +7.3322e-01 +4.8570e-01 -2.5563e+00 -2.1201e+00 -3.1198e+00 +2.1074e+00 +1.0984e+00 +9.1090e-02 +1.4442e+00 -1.2292e+00 -3.4265e+00 +3.4849e+00 +6.0544e-01
23422 +1.976669063e-03 +1.976669063e-03 +2.147619767e+02 +2.147619767e+02 -2.8976e+00 +3.4227e+00 -1.8133e+00 +3.2774e+00 -3.6123e+00 +2.7376e+00 -1.8522e-01 +8.0669e-01 +6.7036e-01 -2.6349e+00 -2.0456e+00 -3.1700e+00 +2.1794e+00 +1.0478e+00 +3.3189e-01 +1.3930e+00 -1.3774e+00 -3.3874e+00 +3.8279e+00 +5.5649e-01
24288 +1.092997409e-03 +1.092997409e-03 +2.147610930e+02 +2.147610930e+02 -2.8929e+00 +3.3847e+00 -1.7984e+00 +3.1807e+00 -3.6478e+00 +2.5788e+00 -1.7118e-01 +9.5067e-01 +8.1124e-01 -2.7295e+00 -2.0133e+00 -3.2190e+00 +2.3437e+00 +1.0700e+00 +2.5066e-01 +1.4803e+00 -1.5645e+00 -3.4090e+00 +3.8194e+00 +6.2839e-01
27690 +9.267206563e-04 +9.267206563e-04 +2.147609267e+02 +2.147609267e+02 -2.8731e+00 +3.4582e+00 -1.7763e+00 +3.2818e+00 -3.7235e+00 +2.7547e+00 -2.7565e-01 +7.8800e-01 +8.3160e-01 -2.5327e+00 -2.0224e+00 -3.2267e+00 +2.3897e+00 +8.6378e-01 +1.6917e-01 +1.6557e+00 -1.5139e+00 -3.3709e+00 +3.7311e+00 +5.8279e-01
27827 +5.075667550e-04 +5.075667550e-04 +2.147605076e+02 +2.147605076e+02 -2.7886e+00 +3.5115e+00 -1.7452e+00 +3.3334e+00 -3.8181e+00 +2.7603e+00 -2.7742e-01 +7.4780e-01 +7.6874e-01 -2.6141e+00 -1.9488e+00 -3.1541e+00 +2.3522e+00 +9.5315e-01 +1.5650e-01 +1.6085e+00 -1.5663e+00 -3.4580e+00 +3.6969e+00 +5.1629e-01
29858 +3.311821109e-04 +3.311821109e-04 +2.147603312e+02 +2.147603312e+02 -2.6571e+00 +3.5456e+00 -1.7629e+00 +3.2641e+00 -3.7974e+00 +2.8169e+00 -3.5952e-01 +7.1506e-01 +8.9768e-01 -2.5752e+00 -1.8369e+00 -3.2866e+00 +2.6435e+00 +1.0002e+00 +1.0210e-01 +1.5525e+00 -1.4325e+00 -3.4861e+00 +3.6411e+00 +6.9804e-01
% function evaluation | noise-free fitness - Fopt (-6.100000000000e+00) | best noise-free fitness - Fopt | measured fitness | best measured fitness | x1 | x2...
1 +8.205939043e+01 +8.205939043e+01 +7.595939043e+01 +7.595939043e+01 -1.2105e+00 +3.2754e+00 -2.9477e+00 +2.1112e+00 -8.9034e-01 +2.7912e+00 -1.3067e+00 +1.5120e-01 -3.6557e-01 +2.1932e+00 +1.0610e+00 +2.9206e-01 +4.9680e-01 -1.0351e+00 +3.3345e-01 -5.8200e-01 -6.5702e-02 +2.3226e+00 -9.0435e-01 +3.2287e+00
3236 +6.264895073e+01 +6.264895073e+01 +5.654895073e+01 +5.654895073e+01 +2.3148e+00 +1.3187e+00 +2.5581e+00 +2.4440e+00 -2.3630e+00 -2.7225e+00 +7.4432e-01 +1.6996e-02 +2.5613e+00 -2.0084e+00 -1.1257e+00 -4.1905e-01 +2.1287e+00 +3.2820e-01 +1.8816e+00 +3.3166e+00 +3.2723e+00 +4.1720e-01 +2.0111e+00 +1.9484e+00
6116 +3.856755244e+01 +3.856755244e+01 +3.246755244e+01 +3.246755244e+01 +2.7613e+00 +1.9709e+00 +1.7088e+00 +2.1688e+00 -2.2787e+00 -2.7672e+00 +1.3095e+00 -1.2094e-01 +1.4150e+00 -1.9844e+00 -2.7041e-01 +1.6188e-01 +2.4017e+00 +4.2069e-01 +1.7278e+00 +3.3272e+00 +3.3715e+00 +4.1752e-01 +2.1046e+00 +1.7616e+00
8281 +2.486522617e+01 +2.486522617e+01 +1.876522617e+01 +1.876522617e+01 +2.5113e+00 +2.3292e+00 +1.0089e+00 +1.5923e+00 -1.8336e+00 -2.9742e+00 +1.6063e+00 -2.2605e-01 +6.0159e-01 -2.1370e+00 +1.6207e-01 +7.0728e-01 +2.4782e+00 +5.4861e-01 +2.0776e+00 +3.7021e+00 +3.4561e+00 +3.7432e-01 +2.0279e+00 +1.8312e+00
11190 +1.577512691e+01 +1.577512691e+01 +9.675126907e+00 +9.675126907e+00 +2.5156e+00 +1.9296e+00 -1.8434e-01 +1.5174e+00 -1.8550e+00 -2.9062e+00 +1.8722e+00 -4.4934e-01 -2.1481e-01 -2.1556e+00 +8.6029e-01 +1.1232e+00 +2.3991e+00 +3.1382e-01 +2.2335e+00 +4.0051e+00 +3.4231e+00 +6.4598e-01 +2.4114e+00 +1.6788e+00
13014 +9.999536072e+00 +9.999536072e+00 +3.899536072e+00 +3.899536072e+00 +1.1280e+00 -2.5873e+00 -1.5850e+00 +9.4180e-01 +6.9526e-01 +3.2760e+00 -4.4680e+00 -2.4279e+00 -1.6604e-01 +9.3829e-01 -2.3946e+00 -1.3999e+00 +8.4932e-01 -4.4108e+00 +2.6997e+00 -3.0352e+00 +2.6105e+00 +2.3367e+00 -9.8167e-01 +1.4619e+00
% function evaluation | noise-free fitness - Fopt (-5.653000000000e+01) | best noise-free fitness - Fopt | measured fitness | best measured fitness | x1 | x2...
1 +8.445722636e+01 +8.445722636e+01 +2.792722636e+01 +2.792722636e+01 -3.2048e-02 +2.2467e+00 +2.6011e+00 -1.1321e+00 +4.5094e-01 -2.7101e-01 +5.1232e-01 +9.4131e-01 -8.0495e-01 +3.8765e+00 -3.6853e+00 -3.2419e+00 -9.0287e-01 -1.9846e+00 -3.5463e+00 -1.7241e+00 -2.2288e-01 -1.3644e+00 -8.8527e-01 +9.1249e-01
3267 +6.296513934e+01 +6.296513934e+01 +6.435139339e+00 +6.435139339e+00 +1.4336e+00 +1.8893e+00 -1.4261e+00 -3.1886e+00 +1.0911e+00 -3.0394e-01 +2.4367e+00 +9.2201e-01 +2.4169e+00 +1.5529e+00 -8.9250e-01 -1.9254e+00 +5.1683e-01 -2.1325e+00 +1.8158e-01 -3.0424e+00 -1.0821e+00 +1.1486e+00 +2.2320e-01 -2.6548e+00
5775 +3.947635028e+01 +3.947635028e+01 -1.705364972e+01 -1.705364972e+01 -5.4850e-01 +3.9088e+00 -2.5931e+00 +5.3918e-01 -1.2628e+00 -1.7689e+00 -7.8427e-01 +4.8422e-03 +3.0463e+00 +2.2886e+00 -1.2331e+00 +1.9160e+00 +1.0954e+00 -1.5205e+00 +1.3840e+00 -3.3244e-02 -2.6882e+00 -1.8446e+00 +6.2923e-01 +1.5947e+00
7287 +2.495910611e+01 +2.495910611e+01 -3.157089389e+01 -3.157089389e+01 -1.6396e-01 +3.6480e+00 -2.7960e+00 -1.9763e-02 -1.2294e+00 -1.6289e+00 -9.1549e-01 -8.0990e-02 +3.0093e+00 +2.4894e+00 -1.3965e+00 +2.1356e+00 +8.7350e-01 -1.1861e+00 +8.7688e-01 +1.6407e-01 -2.4697e+00 -1.2427e+00 +1.1222e+00 +1.6197e+00
8813 +1.581279590e+01 +1.581279590e+01 -4.071720410e+01 -4.071720410e+01 +2.7980e-01 +3.6049e+00 -3.1288e+00 -5.8421e-01 -1.0248e+00 -1.8714e+00 -9.0477e-01 +2.5244e-01 +2.7631e+00 +2.7758e+00 -1.3535e+00 +2.1815e+00 +8.8825e-01 -1.0065e+00 +4.3241e-01 +2.4591e-01 -2.5078e+00 -1.4186e+00 +1.2940e+00 +1.7301e+00
10174 +9.907751321e+00 +9.907751321e+00 -4.662224868e+01 -4.662224868e+01 +6.2040e-01 +3.6468e+00 -3.2032e+00 -7.9383e-01 -8.4651e-01 -2.2033e+00 -8.9345e-01 +1.6609e-01 +2.8105e+00 +3.1812e+00 -1.6254e+00 +2.1919e+00 +9.2929e-01 -6.5094e-01 +3.4147e-02 +2.8195e-01 -2.4472e+00 -1.6655e+00 +1.5419e+00 +1.7181e+00
11682 +6.168442080e+00 +6.168442080e+00 -5.036155792e+01 -5.036155792e+01 +9.8851e-01 +3.3401e+00 -2.8554e+00 -1.4015e+00 -4.9932e-01 -2.3608e+00 -8.5835e-01 +3.1890e-01 +2.9672e+00 +3.5705e+00 -1.3786e+00 +2.0242e+00 +1.1926e+00 -5.8214e-01 -4.4157e-01 +4.9767e-01 -2.7889e+00 -1.8796e+00 +1.7657e+00 +1.6810e+00
12419 +3.975856830e+00 +3.975856830e+00 -5.255414317e+01 -5.255414317e+01 +9.8352e-01 +3.2335e+00 -2.9838e+00 -1.5934e+00 -3.3094e-01 -2.1337e+00 -6.3280e-01 +3.1566e-01 +2.6792e+00 +3.6079e+00 -1.4003e+00 +1.5145e+00 +1.4982e+00 -5.4665e-01 -5.9613e-01 +3.2122e-01 -2.5381e+00 -1.6964e+00 +1.8853e+00 +1.5072e+00
12933 +2.349043014e+00 +2.349043014e+00 -5.418095699e+01 -5.418095699e+01 +9.5800e-01 +3.5056e+00 -3.2533e+00 -1.7369e+00 -1.9460e-01 -2.1180e+00 -5.4535e-01 +1.5793e-01 +2.8524e+00 +3.2783e+00 -1.5942e+00 +1.5643e+00 +1.4065e+00 -5.0668e-01 -8.4414e-01 +4.7053e-01 -2.7070e+00 -1.8564e+00 +1.8724e+00 +1.6351e+00
14209 +1.558018829e+00 +1.558018829e+00 -5.497198117e+01 -5.497198117e+01 +1.3400e+00 +3.3292e+00 -3.2323e+00 -2.1662e+00 +3.1981e-01 -2.2026e+00 -6.5220e-01 +1.4698e-01 +2.8254e+00 +3.2005e+00 -1.6539e+00 +1.7632e+00 +1.5074e+00 -5.9733e-01 -1.2872e+00 +4.4964e-01 -2.6155e+00 -2.0384e+00 +1.8817e+00 +1.6679e+00
14702 +8.300605541e-01 +8.300605541e-01 -5.569993945e+01 -5.569993945e+01 +1.3086e+00 +3.3033e+00 -3.1601e+00 -2.3458e+00 +3.2774e-01 -2.0456e+00 -6.4602e-01 +9.7717e-02 +3.0616e+00 +3.2202e+00 -1.6844e+00 +1.7746e+00 +1.5605e+00 -3.4359e-01 -1.4692e+00 +1.3509e-01 -2.7681e+00 -2.1795e+00 +1.9993e+00 +1.5898e+00
15190 +6.176987144e-01 +6.176987144e-01 -5.591230129e+01 -5.591230129e+01 +1.4843e+00 +3.2152e+00 -3.1650e+00 -2.4049e+00 +3.1167e-01 -2.0822e+00 -7.1032e-01 +1.9550e-01 +2.8253e+00 +3.2754e+00 -1.7843e+00 +1.5938e+00 +1.6003e+00 -3.4086e-01 -1.5147e+00 +3.0993e-01 -2.8816e+00 -2.1584e+00 +1.8735e+00 +1.6140e+00
16215 +3.961998283e-01 +3.961998283e-01 -5.613380017e+01 -5.613380017e+01 +2.0010e+00 +3.3234e+00 -3.3431e+00 -2.9051e+00 +4.4694e-01 -2.0338e+00 -5.0655e-01 +1.7745e-01 +2.6441e+00 +3.1032e+00 -2.1857e+00 +1.5710e+00 +1.3722e+00 -2.8758e-01 -1.6728e+00 +2.1806e-01 -2.9459e+00 -2.3534e+00 +1.8373e+00 +1.7174e+00
16945 +2.060737030e-01 +2.060737030e-01 -5.632392630e+01 -5.632392630e+01 +1.8784e+00 +3.1563e+00 -3.2255e+00 -3.0102e+00 +5.9225e-01 -2.0659e+00 -3.4297e-01 +1.1569e-01 +2.8062e+00 +3.0612e+00 -2.1803e+00 +1.5012e+00 +1.3412e+00 -3.9954e-01 -1.8153e+00 +2.1641e-01 -2.9955e+00 -2.3455e+00 +1.7983e+00 +1.7534e+00
17227 +1.516506418e-01 +1.516506418e-01 -5.637834936e+01 -5.637834936e+01 +2.1522e+00 +3.3245e+00 -3.3617e+00 -3.0232e+00 +5.5235e-01 -2.1987e+00 -5.6664e-01 +1.3214e-01 +2.8931e+00 +3.0195e+00 -2.2080e+00 +1.3369e+00 +1.3687e+00 -3.2405e-01 -1.9755e+00 +3.4588e-01 -3.1085e+00 -2.3337e+00 +1.9606e+00 +1.7859e+00
18217 +8.795965376e-02 +8.795965376e-02 -5.644204035e+01 -5.644204035e+01 +2.0599e+00 +3.2445e+00 -3.3609e+00 -3.3897e+00 +5.5828e-01 -2.1692e+00 -3.4846e-01 +2.3297e-01 +2.9956e+00 +2.7678e+00 -2.0276e+00 +1.2922e+00 +1.4051e+00 -1.3047e-01 -2.0204e+00 +2.9377e-01 -3.1234e+00 -2.4214e+00 +1.6986e+00 +1.6144e+00
18461 +6.090603882e-02 +6.090603882e-02 -5.646909396e+01 -5.646909396e+01 +2.1830e+00 +3.4017e+00 -3.3727e+00 -3.4459e+00 +5.1878e-01 -2.3578e+00 -3.9273e-01 +1.6834e-01 +2.9755e+00 +2.6841e+00 -2.2288e+00 +1.2330e+00 +1.4054e+00 -4.0403e-01 -2.0857e+00 +5.0411e-01 -3.3260e+00 -2.3411e+00 +1.7136e+00 +1.6729e+00
19107 +3.972988073e-02 +3.972988073e-02 -5.649027012e+01 -5.649027012e+01 +2.1388e+00 +3.2457e+00 -3.4789e+00 -3.4649e+00 +7.3049e-01 -2.0599e+00 -2.7893e-01 +2.1938e-01 +3.0242e+00 +2.5598e+00 -2.0964e+00 +1.2644e+00 +1.3572e+00 -2.3410e-01 -2.2993e+00 +3.1765e-01 -3.1958e+00 -2.4841e+00 +1.6200e+00 +1.4805e+00
19258 +1.925236150e-02 +1.925236150e-02 -5.651074764e+01 -5.651074764e+01 +2.4034e+00 +3.3940e+00 -3.5666e+00 -3.3635e+00 +5.7888e-01 -1.9963e+00 -2.9474e-01 +2.2843e-01 +3.1049e+00 +2.4816e+00 -2.0016e+00 +1.2314e+00 +1.2453e+00 -2.6257e-01 -2.3168e+00 +4.4495e-01 -3.2763e+00 -2.3663e+00 +1.4896e+00 +1.5714e+00
19968 +1.391000737e-02 +1.391000737e-02 -5.651608999e+01 -5.651608999e+01 +2.4933e+00 +3.3524e+00 -3.5810e+00 -3.3970e+00 +7.1921e-01 -2.0106e+00 -3.6859e-01 +2.8033e-01 +3.0779e+00 +2.3992e+00 -2.1041e+00 +1.2267e+00 +1.1499e+00 -2.5123e-01 -2.4324e+00 +4.4142e-01 -3.4436e+00 -2.4973e+00 +1.4066e+00 +1.5504e+00
20501 +7.164729818e-03 +7.164729818e-03 -5.652283527e+01 -5.652283527e+01 +2.6353e+00 +3.2230e+00 -3.5337e+00 -3.5273e+00 +8.5667e-01 -2.0076e+00 -1.9120e-01 +2.0435e-01 +3.0752e+00 +2.4555e+00 -2.1767e+00 +1.1654e+00 +9.8252e-01 -3.0086e-01 -2.3867e+00 +5.4169e-01 -3.4805e+00 -2.6871e+00 +1.3398e+00 +1.6294e+00
20623 +4.932970076e-03 +4.932970076e-03 -5.652506703e+01 -5.652506703e+01 +2.6900e+00 +3.2434e+00 -3.5703e+00 -3.5742e+00 +7.5992e-01 -1.9583e+00 -2.2087e-01 +2.2224e-01 +3.1644e+00 +2.5119e+00 -2.2157e+00 +1.2598e+00 +1.0626e+00 -2.9143e-01 -2.4145e+00 +5.0992e-01 -3.5653e+00 -2.6763e+00 +1.3880e+00 +1.6435e+00
20882 +3.820038828e-03 +3.820038828e-03 -5.652617996e+01 -5.652617996e+01 +2.8512e+00 +3.3871e+00 -3.5576e+00 -3.6452e+00 +6.8622e-01 -1.8571e+00 -1.9862e-01 +3.7015e-01 +3.2877e+00 +2.3502e+00 -1.9767e+00 +1.1261e+00 +1.1241e+00 -2.2949e-01 -2.5236e+00 +5.8907e-01 -3.5588e+00 -2.8067e+00 +1.3196e+00 +1.6749e+00
21874 +1.237636794e-03 +1.237636794e-03 -5.652876236e+01 -5.652876236e+01 +2.9557e+00 +3.3057e+00 -3.7351e+00 -3.7026e+00 +9.4127e-01 -2.1130e+00 -3.3561e-01 +3.4291e-01 +3.2238e+00 +2.2756e+00 -2.1380e+00 +1.0581e+00 +9.8305e-01 -2.3766e-01 -2.6850e+00 +4.9037e-01 -3.6454e+00 -2.8686e+00 +1.2799e+00 +1.5510e+00
22405 +9.902171241e-04 +9.902171241e-04 -5.652900978e+01 -5.652900978e+01 +3.0405e+00 +3.2057e+00 -3.5100e+00 -3.9042e+00 +9.0314e-01 -1.9121e+00 -2.1030e-01 +3.8374e-01 +3.3428e+00 +2.2327e+00 -2.2615e+00 +9.4159e-01 +9.8325e-01 -2.4488e-01 -2.5606e+00 +4.7693e-01 -3.6377e+00 -2.8528e+00 +1.3313e+00 +1.7319e+00
23255 +5.883729888e-04 +5.883729888e-04 -5.652941163e+01 -5.652941163e+01 +3.0776e+00 +3.3422e+00 -3.4975e+00 -3.6389e+00 +8.9418e-01 -2.0622e+00 -2.1492e-01 +2.6202e-01 +3.3411e+00 +2.1894e+00 -2.1501e+00 +9.6326e-01 +9.3050e-01 -3.0533e-01 -2.7092e+00 +5.3368e-01 -3.6203e+00 -2.8982e+00 +1.2432e+00 +1.6946e+00
27514 +3.355103330e-04 +3.355103330e-04 -5.652966449e+01 -5.652966449e+01 +3.0908e+00 +3.5300e+00 -3.2971e+00 -3.7454e+00 +9.1758e-01 -2.1132e+00 -1.9282e-01 +2.8392e-01 +3.3260e+00 +2.1153e+00 -2.3025e+00 +9.4640e-01 +8.4362e-01 -3.4173e-01 -2.6080e+00 +6.9958e-01 -3.4886e+00 -2.8453e+00 +1.3385e+00 +1.7936e+00
% function evaluation | noise-free fitness - Fopt (-8.703600000000e+02) | best noise-free fitness - Fopt | measured fitness | best measured fitness | x1 | x2...
1 +8.458913579e+01 +8.458913579e+01 -7.857708642e+02 -7.857708642e+02 +3.0820e+00 -2.2195e+00 -2.3900e+00 +3.9303e+00 +8.2305e-01 +3.3117e+00 +3.0188e+00 +4.4657e-01 -4.8102e-01 +1.9175e+00 -6.3830e-01 -2.4091e+00 +2.3540e+00 -2.5517e+00 +2.7564e+00 -4.4709e-01 -1.4695e+00 -3.7671e-01 -1.2454e+00 +2.1071e+00
3747 +6.250709729e+01 +6.250709729e+01 -8.078529027e+02 -8.078529027e+02 +1.0053e+00 +2.2132e+00 +1.5020e+00 +6.2031e-01 +3.5197e+00 -1.9899e+00 +2.9666e+00 -3.3469e+00 +2.5428e+00 +3.0911e+00 -3.2038e+00 +8.6210e-01 +1.0540e+00 -8.7889e-01 +1.1440e+00 -9.3460e-01 -1.1719e+00 +3.2872e+00 +5.2608e-01 -3.1558e+00
6243 +3.967558088e+01 +3.967558088e+01 -8.306844191e+02 -8.306844191e+02 +7.1435e-01 +1.3435e+00 +1.4896e+00 +5.7891e-01 +3.7444e+00 -1.2217e+00 +3.3221e+00 -3.0450e+00 +2.4342e+00 +2.3719e+00 -3.3205e+00 +1.4083e+00 +1.2226e+00 -8.7595e-01 +6.9849e-01 -1.3166e+00 -7.7108e-01 +3.3612e+00 +6.7890e-01 -3.5096e+00
8011 +2.438263532e+01 +2.438263532e+01 -8.459773647e+02 -8.459773647e+02 +2.6319e-01 +7.0874e-01 +1.6476e+00 +6.6730e-01 +3.6679e+00 -7.4862e-01 +3.2991e+00 -3.0028e+00 +2.4705e+00 +1.8979e+00 -3.3069e+00 +1.4472e+00 +1.0226e+00 -8.9397e-01 +3.2075e-01 -1.4837e+00 -5.6246e-01 +3.2781e+00 +5.3290e-01 -4.0170e+00
9522 +1.574671066e+01 +1.574671066e+01 -8.546132893e+02 -8.546132893e+02 +3.6170e-02 +3.6689e-01 +1.9105e+00 +4.9673e-01 +4.0452e+00 -3.5142e-01 +3.1920e+00 -3.3710e+00 +2.3640e+00 +2.0196e+00 -3.5593e+00 +1.7066e+00 +1.3446e+00 -1.4006e+00 +1.5070e-01 -1.7616e+00 -4.0211e-01 +3.1108e+00 +3.2887e-01 -4.1334e+00
10641 +9.719056444e+00 +9.719056444e+00 -8.606409436e+02 -8.606409436e+02 -8.4890e-02 -3.1526e-03 +1.6791e+00 +9.6495e-01 +4.2182e+00 +4.8821e-02 +3.0742e+00 -3.2843e+00 +2.3401e+00 +1.6491e+00 -3.8436e+00 +2.0703e+00 +1.3726e+00 -1.5918e+00 -6.4088e-02 -1.8910e+00 -3.0250e-01 +3.4022e+00 -2.1114e-03 -4.1483e+00
12163 +6.054492380e+00 +6.054492380e+00 -8.643055076e+02 -8.643055076e+02 -2.7703e-01 -3.7916e-01 +2.1783e+00 +9.1453e-01 +3.9165e+00 +2.4494e-01 +3.0898e+00 -3.4255e+00 +2.1049e+00 +1.4184e+00 -3.8748e+00 +2.2828e+00 +1.2654e+00 -1.9726e+00 -2.3834e-01 -2.0174e+00 -1.5486e-01 +3.2555e+00 -2.7574e-01 -4.3720e+00
12815 +3.897221496e+00 +3.897221496e+00 -8.664627785e+02 -8.664627785e+02 -4.4884e-01 -4.5145e-01 +2.3529e+00 +8.9535e-01 +3.6907e+00 +4.7340e-01 +3.1887e+00 -3.5605e+00 +2.0024e+00 +1.1999e+00 -3.9566e+00 +2.5373e+00 +1.0277e+00 -1.9726e+00 -5.1000e-01 -2.1864e+00 +6.4430e-03 +3.2582e+00 -5.9045e-01 -4.3707e+00
13668 +2.468523325e+00 +2.468523325e+00 -8.678914767e+02 -8.678914767e+02 -6.2726e-01 -5.9028e-01 +2.0974e+00 +6.2971e-01 +3.5971e+00 +5.3890e-01 +3.3704e+00 -3.6921e+00 +2.1408e+00 +8.9137e-01 -4.0195e+00 +2.3690e+00 +1.2669e+00 -2.3662e+00 -2.9631e-01 -2.3524e+00 -1.0331e-01 +3.3535e+00 -6.2026e-01 -4.4372e+00
