% function evaluation | noise-free fitness - Fopt (-5.494000000000e+01) | best noise-free fitness - Fopt | measured fitness | best measured fitness | x1 | x2...
1 +4.302322672e+05 +4.302322672e+05 +4.301773272e+05 +4.301773272e+05 +2.2107e+00 -2.4636e-01 +1.8553e+00
2 +2.261189702e+05 +2.261189702e+05 +2.260640302e+05 +2.260640302e+05 -3.4733e+00 -1.3629e-01 +7.0971e-01
11 +9.305255768e+04 +9.305255768e+04 +9.299761768e+04 +9.299761768e+04 +5.6438e-01 -1.4926e+00 -1.3898e+00
20 +3.168745989e+04 +3.168745989e+04 +3.163251989e+04 +3.163251989e+04 +3.4777e+00 -2.1801e+00 -1.1461e+00
52 +1.539576046e+04 +1.539576046e+04 +1.534082046e+04 +1.534082046e+04 -2.5734e-01 -1.3408e+00 +1.0737e-01
72 +3.063143795e+03 +3.063143795e+03 +3.008203795e+03 +3.008203795e+03 -1.9970e-01 -1.2607e+00 +9.6666e-02
210 +1.382682107e+03 +1.382682107e+03 +1.327742107e+03 +1.327742107e+03 -1.0771e+00 -1.8217e+00 -1.9939e+00
345 +6.469024666e+02 +6.469024666e+02 +5.919624666e+02 +5.919624666e+02 -1.0771e+00 -1.7728e+00 -1.8973e+00
347 +3.473142773e+02 +3.473142773e+02 +2.923742773e+02 +2.923742773e+02 -1.1478e+00 -1.8052e+00 -2.0695e+00
767 +1.280309430e+02 +1.280309430e+02 +7.309094304e+01 +7.309094304e+01 -1.9396e+00 -3.9712e-01 +2.0698e+00
1858 +3.946055833e+01 +3.946055833e+01 -1.547944167e+01 -1.547944167e+01 -1.5544e+00 -1.6982e+00 -1.9102e+00
2372 +1.546796102e+01 +1.546796102e+01 -3.947203898e+01 -3.947203898e+01 -1.6360e+00 -1.6222e+00 -1.7083e+00
3369 +9.594714467e+00 +9.594714467e+00 -4.534528553e+01 -4.534528553e+01 -1.7316e+00 -1.6436e+00 -1.8168e+00
3492 +5.850933217e+00 +5.850933217e+00 -4.908906678e+01 -4.908906678e+01 -1.6969e+00 -1.6497e+00 -1.8186e+00
% function evaluation | noise-free fitness - Fopt (5.913000000000e+01) | best noise-free fitness - Fopt | measured fitness | best measured fitness | x1 | x2...
1 +8.144623019e+04 +8.144623019e+04 +8.150536019e+04 +8.150536019e+04 +2.6344e+00 -1.1650e+00 +1.2128e+00
2 +5.493493301e+04 +5.493493301e+04 +5.499406301e+04 +5.499406301e+04 -1.2234e+00 +5.6330e-01 +1.1333e+00
51 +6.411938464e+03 +6.411938464e+03 +6.471068464e+03 +6.471068464e+03 -2.7793e+00 +2.2060e+00 -1.1855e+00
59 +2.807077249e+02 +2.807077249e+02 +3.398377249e+02 +3.398377249e+02 +9.7113e-01 +8.1431e-01 -3.6759e+00
96 +1.920148778e+02 +1.920148778e+02 +2.511448778e+02 +2.511448778e+02 -2.8047e+00 +2.2883e+00 -1.1125e+00
208 +2.778312554e+01 +2.778312554e+01 +8.691312554e+01 +8.691312554e+01 -2.7162e+00 +2.2775e+00 -1.1802e+00
339 +4.834608472e+00 +4.834608472e+00 +6.396460847e+01 +6.396460847e+01 -2.6689e+00 +2.2517e+00 -1.2020e+00
732 +2.261562284e+00 +2.261562284e+00 +6.139156228e+01 +6.139156228e+01 -2.5716e+00 +2.2187e+00 -1.2995e+00
3899 +6.505735875e-01 +6.505735875e-01 +5.978057359e+01 +5.978057359e+01 -2.4630e+00 +2.1980e+00 -1.4510e+00
% function evaluation | noise-free fitness - Fopt (-4.915300000000e+02) | best noise-free fitness - Fopt | measured fitness | best measured fitness | x1 | x2...
1 +1.820927173e+07 +1.820927173e+07 +1.820878020e+07 +1.820878020e+07 +1.0177e+00 -2.0706e+00 +2.4930e+00
3 +1.067165085e+07 +1.067165085e+07 +1.067115932e+07 +1.067115932e+07 +3.9235e+00 +1.8217e+00 -2.6469e+00
4 +3.184738058e+06 +3.184738058e+06 +3.184246528e+06 +3.184246528e+06 -2.4678e+00 -3.5849e+00 -2.1895e+00
6 +3.472842693e+05 +3.472842693e+05 +3.467927393e+05 +3.467927393e+05 -3.5706e+00 -9.4443e-01 -1.5319e+00
8 +1.398172660e+05 +1.398172660e+05 +1.393257360e+05 +1.393257360e+05 -3.9362e+00 +1.5429e+00 -1.3466e+00
15 +3.538918218e+03 +3.538918218e+03 +3.047388218e+03 +3.047388218e+03 -1.3434e+00 -1.7071e+00 -1.6644e+00
22 +3.678385938e+02 +3.678385938e+02 -1.236914062e+02 -1.236914062e+02 -1.3872e+00 -1.6911e+00 -1.6923e+00
27 +6.738537338e+00 +6.738537338e+00 -4.847914627e+02 -4.847914627e+02 -1.2519e+00 -1.7966e+00 -1.7476e+00
1535 +5.977052826e+00 +5.977052826e+00 -4.855529472e+02 -4.855529472e+02 -1.2257e+00 -1.7117e+00 -1.8126e+00
4095 +3.111460804e+00 +3.111460804e+00 -4.884185392e+02 -4.884185392e+02 -8.1787e-01 -1.4466e+00 -2.2180e+00
% function evaluation | noise-free fitness - Fopt (-1.702000000000e+02) | best noise-free fitness - Fopt | measured fitness | best measured fitness | x1 | x2...
1 +8.822837604e+06 +8.822837604e+06 +8.822667404e+06 +8.822667404e+06 +2.6812e-01 -1.8159e-01 -8.0740e-01
3 +9.098412800e+05 +9.098412800e+05 +9.096710800e+05 +9.096710800e+05 -1.2807e+00 -7.1480e-01 -2.4887e+00
4 +1.673611940e+05 +1.673611940e+05 +1.671909940e+05 +1.671909940e+05 -6.0399e-01 -1.9493e+00 -2.8732e+00
23 +1.140383083e+05 +1.140383083e+05 +1.138681083e+05 +1.138681083e+05 -9.6303e-01 -1.7679e+00 -2.8074e+00
47 +3.388248928e+04 +3.388248928e+04 +3.371228928e+04 +3.371228928e+04 -2.2276e+00 -3.3536e+00 -1.5986e-01
60 +7.331968385e+03 +7.331968385e+03 +7.161768385e+03 +7.161768385e+03 -2.1503e+00 -1.0727e+00 -3.0616e+00
71 +3.561262893e+03 +3.561262893e+03 +3.391062893e+03 +3.391062893e+03 -2.1441e+00 -1.0584e+00 -2.9736e+00
1113 +2.428661153e+03 +2.428661153e+03 +2.258461153e+03 +2.258461153e+03 -2.5223e+00 -9.1683e-01 -2.6624e+00
1845 +1.433521964e+03 +1.433521964e+03 +1.263321964e+03 +1.263321964e+03 -2.5368e+00 -1.0999e+00 -2.4232e+00
2507 +9.101380450e+02 +9.101380450e+02 +7.399380450e+02 +7.399380450e+02 -2.9210e+00 -7.7198e-01 -2.3832e+00
3231 +5.895967719e+02 +5.895967719e+02 +4.193967719e+02 +4.193967719e+02 -2.8678e+00 -9.6168e-01 -2.2082e+00
3492 +3.196749048e+02 +3.196749048e+02 +1.494749048e+02 +1.494749048e+02 -3.1282e+00 -8.2480e-01 -2.0500e+00
4160 +2.130426247e+02 +2.130426247e+02 +4.284262466e+01 +4.284262466e+01 -3.2531e+00 -8.0702e-01 -1.9402e+00
% function evaluation | noise-free fitness - Fopt (-4.697500000000e+02) | best noise-free fitness - Fopt | measured fitness | best measured fitness | x1 | x2...
1 +2.199306381e+07 +2.199306381e+07 +2.199259406e+07 +2.199259406e+07 -9.9147e-01 -3.4938e+00 -2.9542e+00
3 +3.506771137e+06 +3.506771137e+06 +3.506301387e+06 +3.506301387e+06 +3.7450e+00 +1.8847e+00 -1.0412e+00
7 +1.105762395e+05 +1.105762395e+05 +1.101064895e+05 +1.101064895e+05 +2.1526e+00 -8.1922e-01 +2.0654e+00
11 +1.874210334e+04 +1.874210334e+04 +1.827235334e+04 +1.827235334e+04 +2.7618e+00 -1.3483e+00 +1.4066e+00
32 +1.552127387e+04 +1.552127387e+04 +1.505152387e+04 +1.505152387e+04 +2.8354e+00 -1.4099e+00 +1.3320e+00
335 +6.732704517e+02 +6.732704517e+02 +2.035204517e+02 +2.035204517e+02 +6.5371e-01 -3.0266e+00 +3.1932e+00
353 +4.144083983e+02 +4.144083983e+02 -5.534160168e+01 -5.534160168e+01 +7.0547e-01 -2.9027e+00 +3.1800e+00
475 +3.452391880e+02 +3.452391880e+02 -1.245108120e+02 -1.245108120e+02 +6.6401e-01 -2.8527e+00 +3.2424e+00
617 +2.187496112e+02 +2.187496112e+02 -2.510003888e+02 -2.510003888e+02 +5.4937e-01 -3.0498e+00 +3.2835e+00
990 +1.513881217e+02 +1.513881217e+02 -3.183618783e+02 -3.183618783e+02 +6.5725e-01 -3.2727e+00 +3.0124e+00
1862 +8.021313231e+01 +8.021313231e+01 -3.895368677e+02 -3.895368677e+02 +4.3098e-01 -3.1724e+00 +3.3378e+00
1974 +4.897461021e+01 +4.897461021e+01 -4.207753898e+02 -4.207753898e+02 +4.3667e-01 -3.1950e+00 +3.3293e+00
1996 +1.745310686e+01 +1.745310686e+01 -4.522968931e+02 -4.522968931e+02 +3.4980e-01 -3.2527e+00 +3.3956e+00
2517 +1.009175126e+01 +1.009175126e+01 -4.596582487e+02 -4.596582487e+02 +2.8708e-01 -3.4032e+00 +3.3876e+00
2643 +9.660242159e-01 +9.660242159e-01 -4.687839758e+02 -4.687839758e+02 +3.1216e-01 -3.3278e+00 +3.4041e+00
% function evaluation | noise-free fitness - Fopt (1.999100000000e+02) | best noise-free fitness - Fopt | measured fitness | best measured fitness | x1 | x2...
1 +7.194869230e+06 +7.194869230e+06 +7.195069140e+06 +7.195069140e+06 +1.5364e+00 +8.9897e-01 +3.1597e+00
4 +3.223344892e+05 +3.223344892e+05 +3.225343992e+05 +3.225343992e+05 -1.9854e+00 +3.2920e+00 +3.2874e+00
10 +1.346307002e+05 +1.346307002e+05 +1.348306102e+05 +1.348306102e+05 +1.3388e+00 +3.4322e+00 +3.5726e+00
32 +8.117775253e+03 +8.117775253e+03 +8.317685253e+03 +8.317685253e+03 +1.2602e-01 +3.3964e+00 +3.3498e+00
159 +5.230952662e+03 +5.230952662e+03 +5.430862662e+03 +5.430862662e+03 +9.2815e-02 +3.4137e+00 +3.4554e+00
214 +3.591775155e+03 +3.591775155e+03 +3.791685155e+03 +3.791685155e+03 -2.4485e+00 +2.9245e+00 +2.4791e+00
332 +5.637045512e+02 +5.637045512e+02 +7.636145512e+02 +7.636145512e+02 -2.4839e+00 +2.8535e+00 +2.4701e+00
337 +2.572139442e+02 +2.572139442e+02 +4.571239442e+02 +4.571239442e+02 -2.3554e+00 +2.8598e+00 +2.4999e+00
592 +2.404811466e+02 +2.404811466e+02 +4.403911466e+02 +4.403911466e+02 -2.4353e+00 +2.8480e+00 +2.4877e+00
1251 +3.081854805e+01 +3.081854805e+01 +2.307285481e+02 +2.307285481e+02 -2.1406e+00 +3.0280e+00 +2.4253e+00
1974 +2.060473508e+01 +2.060473508e+01 +2.205147351e+02 +2.205147351e+02 -2.0529e+00 +2.8879e+00 +2.6788e+00
2758 +7.861644401e+00 +7.861644401e+00 +2.077716444e+02 +2.077716444e+02 -1.8730e+00 +2.8747e+00 +2.8280e+00
3095 +2.356812786e+00 +2.356812786e+00 +2.022668128e+02 +2.022668128e+02 -1.9309e+00 +2.8609e+00 +2.8020e+00
3235 +1.448751566e+00 +1.448751566e+00 +2.013587516e+02 +2.013587516e+02 -1.9683e+00 +2.8536e+00 +2.7883e+00
% function evaluation | noise-free fitness - Fopt (-4.296000000000e+02) | best noise-free fitness - Fopt | measured fitness | best measured fitness | x1 | x2...
1 +5.769205698e+04 +5.769205698e+04 +5.726245698e+04 +5.726245698e+04 +1.3290e+00 -4.6258e-01 +2.0349e+00
6 +1.907725309e+04 +1.907725309e+04 +1.864765309e+04 +1.864765309e+04 -3.2328e+00 -2.5479e-01 -5.5861e-01
23 +1.575061416e+04 +1.575061416e+04 +1.532101416e+04 +1.532101416e+04 -3.2246e+00 -1.8034e-01 -5.2068e-01
56 +8.687225568e+03 +8.687225568e+03 +8.257625568e+03 +8.257625568e+03 +2.8893e+00 +3.9238e+00 +2.5709e+00
117 +2.583855975e+02 +2.583855975e+02 -1.712144025e+02 -1.712144025e+02 -3.3584e+00 +3.2541e+00 -9.9137e-01
636 +7.810839157e+01 +7.810839157e+01 -3.514916084e+02 -3.514916084e+02 -3.4692e+00 +3.4306e+00 -1.0734e+00
1162 +3.392703185e+01 +3.392703185e+01 -3.956729682e+02 -3.956729682e+02 -3.6511e+00 +3.4439e+00 -1.1811e+00
1293 +1.274726118e+01 +1.274726118e+01 -4.168527388e+02 -4.168527388e+02 -3.6043e+00 +3.5746e+00 -1.1666e+00
3532 +9.114745020e-01 +9.114745020e-01 -4.286885255e+02 -4.286885255e+02 -3.3693e+00 +3.7583e+00 -1.0576e+00
% function evaluation | noise-free fitness - Fopt (1.000000000000e+03) | best noise-free fitness - Fopt | measured fitness | best measured fitness | x1 | x2...
1 +1.230627915e+07 +1.230627915e+07 +1.230727915e+07 +1.230727915e+07 +1.6463e+00 +1.1086e+00 +3.5935e+00
2 +2.408150250e+06 +2.408150250e+06 +2.409150250e+06 +2.409150250e+06 -3.6590e+00 +2.6699e+00 -6.3273e-01
4 +1.929547143e+05 +1.929547143e+05 +1.939547143e+05 +1.939547143e+05 +9.5846e-01 +2.9073e+00 -7.6500e-01
9 +1.012784479e+05 +1.012784479e+05 +1.022784479e+05 +1.022784479e+05 +5.5440e-01 +2.6472e+00 -2.1353e-01
22 +4.444004285e+04 +4.444004285e+04 +4.544004285e+04 +4.544004285e+04 +6.0583e-01 +2.6871e+00 -2.9727e-01
151 +3.458147300e+04 +3.458147300e+04 +3.558147300e+04 +3.558147300e+04 +6.7184e-01 +2.6705e+00 -3.0233e-01
161 +1.544222257e+04 +1.544222257e+04 +1.644222257e+04 +1.644222257e+04 +6.0275e-01 +2.7593e+00 -3.8498e-01
284 +6.188073685e+03 +6.188073685e+03 +7.188073685e+03 +7.188073685e+03 +6.2521e-01 +2.7717e+00 -4.4222e-01
555 +3.870831698e+03 +3.870831698e+03 +4.870831698e+03 +4.870831698e+03 +5.9996e-01 +2.9808e+00 -4.0368e-01
1938 +2.452980915e+03 +2.452980915e+03 +3.452980915e+03 +3.452980915e+03 +4.9896e-01 +3.2508e+00 -3.1885e-01
3439 +1.420554905e+03 +1.420554905e+03 +2.420554905e+03 +2.420554905e+03 +3.9372e-01 +3.7868e+00 -8.9568e-02
4226 +8.798721371e+02 +8.798721371e+02 +1.879872137e+03 +1.879872137e+03 +6.2829e-01 +4.0053e+00 +1.4688e-01
% function evaluation | noise-free fitness - Fopt (1.951500000000e+02) | best noise-free fitness - Fopt | measured fitness | best measured fitness | x1 | x2...
1 +1.818661268e+06 +1.818661268e+06 +1.818856418e+06 +1.818856418e+06 +2.5035e+00 -2.0723e+00 +2.6808e+00
2 +7.202250823e+05 +7.202250823e+05 +7.204202323e+05 +7.204202323e+05 -3.2645e+00 +9.7840e-01 -3.7252e+00
7 +1.202490881e+05 +1.202490881e+05 +1.204442381e+05 +1.204442381e+05 -2.1989e+00 +4.4622e-01 -6.7609e-01
8 +2.562216692e+04 +2.562216692e+04 +2.581731692e+04 +2.581731692e+04 -4.1481e-02 +8.7531e-01 +1.0287e+00
28 +1.181942739e+04 +1.181942739e+04 +1.201457739e+04 +1.201457739e+04 -1.1325e-01 +7.7814e-01 +1.0904e+00
45 +2.547760424e+03 +2.547760424e+03 +2.742910424e+03 +2.742910424e+03 +1.6113e+00 -3.0357e+00 +3.7559e+00
74 +2.007075410e+03 +2.007075410e+03 +2.202225410e+03 +2.202225410e+03 +1.7022e+00 -3.0940e+00 +3.8503e+00
75 +9.027801075e+02 +9.027801075e+02 +1.097930107e+03 +1.097930107e+03 +1.6114e+00 -3.1196e+00 +3.6811e+00
253 +1.974719820e+02 +1.974719820e+02 +3.926219820e+02 +3.926219820e+02 +1.7020e+00 -4.2422e-01 +3.3948e+00
259 +4.623889891e+01 +4.623889891e+01 +2.413888989e+02 +2.413888989e+02 +1.6769e+00 -3.6245e-01 +3.3417e+00
383 +3.100921524e+01 +3.100921524e+01 +2.261592152e+02 +2.261592152e+02 +1.7242e+00 -4.1493e-01 +3.3905e+00
507 +4.457214185e+00 +4.457214185e+00 +1.996072142e+02 +1.996072142e+02 +1.7342e+00 -4.0574e-01 +3.4066e+00
2279 +2.217440290e+00 +2.217440290e+00 +1.973674403e+02 +1.973674403e+02 +1.8221e+00 -3.7722e-01 +3.5000e+00
2285 +6.560224059e-01 +6.560224059e-01 +1.958060224e+02 +1.958060224e+02 +1.7720e+00 -4.7104e-01 +3.4613e+00
% function evaluation | noise-free fitness - Fopt (-4.335000000000e+01) | best noise-free fitness - Fopt | measured fitness | best measured fitness | x1 | x2...
1 +1.091329378e+07 +1.091329378e+07 +1.091325043e+07 +1.091325043e+07 -6.6861e-01 +1.2744e+00 -2.6060e-01
7 +8.907274406e+05 +8.907274406e+05 +8.906840906e+05 +8.906840906e+05 +5.5278e-01 +3.6224e+00 -1.1179e+00
12 +3.890285555e+05 +3.890285555e+05 +3.889852055e+05 +3.889852055e+05 +1.2727e+00 +3.4345e+00 -2.9076e+00
24 +2.214595050e+05 +2.214595050e+05 +2.214161550e+05 +2.214161550e+05 +1.3318e+00 +3.5195e+00 -2.9154e+00
46 +1.382512416e+03 +1.382512416e+03 +1.339162416e+03 +1.339162416e+03 +1.5789e+00 +3.7657e+00 +2.0180e+00
71 +2.702895597e+00 +2.702895597e+00 -4.064710440e+01 -4.064710440e+01 +1.6350e+00 +3.7599e+00 +2.0738e+00
742 +1.771583689e+00 +1.771583689e+00 -4.157841631e+01 -4.157841631e+01 +1.4240e+00 +4.0110e+00 +2.0491e+00
1128 +6.729215269e-01 +6.729215269e-01 -4.267707847e+01 -4.267707847e+01 +1.4580e+00 +3.9705e+00 +2.0684e+00
1975 +5.173599706e-01 +5.173599706e-01 -4.283264003e+01 -4.283264003e+01 +1.4530e+00 +3.9769e+00 +2.0737e+00
% function evaluation | noise-free fitness - Fopt (2.790900000000e+02) | best noise-free fitness - Fopt | measured fitness | best measured fitness | x1 | x2...
1 +1.768313124e+07 +1.768313124e+07 +1.768341033e+07 +1.768341033e+07 -2.4468e+00 +3.3271e+00 +1.5800e+00
2 +6.577763839e+05 +6.577763839e+05 +6.580554739e+05 +6.580554739e+05 +2.3061e+00 -1.4874e+00 -1.8573e+00
3 +1.113882083e+05 +1.113882083e+05 +1.116672983e+05 +1.116672983e+05 +1.9960e+00 +2.5691e-01 -2.3929e+00
4 +6.623319274e+04 +6.623319274e+04 +6.651228274e+04 +6.651228274e+04 +1.0724e+00 -3.6146e+00 -3.3900e+00
22 +6.306582438e+04 +6.306582438e+04 +6.334491438e+04 +6.334491438e+04 +1.1198e+00 -3.5631e+00 -3.4702e+00
23 +2.013935789e+04 +2.013935789e+04 +2.041844789e+04 +2.041844789e+04 +1.7366e+00 -1.1012e+00 -3.0180e+00
58 +1.081363160e+03 +1.081363160e+03 +1.360453160e+03 +1.360453160e+03 -3.8972e-01 -3.0254e+00 +6.7541e-01
93 +7.831386976e+02 +7.831386976e+02 +1.062228698e+03 +1.062228698e+03 -4.0684e-01 -3.1151e+00 +6.2052e-01
225 +5.796823927e+02 +5.796823927e+02 +8.587723927e+02 +8.587723927e+02 -4.1780e-01 -3.1786e+00 +5.4909e-01
285 +3.592125453e+02 +3.592125453e+02 +6.383025453e+02 +6.383025453e+02 +1.3389e+00 -2.5244e+00 -3.4302e+00
674 +1.950543889e+02 +1.950543889e+02 +4.741443889e+02 +4.741443889e+02 +1.4507e+00 -2.2806e+00 -3.3868e+00
678 +8.062513461e+01 +8.062513461e+01 +3.597151346e+02 +3.597151346e+02 +1.5854e+00 -1.8367e+00 -3.1240e+00
940 +6.250846849e+01 +6.250846849e+01 +3.415984685e+02 +3.415984685e+02 +1.5919e+00 -1.7620e+00 -3.0585e+00
2582 +3.106326782e+01 +3.106326782e+01 +3.101532678e+02 +3.101532678e+02 +1.6202e+00 -1.7801e+00 -3.1687e+00
2774 +2.189650480e+01 +2.189650480e+01 +3.009865048e+02 +3.009865048e+02 -4.2842e-01 -3.6197e+00 -4.4423e-02
3759 +2.713491977e+00 +2.713491977e+00 +2.818034920e+02 +2.818034920e+02 -4.6230e-01 -3.7075e+00 -7.8736e-02
% function evaluation | noise-free fitness - Fopt (1.000000000000e+03) | best noise-free fitness - Fopt | measured fitness | best measured fitness | x1 | x2...
1 +6.969019790e+06 +6.969019790e+06 +6.970019790e+06 +6.970019790e+06 -2.5739e+00 -1.0960e+00 -7.2205e-01
6 +1.092653969e+06 +1.092653969e+06 +1.093653969e+06 +1.093653969e+06 +1.8855e-02 +1.1115e+00 +3.4867e+00
15 +1.616936124e+05 +1.616936124e+05 +1.626936124e+05 +1.626936124e+05 -3.8478e+00 +9.4987e-01 +1.2567e+00
19 +5.265071427e+04 +5.265071427e+04 +5.365071427e+04 +5.365071427e+04 -3.8405e+00 -2.2281e-01 +1.0923e+00
24 +2.152795234e+04 +2.152795234e+04 +2.252795234e+04 +2.252795234e+04 -3.8866e+00 -1.1580e-01 +1.1153e+00
61 +1.420299740e+04 +1.420299740e+04 +1.520299740e+04 +1.520299740e+04 -3.4125e+00 -2.7363e+00 +3.7554e+00
74 +9.972284204e+03 +9.972284204e+03 +1.097228420e+04 +1.097228420e+04 -3.4093e+00 -2.6613e+00 +3.7369e+00
213 +5.733761146e+03 +5.733761146e+03 +6.733761146e+03 +6.733761146e+03 -3.4109e+00 -2.6399e+00 +3.8282e+00
604 +3.945536498e+03 +3.945536498e+03 +4.945536498e+03 +4.945536498e+03 -3.2070e+00 -2.5234e+00 +4.0360e+00
1139 +2.429116048e+03 +2.429116048e+03 +3.429116048e+03 +3.429116048e+03 -2.9889e+00 -2.4493e+00 +4.2148e+00
3492 +1.477394254e+03 +1.477394254e+03 +2.477394254e+03 +2.477394254e+03 -2.5951e+00 -2.1635e+00 +4.5017e+00
3634 +9.733172297e+02 +9.733172297e+02 +1.973317230e+03 +1.973317230e+03 -2.4699e+00 -2.1015e+00 +4.5931e+00
% function evaluation | noise-free fitness - Fopt (-1.148100000000e+02) | best noise-free fitness - Fopt | measured fitness | best measured fitness | x1 | x2...
1 +2.427478818e+04 +2.427478818e+04 +2.415997818e+04 +2.415997818e+04 +2.6258e+00 -2.3526e+00 -9.7480e-01
24 +1.388098045e+04 +1.388098045e+04 +1.376617045e+04 +1.376617045e+04 -1.5250e+00 -3.2746e+00 +1.4342e+00
34 +4.493098611e+03 +4.493098611e+03 +4.378288611e+03 +4.378288611e+03 -1.5151e+00 -3.2468e+00 +1.3803e+00
152 +1.091653206e+03 +1.091653206e+03 +9.768432061e+02 +9.768432061e+02 -1.4864e+00 -3.2997e+00 +1.3203e+00
156 +3.270213459e+02 +3.270213459e+02 +2.122113459e+02 +2.122113459e+02 -1.5265e+00 -3.1966e+00 +1.3185e+00
292 +1.513850895e+02 +1.513850895e+02 +3.657508953e+01 +3.657508953e+01 -1.5795e+00 -3.2458e+00 +1.3257e+00
423 +6.376869022e+01 +6.376869022e+01 -5.104130978e+01 -5.104130978e+01 -1.5394e+00 -3.3453e+00 +1.3146e+00
819 +4.074567837e+01 +4.074567837e+01 -7.406432163e+01 -7.406432163e+01 -1.6386e+00 -3.4374e+00 +1.3633e+00
1808 +1.136333793e+01 +1.136333793e+01 -1.034466621e+02 -1.034466621e+02 -1.4141e+00 -3.5048e+00 +1.2523e+00
3054 +3.670862814e+00 +3.670862814e+00 -1.111391372e+02 -1.111391372e+02 -1.6807e+00 -3.6441e+00 +1.3906e+00
% function evaluation | noise-free fitness - Fopt (-3.505800000000e+02) | best noise-free fitness - Fopt | measured fitness | best measured fitness | x1 | x2...
1 +4.164111236e+06 +4.164111236e+06 +4.163760656e+06 +4.163760656e+06 +1.6881e+00 -9.8635e-01 +1.2622e+00
2 +1.984306325e+06 +1.984306325e+06 +1.983955745e+06 +1.983955745e+06 -3.2208e+00 -2.1945e+00 -9.6146e-01
3 +3.326139891e+02 +3.326139891e+02 -1.796601095e+01 -1.796601095e+01 -2.9754e+00 -2.1717e+00 +3.3029e+00
932 +1.900541671e+02 +1.900541671e+02 -1.605258329e+02 -1.605258329e+02 -2.8374e+00 -2.3067e+00 +3.5553e+00
1193 +1.299953546e+02 +1.299953546e+02 -2.205846454e+02 -2.205846454e+02 -2.8271e+00 -2.2935e+00 +3.5404e+00
1667 +5.469076465e+01 +5.469076465e+01 -2.958892354e+02 -2.958892354e+02 -2.7314e+00 -2.3814e+00 +3.6959e+00
1939 +2.790897567e+01 +2.790897567e+01 -3.226710243e+02 -3.226710243e+02 -2.6539e+00 -2.3986e+00 +3.6515e+00
2063 +2.321534356e+01 +2.321534356e+01 -3.273646564e+02 -3.273646564e+02 -2.6344e+00 -2.4287e+00 +3.7192e+00
% function evaluation | noise-free fitness - Fopt (-5.700000000000e+00) | best noise-free fitness - Fopt | measured fitness | best measured fitness | x1 | x2...
1 +1.073949431e+07 +1.073949431e+07 +1.073948861e+07 +1.073948861e+07 +3.9229e+00 -3.9538e+00 -1.6869e+00
3 +8.145480577e+06 +8.145480577e+06 +8.145474877e+06 +8.145474877e+06 -2.7220e+00 -1.8437e+00 -3.9556e+00
4 +1.702851818e+06 +1.702851818e+06 +1.702846118e+06 +1.702846118e+06 +3.7556e+00 -1.1062e+00 +3.3217e+00
8 +3.843259400e+05 +3.843259400e+05 +3.843202400e+05 +3.843202400e+05 +7.7935e-01 -1.0078e+00 -8.6211e-01
10 +1.804230905e+05 +1.804230905e+05 +1.804173905e+05 +1.804173905e+05 +8.7955e-01 -1.2553e+00 -1.2860e+00
15 +4.469657230e+04 +4.469657230e+04 +4.469087230e+04 +4.469087230e+04 +3.3496e+00 +2.1602e+00 +3.0476e+00
17 +1.506150863e+04 +1.506150863e+04 +1.505580863e+04 +1.505580863e+04 +2.3950e+00 -2.9846e-01 +2.1485e+00
63 +7.554603640e+03 +7.554603640e+03 +7.548903640e+03 +7.548903640e+03 +3.5150e+00 +2.0118e+00 +3.3917e+00
72 +2.352194161e+03 +2.352194161e+03 +2.346494161e+03 +2.346494161e+03 +3.5632e+00 +1.9670e+00 +3.2928e+00
332 +8.564423096e+02 +8.564423096e+02 +8.507423096e+02 +8.507423096e+02 +1.1157e+00 -6.5661e-02 -3.9235e+00
984 +5.035209802e+02 +5.035209802e+02 +4.978209802e+02 +4.978209802e+02 +1.6118e+00 +5.3870e-01 -2.7174e+00
1847 +3.705398731e+02 +3.705398731e+02 +3.648398731e+02 +3.648398731e+02 +1.6730e+00 +7.4019e-01 -2.8078e+00
2636 +1.926450591e+02 +1.926450591e+02 +1.869450591e+02 +1.869450591e+02 +1.6543e+00 +8.3312e-01 -2.9776e+00
4010 +1.382353438e+02 +1.382353438e+02 +1.325353438e+02 +1.325353438e+02 +1.6985e+00 +9.4926e-01 -3.0023e+00
