% function evaluation | noise-free fitness - Fopt (-5.494000000000e+01) | best noise-free fitness - Fopt | measured fitness | best measured fitness | x1 | x2...
1 +3.254316561e+07 +3.254316561e+07 +3.254311067e+07 +3.254311067e+07 -2.6556e+00 +3.1583e+00 -2.1520e+00 -6.8243e-01 -1.1434e+00 +2.5629e+00 -3.2323e+00 +5.1612e-01 +2.7425e+00 +1.9350e+00 +3.1839e+00 +3.4344e+00 -9.3999e-01 +8.9255e-01 +9.8351e-01 +3.7146e+00 +9.7715e-01 -4.2001e-01 -2.0561e+00 -2.3490e+00
2 +1.615207004e+07 +1.615207004e+07 +1.615201510e+07 +1.615201510e+07 -3.8298e-01 -2.1248e+00 -3.6338e+00 -4.8261e-01 +1.9673e+00 -3.6874e+00 -2.6057e+00 -3.9576e+00 +1.2343e+00 +3.9456e+00 -3.2155e+00 +2.5979e+00 -3.1281e+00 +2.2911e+00 +2.3637e+00 -2.8501e+00 +3.2122e+00 -3.4948e+00 -4.5204e-01 +1.0052e+00
3 +1.006840282e+07 +1.006840282e+07 +1.006834788e+07 +1.006834788e+07 -2.2363e+00 -3.9618e+00 +3.3032e+00 -3.6445e+00 +2.0226e+00 +2.4356e+00 +1.2263e+00 -6.9297e-01 +2.6750e+00 +3.5137e+00 -3.1206e+00 -1.6724e+00 +1.5723e+00 -2.4003e+00 -2.2578e+00 +3.6034e+00 -2.1075e+00 +1.6844e+00 -2.7678e+00 -1.0893e+00
4 +8.278816724e+06 +8.278816724e+06 +8.278761784e+06 +8.278761784e+06 +2.5236e+00 -3.5731e+00 +2.6816e+00 +3.6670e+00 +1.3507e+00 +1.6539e+00 +2.2391e+00 +2.1163e+00 +2.6258e+00 +2.9044e+00 -1.4890e+00 +1.7523e+00 -3.6483e+00 -3.8677e-01 -1.2027e+00 +3.5580e+00 +3.7683e-01 +3.1765e+00 -4.4856e-01 -8.9181e-01
8 +5.755534224e+06 +5.755534224e+06 +5.755479284e+06 +5.755479284e+06 +3.1842e-01 -3.8786e+00 +7.2399e-01 +9.7302e-01 +2.1844e+00 -5.2178e-01 -5.1319e-01 +2.4804e+00 +6.8084e-01 -2.6247e+00 +2.5134e+00 +1.8603e+00 +7.0664e-02 +8.3739e-01 +3.4133e+00 -1.0675e+00 -2.7122e+00 -7.3735e-01 -3.5503e+00 -2.9122e+00
16 +2.340037095e+06 +2.340037095e+06 +2.339982155e+06 +2.339982155e+06 -8.8061e-01 +1.9444e+00 -4.8461e-01 +3.6484e-01 -1.7658e+00 -1.0142e+00 +4.3660e-01 -3.2862e+00 -2.5797e+00 +3.8943e+00 +5.1093e-01 -4.9991e-01 -1.9696e+00 -8.6292e-01 -3.7861e+00 -4.3599e-01 +2.7729e+00 -1.6358e+00 -2.4726e+00 -3.9653e+00
22 +1.566051711e+06 +1.566051711e+06 +1.565996771e+06 +1.565996771e+06 -2.6458e+00 -8.1502e-01 -2.2803e+00 +1.5961e+00 -1.1996e+00 +2.4711e-02 +1.6962e+00 -2.4614e+00 +3.3036e-01 -4.6498e-01 +3.1260e+00 -1.5476e+00 -5.5175e-01 -4.3277e-01 -2.1047e+00 +9.2165e-01 +1.8141e+00 -1.1186e-01 -2.6291e+00 +5.4122e-01
154 +9.722465781e+05 +9.722465781e+05 +9.721916381e+05 +9.721916381e+05 -2.7588e+00 -1.2587e+00 -2.0337e+00 +2.4484e+00 -1.3194e+00 -9.2358e-02 +1.1390e+00 -2.6982e+00 -5.3174e-01 -1.2500e-01 +1.7268e+00 -1.5496e+00 -2.4703e-02 -3.3837e-01 -2.8106e+00 +1.2751e+00 +1.9043e+00 -2.7058e-01 -2.7878e+00 +9.3763e-01
804 +6.205276969e+05 +6.205276969e+05 +6.204727569e+05 +6.204727569e+05 -2.7886e+00 -1.4688e+00 -2.0860e+00 +2.6711e+00 -1.2824e+00 -1.1046e-01 +1.2626e+00 -2.8453e+00 -6.3808e-01 -1.5722e-01 +1.4725e+00 -1.2853e+00 -1.0078e-01 -5.4220e-01 -2.7177e+00 +1.3527e+00 +2.1445e+00 +7.1730e-02 -2.8192e+00 +8.8184e-01
2313 +3.980201905e+05 +3.980201905e+05 +3.979652505e+05 +3.979652505e+05 -3.1454e+00 -1.6140e+00 -2.5044e+00 +2.7931e+00 -1.1962e+00 -2.2390e-01 +1.1662e+00 -3.1733e+00 -5.1844e-01 -1.6205e-01 +1.2181e+00 -8.3186e-01 -5.3531e-01 -5.7367e-01 -2.6878e+00 +1.3512e+00 +2.3233e+00 +1.7868e-02 -2.7319e+00 +1.1679e+00
3578 +2.500607518e+05 +2.500607518e+05 +2.500058118e+05 +2.500058118e+05 -3.2677e+00 -1.7345e+00 -2.6811e+00 +2.9883e+00 -9.0111e-01 -5.3504e-01 +1.0432e+00 -3.4434e+00 -2.8404e-01 +2.9386e-01 +1.3527e+00 -6.6326e-01 -7.2146e-01 -7.9151e-01 -2.5990e+00 +8.8212e-01 +2.3517e+00 +3.2291e-01 -2.2842e+00 +9.2115e-01
6322 +1.538587068e+05 +1.538587068e+05 +1.538037668e+05 +1.538037668e+05 -3.6871e+00 -2.2497e+00 -2.8169e+00 +3.0321e+00 -4.6195e-01 -6.9129e-01 +8.2463e-01 -3.3422e+00 -1.6726e-01 +8.8810e-01 +1.4610e+00 -8.7422e-01 -9.1607e-01 -1.2959e+00 -1.8320e+00 +7.2403e-01 +2.3761e+00 -4.5289e-02 -2.0066e+00 +1.5175e+00
8485 +9.991216801e+04 +9.991216801e+04 +9.985722801e+04 +9.985722801e+04 -3.8533e+00 -2.3106e+00 -2.9515e+00 +3.2665e+00 -1.0794e-01 -1.0365e+00 +6.9432e-01 -3.4017e+00 -3.4069e-01 +1.2572e+00 +1.4693e+00 -9.4738e-01 -8.0613e-01 -1.5524e+00 -1.4538e+00 +7.2984e-01 +2.5856e+00 -1.9830e-01 -1.5020e+00 +2.1353e+00
13014 +6.236151019e+04 +6.236151019e+04 +6.230657019e+04 +6.230657019e+04 -4.1955e+00 -1.7260e+00 -2.3870e+00 +3.4245e+00 +3.4415e-01 -1.2039e+00 +9.0576e-01 -3.2332e+00 -5.4601e-01 +1.5619e+00 +1.6263e+00 -8.7712e-01 -4.9982e-01 -1.9547e+00 -9.5284e-01 +1.1683e+00 +3.5083e+00 -2.9175e-01 -6.2593e-01 +2.0799e+00
15188 +3.915299035e+04 +3.915299035e+04 +3.909805035e+04 +3.909805035e+04 -2.5860e+00 -1.0902e+00 -2.1033e+00 +1.3733e+00 -1.2096e+00 +1.8513e+00 -2.3704e+00 +6.7257e-01 -6.9185e-01 +2.2633e+00 +2.6090e+00 -2.0605e+00 -1.1899e+00 -4.1586e+00 -2.8354e-01 +4.1227e-01 +3.8466e+00 +2.2100e+00 +5.2144e-01 +3.5366e+00
17864 +2.358544735e+04 +2.358544735e+04 +2.353050735e+04 +2.353050735e+04 -2.6556e+00 -1.1128e+00 -2.0990e+00 +1.5282e+00 -9.4482e-01 +1.9873e+00 -2.5564e+00 +1.1188e+00 -8.5813e-01 +2.6889e+00 +2.7515e+00 -1.8970e+00 -8.9361e-01 -4.6178e+00 -1.0946e-01 +8.6559e-01 +4.0615e+00 +1.7031e+00 +5.7312e-01 +3.6440e+00
22871 +1.571264484e+04 +1.571264484e+04 +1.565770484e+04 +1.565770484e+04 -2.0829e+00 -7.4432e-01 -2.3393e+00 +1.4098e+00 -6.3315e-01 +2.1004e+00 -2.6049e+00 +1.1499e+00 -1.3934e+00 +2.8212e+00 +3.0398e+00 -1.6256e+00 -4.0762e-01 -4.7827e+00 +5.1731e-01 +1.0739e+00 +4.1780e+00 +1.4272e+00 +7.3871e-01 +3.5897e+00
28901 +9.788861164e+03 +9.788861164e+03 +9.733921164e+03 +9.733921164e+03 -2.3421e+00 -6.5916e-01 -1.9647e+00 +2.1605e+00 -7.6241e-01 +2.5770e+00 -2.8610e+00 +1.1690e+00 -2.0743e+00 +3.2245e+00 +3.3508e+00 -1.6869e+00 -4.2751e-01 -4.9897e+00 +9.2836e-01 +1.4363e+00 +4.4145e+00 +9.5191e-01 +8.6184e-01 +3.4973e+00
% function evaluation | noise-free fitness - Fopt (5.913000000000e+01) | best noise-free fitness - Fopt | measured fitness | best measured fitness | x1 | x2...
1 +1.544816236e+07 +1.544816236e+07 +1.544822149e+07 +1.544822149e+07 +8.3153e-01 -1.2990e-01 +2.8610e+00 +5.9379e-01 +9.2135e-01 -3.5574e+00 -1.0549e+00 +3.4224e+00 -3.6469e+00 -1.2106e+00 +1.5393e+00 +3.3874e+00 +3.0321e+00 -2.9903e-01 -3.8360e+00 -3.8826e+00 +3.8180e-02 -2.9395e+00 -1.7437e+00 +4.6875e-01
2 +6.037704668e+06 +6.037704668e+06 +6.037763798e+06 +6.037763798e+06 -3.1530e+00 +1.3666e-01 +2.0033e+00 -2.2325e+00 +6.5595e-01 +3.7364e+00 +2.6769e-01 +1.8519e+00 -2.5243e+00 +1.9092e+00 +1.1532e+00 +2.1383e+00 -3.8519e+00 -3.3672e+00 -4.7002e-01 -3.9773e+00 -4.5570e-01 -1.2358e+00 +1.1561e+00 +2.4378e+00
19 +2.275436471e+06 +2.275436471e+06 +2.275495601e+06 +2.275495601e+06 -1.3351e+00 -9.7850e-01 -5.0425e-01 -2.8532e+00 -4.4147e-01 +1.3598e+00 -2.7829e+00 +3.7951e+00 -2.2485e+00 +3.4028e+00 +1.0156e+00 +3.3969e+00 +1.1806e+00 +3.4822e-01 +2.2975e+00 +1.3212e+00 +5.3816e-01 -3.6057e+00 +2.2932e-01 +2.5812e+00
596 +1.493300745e+06 +1.493300745e+06 +1.493359875e+06 +1.493359875e+06 -2.4163e+00 +2.1790e+00 -7.8196e-02 +2.9355e+00 -2.8504e+00 -6.1240e-01 -1.1044e+00 +3.0642e+00 +1.0355e+00 +3.9140e+00 +3.9587e+00 +1.4897e+00 +5.8514e-01 -2.9547e+00 -1.7169e+00 -9.4061e-01 -3.4999e+00 -3.5382e-01 +1.3233e+00 +2.4610e+00
1111 +9.335720664e+05 +9.335720664e+05 +9.336311964e+05 +9.336311964e+05 -2.1968e+00 +2.0547e+00 -2.4753e-01 +2.8152e+00 -2.8632e+00 -6.0427e-01 -1.0388e+00 +3.2580e+00 +9.8845e-01 +4.0181e+00 +3.9666e+00 +1.4527e+00 +3.7793e-01 -2.8585e+00 -1.8786e+00 -9.1142e-01 -3.7298e+00 -4.5216e-01 +1.4011e+00 +2.5229e+00
1712 +6.142528004e+05 +6.142528004e+05 +6.143119304e+05 +6.143119304e+05 -1.9484e+00 +2.2899e+00 -3.0562e-01 +2.5553e+00 -2.8941e+00 -5.1461e-01 -1.2905e+00 +3.1477e+00 +1.1290e+00 +3.9867e+00 +4.0547e+00 +1.6005e+00 +2.9309e-01 -2.8556e+00 -1.4837e+00 -7.6807e-01 -3.3602e+00 -1.8514e-01 +1.5633e+00 +2.3737e+00
2252 +3.959318667e+05 +3.959318667e+05 +3.959909967e+05 +3.959909967e+05 -2.0811e+00 +1.7937e+00 -4.9081e-01 +2.4645e+00 -2.8018e+00 -9.7649e-01 -1.3620e+00 +3.3368e+00 +1.0503e+00 +3.8285e+00 +4.0925e+00 +1.7032e+00 +4.2228e-02 -2.6456e+00 -1.6804e+00 -1.1382e+00 -3.5437e+00 +3.7348e-02 +1.6706e+00 +2.6171e+00
2498 +2.426249353e+05 +2.426249353e+05 +2.426840653e+05 +2.426840653e+05 -1.9342e+00 +1.8174e+00 -6.3392e-01 +2.4241e+00 -2.9318e+00 -9.4607e-01 -1.5186e+00 +3.4307e+00 +1.0930e+00 +3.7567e+00 +4.2252e+00 +1.6498e+00 -1.1946e-01 -2.6314e+00 -1.7626e+00 -1.2017e+00 -3.6564e+00 +1.5380e-01 +1.8467e+00 +2.5237e+00
3230 +1.487966722e+05 +1.487966722e+05 +1.488558022e+05 +1.488558022e+05 -1.9674e+00 +1.8827e+00 -5.3186e-01 +2.4412e+00 -2.9022e+00 -9.4793e-01 -1.3228e+00 +3.2209e+00 +7.6718e-01 +3.6963e+00 +4.5415e+00 +1.5583e+00 -1.7425e-02 -2.5636e+00 -1.7273e+00 -1.0519e+00 -3.5344e+00 +7.8340e-02 +1.9459e+00 +2.4466e+00
3769 +9.855783419e+04 +9.855783419e+04 +9.861696419e+04 +9.861696419e+04 -1.7463e+00 +1.9773e+00 -6.5209e-01 +2.3452e+00 -3.1078e+00 -8.9959e-01 -1.2273e+00 +3.3422e+00 +7.1196e-01 +3.7733e+00 +4.5448e+00 +1.5692e+00 +1.0732e-01 -2.4393e+00 -1.6938e+00 -1.2269e+00 -3.4623e+00 +3.4417e-01 +1.9133e+00 +2.4214e+00
4603 +6.082084862e+04 +6.082084862e+04 +6.087997862e+04 +6.087997862e+04 -1.5046e+00 +2.0547e+00 -7.8504e-01 +2.3353e+00 -3.2737e+00 -1.1569e+00 -1.0785e+00 +3.2552e+00 +5.8552e-01 +3.7753e+00 +4.7329e+00 +1.5059e+00 +3.3270e-01 -2.3773e+00 -1.7410e+00 -1.1732e+00 -3.1560e+00 +3.4249e-01 +1.9477e+00 +2.2781e+00
5140 +3.444536433e+04 +3.444536433e+04 +3.450449433e+04 +3.450449433e+04 -1.5717e+00 +2.2379e+00 -9.1522e-01 +2.3456e+00 -3.2603e+00 -1.1239e+00 -1.1082e+00 +3.2282e+00 +3.0130e-01 +3.5852e+00 +4.7388e+00 +1.4697e+00 +3.5492e-01 -2.3342e+00 -1.5884e+00 -1.3711e+00 -3.0185e+00 +2.4036e-01 +1.8407e+00 +2.3964e+00
5786 +2.393188862e+04 +2.393188862e+04 +2.399101862e+04 +2.399101862e+04 -1.5112e+00 +2.2145e+00 -9.4663e-01 +2.3361e+00 -3.4382e+00 -1.0843e+00 -9.6798e-01 +3.1758e+00 +3.0013e-01 +3.6720e+00 +4.7441e+00 +1.4717e+00 +1.6274e-01 -1.9781e+00 -1.6328e+00 -1.5816e+00 -2.9657e+00 +2.6616e-01 +1.8638e+00 +2.3760e+00
7634 +1.290161625e+04 +1.290161625e+04 +1.296074625e+04 +1.296074625e+04 -1.4785e+00 +2.4402e+00 -9.9533e-01 +2.5082e+00 -3.4635e+00 -1.1816e+00 -6.8258e-01 +2.9581e+00 -1.9309e-03 +3.9153e+00 +4.9041e+00 +1.2981e+00 +1.2413e-01 -1.8705e+00 -1.4569e+00 -1.8258e+00 -2.8562e+00 +5.7672e-01 +1.8269e+00 +2.4722e+00
12561 +9.676346548e+03 +9.676346548e+03 +9.735476548e+03 +9.735476548e+03 -1.2510e+00 +2.5492e+00 -1.4238e+00 +2.5799e+00 -3.3728e+00 -1.3669e+00 -3.2583e-01 +3.2247e+00 -1.7864e-01 +3.5806e+00 +4.4780e+00 +1.2755e+00 -1.0850e-01 -1.8755e+00 -1.3478e+00 -2.2717e+00 -2.7725e+00 +3.9169e-01 +1.3766e+00 +2.3887e+00
18468 +6.273783173e+03 +6.273783173e+03 +6.332913173e+03 +6.332913173e+03 -1.4223e+00 +2.6589e+00 -1.4136e+00 +2.5014e+00 -3.6583e+00 -1.1604e+00 -2.3040e-01 +3.3486e+00 -3.7113e-01 +3.1580e+00 +4.3359e+00 +1.2876e+00 -3.5901e-01 -2.0811e+00 -9.1550e-01 -1.6398e+00 -2.4965e+00 +1.1035e+00 +1.4275e+00 +2.5349e+00
29437 +3.647517027e+03 +3.647517027e+03 +3.706647027e+03 +3.706647027e+03 -1.5188e+00 +2.9889e+00 -1.4061e+00 +2.6194e+00 -3.2309e+00 -7.5188e-01 +1.2185e-01 +3.2632e+00 -6.1812e-01 +3.2436e+00 +4.6499e+00 +9.5774e-01 -8.1849e-01 -2.3084e+00 -5.1264e-01 -1.7291e+00 -2.5898e+00 +1.1493e+00 +1.1045e+00 +2.5028e+00
% function evaluation | noise-free fitness - Fopt (-4.915300000000e+02) | best noise-free fitness - Fopt | measured fitness | best measured fitness | x1 | x2...
1 +2.008620842e+07 +2.008620842e+07 +2.008571689e+07 +2.008571689e+07 +3.9244e+00 -6.7498e-01 +2.0755e+00 -3.8934e+00 -1.4498e+00 +1.3313e+00 -2.7149e+00 +2.9806e+00 +3.4670e+00 +4.2633e-01 -3.5784e+00 -2.0449e+00 -7.1823e-01 -3.6336e-02 +1.7869e+00 -2.2863e+00 -2.5122e+00 +6.7342e-01 +1.6575e+00 -1.3956e+00
2 +3.431385839e+06 +3.431385839e+06 +3.430894309e+06 +3.430894309e+06 -2.1546e+00 -4.1703e-01 -3.6587e+00 -8.3279e-01 -1.7279e+00 -1.7904e+00 +2.1596e-01 -3.9282e+00 +2.3411e+00 +3.7651e+00 +1.7238e-01 +2.1228e+00 -2.5846e+00 +2.4807e+00 -1.9906e+00 +2.1555e+00 -1.0980e+00 -3.9857e+00 -2.3189e+00 -2.4993e+00
18 +2.341374774e+06 +2.341374774e+06 +2.340883244e+06 +2.340883244e+06 +3.9518e+00 +3.9313e+00 -2.4018e+00 +3.4780e+00 +2.6500e-01 -6.4219e-02 -5.8494e-01 +9.3477e-01 -3.0366e+00 +3.2548e+00 +2.0980e+00 -8.6502e-01 +3.5291e+00 +1.0634e+00 +3.9797e+00 -2.2043e+00 -3.6219e+00 -1.7888e+00 +1.5593e+00 -1.5851e-02
57 +9.579973536e+05 +9.579973536e+05 +9.575058236e+05 +9.575058236e+05 -9.0464e-01 +3.0717e+00 -1.3461e+00 -1.5683e+00 +2.3953e-02 -3.3239e+00 +1.2133e+00 +2.3868e+00 -1.8334e+00 -8.8307e-01 -2.6283e+00 +3.5637e+00 +1.9258e+00 -1.7717e+00 -1.4022e+00 +2.4954e+00 -2.3575e-02 +2.0400e+00 +4.0890e-01 +2.6465e+00
900 +6.216334836e+05 +6.216334836e+05 +6.211419536e+05 +6.211419536e+05 -1.4888e+00 -3.6512e-01 -1.5050e+00 +4.7051e-01 -2.1614e-01 -1.0840e+00 -6.3004e-01 +7.3533e-01 -9.0109e-01 -1.6642e+00 +3.4798e+00 -5.4497e-01 +3.7344e-01 -5.7834e-01 -2.3793e-01 +3.1259e+00 +2.4378e+00 +2.4002e+00 -1.7760e+00 -3.0141e+00
2279 +3.839652788e+05 +3.839652788e+05 +3.834737488e+05 +3.834737488e+05 -1.4136e+00 -8.5086e-01 -1.4343e+00 +8.0452e-01 -2.8797e-01 -9.0097e-01 -3.8429e-01 +9.4964e-01 -8.3839e-01 -1.8565e+00 +3.6232e+00 -3.1574e-01 +4.1060e-01 -6.9737e-01 -4.8272e-01 +2.8647e+00 +2.2634e+00 +2.1481e+00 -1.8021e+00 -2.9408e+00
3404 +2.438171553e+05 +2.438171553e+05 +2.433256253e+05 +2.433256253e+05 -1.3434e+00 -6.9412e-01 -1.5527e+00 +1.0735e+00 -3.3444e-01 -8.5091e-01 +1.6225e-01 +9.0994e-01 -9.4533e-01 -1.5759e+00 +3.7736e+00 -3.3113e-01 +4.7844e-01 -9.6816e-01 -8.9718e-01 +2.8547e+00 +2.1262e+00 +1.9635e+00 -2.0146e+00 -3.0264e+00
5694 +1.574795428e+05 +1.574795428e+05 +1.569880128e+05 +1.569880128e+05 -9.9961e-01 -7.9999e-01 -1.6120e+00 +1.3721e+00 -4.7752e-02 -7.1471e-01 +5.1212e-01 +8.0569e-01 -1.2497e+00 -1.4582e+00 +4.0865e+00 -3.9525e-01 +2.7158e-01 -1.1602e+00 -1.3770e+00 +2.2936e+00 +1.7165e+00 +2.0614e+00 -2.2114e+00 -3.3159e+00
7326 +9.947937672e+04 +9.947937672e+04 +9.898784672e+04 +9.898784672e+04 -8.3075e-01 -7.6202e-01 -1.8810e+00 +1.5816e+00 -4.2358e-03 -9.4466e-01 +7.8544e-01 +7.2751e-01 -1.3175e+00 -1.3266e+00 +4.0816e+00 -2.5146e-01 +3.3507e-02 -9.7576e-01 -1.4662e+00 +1.8221e+00 +1.2484e+00 +1.7696e+00 -2.5642e+00 -3.2372e+00
9318 +6.167099534e+04 +6.167099534e+04 +6.117946534e+04 +6.117946534e+04 -6.3212e-01 -7.2485e-01 -2.6580e+00 +1.9715e+00 +2.7237e-01 -1.2905e+00 +7.6300e-01 +8.2357e-01 -1.2474e+00 -1.5414e+00 +3.9845e+00 -3.9469e-01 -3.5312e-01 -7.6323e-01 -1.4676e+00 +1.8615e+00 +8.9983e-01 +1.4728e+00 -2.6585e+00 -2.9778e+00
10954 +3.940119461e+04 +3.940119461e+04 +3.890966461e+04 +3.890966461e+04 -8.4768e-02 -7.5328e-01 -2.8343e+00 +2.0996e+00 +3.1467e-01 -1.5370e+00 +8.9638e-01 +1.0561e+00 -1.4210e+00 -1.2304e+00 +3.9635e+00 -4.6749e-01 -3.3644e-01 -7.9536e-01 -1.6002e+00 +1.4238e+00 +5.1240e-01 +1.2773e+00 -2.5390e+00 -2.8064e+00
15744 +2.280554533e+04 +2.280554533e+04 +2.231401533e+04 +2.231401533e+04 -8.8003e-03 -1.9778e-01 -3.0227e+00 +2.2818e+00 +9.2540e-01 -1.4935e+00 +7.6700e-01 +6.0187e-01 -1.3771e+00 -8.4375e-01 +4.0732e+00 -3.4911e-01 -5.3053e-01 -5.7258e-01 -2.4376e+00 +1.5559e+00 -3.2890e-01 +9.7992e-01 -2.4441e+00 -2.7871e+00
17515 +1.533095221e+04 +1.533095221e+04 +1.483942221e+04 +1.483942221e+04 +3.4115e-01 -2.2287e-01 -3.0530e+00 +2.3569e+00 +1.1856e+00 -1.7693e+00 +6.6817e-01 +6.2965e-01 -1.3441e+00 -8.3188e-01 +4.2399e+00 -4.7854e-01 -5.7631e-01 -6.7427e-01 -2.6972e+00 +1.7621e+00 -5.4918e-01 +9.8681e-01 -2.3191e+00 -2.6778e+00
20795 +9.937562788e+03 +9.937562788e+03 +9.446032788e+03 +9.446032788e+03 -3.8034e-02 -7.9729e-02 -3.3982e+00 +2.6225e+00 +1.6344e+00 -1.8500e+00 +1.0997e+00 +8.8481e-01 -7.4534e-01 -3.8028e-01 +4.0529e+00 -4.1471e-01 -9.7852e-01 -2.4979e-01 -3.1783e+00 +1.7986e+00 -3.8518e-01 +7.2676e-01 -2.5997e+00 -2.4003e+00
29849 +6.109853062e+03 +6.109853062e+03 +5.618323062e+03 +5.618323062e+03 -9.2134e-03 -4.8631e-01 -3.8124e+00 +2.2899e+00 +2.3110e+00 -1.7678e+00 +1.1643e+00 +1.3735e+00 -8.7889e-01 -7.1711e-01 +3.7276e+00 -1.1404e+00 -1.1865e+00 -7.2900e-01 -3.3571e+00 +1.2913e+00 -3.3786e-01 +1.4808e+00 -2.8697e+00 -2.2223e+00
% function evaluation | noise-free fitness - Fopt (-1.702000000000e+02) | best noise-free fitness - Fopt | measured fitness | best measured fitness | x1 | x2...
1 +1.110402917e+07 +1.110402917e+07 +1.110385897e+07 +1.110385897e+07 +2.5119e+00 -3.9574e+00 +2.8036e+00 +1.2174e+00 +3.2149e+00 +3.9972e+00 -9.0147e-01 -1.0055e+00 +2.3029e+00 -1.9066e+00 +8.9971e-01 -1.7437e+00 -7.1204e-01 +7.6891e-01 -1.4326e+00 +4.3749e-01 +1.5233e+00 -2.9581e+00 -1.9877e+00 +2.4370e+00
4 +4.534812927e+06 +4.534812927e+06 +4.534642727e+06 +4.534642727e+06 +3.5230e+00 +6.2239e-01 -3.7587e+00 +1.3595e+00 +2.3561e+00 +1.6930e+00 -2.3422e+00 -5.9793e-01 -4.7894e-01 -4.2425e-01 +1.0870e-01 +3.8877e+00 +1.1808e+00 -1.5356e-01 +3.7570e+00 -3.0528e-01 +3.2032e+00 -3.8382e+00 +8.5785e-01 +1.5319e+00
20 +3.062189025e+06 +3.062189025e+06 +3.062018825e+06 +3.062018825e+06 -3.7857e+00 +1.5738e+00 -1.4898e+00 -6.2398e-01 +3.9638e+00 -3.1084e+00 -6.0314e-01 -1.6853e+00 -9.4711e-01 -3.4036e+00 -3.5756e+00 -1.4403e+00 +6.4064e-01 -1.4295e+00 -2.8590e+00 +2.8833e+00 -1.9276e+00 -2.4398e+00 -2.1432e+00 +2.9780e+00
59 +1.322682542e+06 +1.322682542e+06 +1.322512342e+06 +1.322512342e+06 -1.1507e+00 -3.6043e+00 +8.4010e-01 -1.3643e+00 +1.2760e+00 -2.4449e+00 -2.8042e+00 -3.5943e-01 -2.3458e+00 +1.0003e+00 -1.7525e+00 -3.1819e-02 -3.0582e+00 -1.1178e+00 +2.7474e+00 -3.9641e+00 -5.9459e-02 +3.4596e+00 -2.5392e+00 +1.7660e+00
461 +9.980738964e+05 +9.980738964e+05 +9.979036964e+05 +9.979036964e+05 -9.5325e-01 -3.6210e+00 +8.9175e-01 -1.3266e+00 +1.4484e+00 -2.4716e+00 -2.7098e+00 -4.8908e-01 -2.2518e+00 +1.0639e+00 -1.4551e+00 -2.9118e-01 -3.1551e+00 -1.0271e+00 +2.7708e+00 -4.1435e+00 -3.2408e-01 +3.4819e+00 -2.5000e+00 +1.7678e+00
1113 +5.631615685e+05 +5.631615685e+05 +5.629913685e+05 +5.629913685e+05 -9.3503e-01 -3.4752e+00 +5.7993e-01 -1.1333e+00 +1.5216e+00 -2.5229e+00 -2.8885e+00 -6.9190e-01 -2.2489e+00 +1.2241e+00 -1.2893e+00 -2.1294e-01 -2.9789e+00 -1.1782e+00 +2.6906e+00 -4.0190e+00 -6.5801e-01 +3.2116e+00 -2.3680e+00 +1.6100e+00
1846 +3.852311292e+05 +3.852311292e+05 +3.850609292e+05 +3.850609292e+05 -1.0455e+00 -3.9508e+00 +5.6128e-01 -1.2203e+00 +1.5256e+00 -2.5956e+00 -2.9659e+00 -5.8470e-01 -2.5838e+00 +1.3977e+00 -1.2713e+00 -2.8036e-01 -2.6391e+00 -1.3355e+00 +2.6667e+00 -4.3079e+00 -7.4167e-01 +3.4888e+00 -2.4639e+00 +1.5691e+00
3495 +2.507186908e+05 +2.507186908e+05 +2.505484908e+05 +2.505484908e+05 -1.1176e+00 -4.0414e+00 +5.4025e-01 -8.7103e-01 +1.7573e+00 -2.3989e+00 -3.5183e+00 -7.1103e-01 -2.6721e+00 +1.6120e+00 -1.1913e+00 -1.6087e-01 -2.3391e+00 -1.1984e+00 +2.4107e+00 -4.7344e+00 -1.0132e+00 +3.5739e+00 -2.3301e+00 +1.1871e+00
4151 +1.572168297e+05 +1.572168297e+05 +1.570466297e+05 +1.570466297e+05 -9.5062e-01 -4.2845e+00 +6.4440e-01 -9.2265e-01 +1.8123e+00 -2.3083e+00 -3.4956e+00 -4.0136e-01 -2.6378e+00 +1.6327e+00 -1.0486e+00 +3.5760e-03 -2.3557e+00 -1.3840e+00 +2.2747e+00 -5.0127e+00 -1.2151e+00 +3.5374e+00 -1.9952e+00 +7.1816e-01
5123 +9.691128984e+04 +9.691128984e+04 +9.674108984e+04 +9.674108984e+04 -9.7566e-01 -4.1616e+00 +6.1262e-01 -9.2510e-01 +2.0701e+00 -2.0415e+00 -3.2901e+00 -4.7056e-01 -2.8103e+00 +1.4646e+00 -1.0309e+00 +9.3586e-02 -2.4366e+00 -1.2552e+00 +2.0670e+00 -4.9551e+00 -1.3926e+00 +3.2289e+00 -1.9179e+00 +4.3744e-01
6891 +5.893974188e+04 +5.893974188e+04 +5.876954188e+04 +5.876954188e+04 -9.7379e-01 -4.2209e+00 +3.3249e-01 -8.3196e-01 +2.1309e+00 -2.0932e+00 -3.6551e+00 -4.3834e-01 -2.8147e+00 +1.5966e+00 -1.0517e+00 +1.6092e-01 -2.2881e+00 -9.5008e-01 +1.5384e+00 -5.2805e+00 -1.3179e+00 +3.1331e+00 -1.4761e+00 +1.2918e-01
10778 +3.905619973e+04 +3.905619973e+04 +3.888599973e+04 +3.888599973e+04 -1.3274e+00 -4.7460e+00 +9.3372e-01 -4.2687e-01 +2.3217e+00 -1.1492e+00 -3.2597e+00 -4.0092e-01 -3.0401e+00 +2.0189e+00 -1.0630e+00 +3.5384e-01 -2.0568e+00 -1.0778e+00 +1.1718e+00 -5.2131e+00 -1.6764e+00 +2.9960e+00 -9.2423e-01 +2.8028e-01
14447 +2.488775423e+04 +2.488775423e+04 +2.471755423e+04 +2.471755423e+04 -1.7748e+00 -4.9954e+00 +1.4783e+00 -2.7031e-01 +2.3386e+00 -6.6003e-01 -3.0148e+00 -1.3038e-01 -3.4822e+00 +2.5164e+00 -8.0403e-01 +5.4245e-01 -1.5349e+00 -1.1591e+00 +9.4529e-01 -5.3779e+00 -1.6914e+00 +3.0187e+00 -6.2820e-01 +6.2336e-01
19727 +1.539559461e+04 +1.539559461e+04 +1.522539461e+04 +1.522539461e+04 -1.6660e+00 -4.8764e+00 +1.8121e+00 -4.9608e-01 +2.5435e+00 -1.1735e+00 -2.9556e+00 -2.2891e-01 -3.9520e+00 +3.2673e+00 -7.6301e-01 +1.0366e+00 -1.5486e+00 -1.0895e+00 +6.4949e-01 -4.7630e+00 -2.0158e+00 +3.3164e+00 +1.2089e-01 +7.1338e-01
27789 +9.745098670e+03 +9.745098670e+03 +9.574898670e+03 +9.574898670e+03 -1.7916e+00 -4.7371e+00 +2.3883e+00 -1.7743e-02 +2.2321e+00 -6.7372e-01 -3.0000e+00 -2.3088e-04 -4.2600e+00 +4.2868e+00 -1.1605e+00 +1.1113e+00 -1.2487e+00 -5.9805e-01 +8.1076e-01 -4.5088e+00 -2.5943e+00 +2.8389e+00 +7.3795e-01 +8.2717e-01
% function evaluation | noise-free fitness - Fopt (-4.697500000000e+02) | best noise-free fitness - Fopt | measured fitness | best measured fitness | x1 | x2...
1 +1.470180786e+07 +1.470180786e+07 +1.470133811e+07 +1.470133811e+07 +2.1616e+00 -1.8509e+00 -3.4387e-01 -3.4893e+00 +5.6386e-02 -3.7887e+00 -1.6520e-01 +1.4961e+00 -1.1802e+00 +1.5868e+00 -3.2281e+00 +4.8269e-01 -2.7842e+00 -1.1145e+00 +2.0385e+00 -3.5928e+00 -3.0228e+00 +2.3090e+00 -6.8809e-01 -1.1482e+00
5 +4.689037849e+06 +4.689037849e+06 +4.688568099e+06 +4.688568099e+06 +8.5244e-02 -2.0269e+00 +3.1607e+00 +2.0937e+00 -3.0366e+00 +2.6817e+00 +1.8359e+00 -2.6094e+00 -3.1741e+00 +4.0037e-01 +1.2646e+00 -1.5782e+00 +3.2676e+00 -1.3677e-01 -1.2517e+00 -3.6736e+00 +8.1542e-01 -1.9977e+00 +1.7135e+00 -1.2055e+00
22 +3.429799345e+06 +3.429799345e+06 +3.429329595e+06 +3.429329595e+06 +4.9595e-02 -1.4229e-01 +1.6915e+00 +1.4168e+00 -2.2790e-02 +2.6192e+00 +4.7596e-01 -2.3468e+00 -1.0413e+00 +4.4934e-01 +1.1258e-01 -1.7618e+00 +2.2749e+00 -1.7376e+00 +1.8956e+00 -2.2856e+00 +7.5073e-01 +8.2258e-01 +1.5820e+00 -1.4533e+00
164 +2.417771268e+06 +2.417771268e+06 +2.417301518e+06 +2.417301518e+06 -6.0439e-01 -7.4823e-01 +1.3155e+00 +1.4083e+00 -6.6900e-01 +2.5237e+00 +1.2423e+00 -2.3356e+00 -1.0426e+00 +7.0823e-01 +8.4014e-01 -1.6881e+00 +2.7502e+00 -1.7924e+00 +2.3338e+00 -1.0421e+00 +8.0542e-01 +1.0373e+00 +1.6719e+00 -1.4914e+00
854 +1.479558392e+06 +1.479558392e+06 +1.479088642e+06 +1.479088642e+06 -2.1489e+00 -1.9123e-01 +2.2060e+00 -1.7476e+00 -9.4054e-01 +1.7020e+00 +7.4433e-01 -1.7242e-01 +2.3169e+00 +1.2370e+00 +5.4832e-01 -1.1814e+00 +2.1713e+00 -6.7136e-01 +9.6903e-01 +4.0845e-01 -6.5989e-02 +1.5210e+00 +2.0685e+00 -3.1542e+00
1711 +9.998269280e+05 +9.998269280e+05 +9.993571780e+05 +9.993571780e+05 -2.1833e+00 -1.7207e-01 +2.3037e+00 -1.7429e+00 -1.0764e+00 +1.9553e+00 +6.9635e-01 +1.0755e-01 +2.2913e+00 +1.0706e+00 +4.5927e-01 -8.2473e-01 +2.1640e+00 -8.4467e-01 +9.1951e-01 +7.1174e-01 -1.5410e-01 +1.7464e+00 +2.0704e+00 -2.9268e+00
2510 +6.249311097e+05 +6.249311097e+05 +6.244613597e+05 +6.244613597e+05 -2.0769e+00 -4.2529e-01 +2.3620e+00 -1.8964e+00 -1.4147e+00 +2.2629e+00 +8.2824e-01 -4.4557e-01 +2.5738e+00 +1.1524e+00 +2.8295e-01 -7.4781e-01 +2.1783e+00 -8.3688e-01 +8.0869e-01 +6.8866e-01 -3.1601e-01 +1.5344e+00 +2.3115e+00 -2.6096e+00
3221 +3.780154394e+05 +3.780154394e+05 +3.775456894e+05 +3.775456894e+05 -1.9052e+00 -4.9845e-01 +2.5039e+00 -1.7125e+00 -1.5256e+00 +2.4193e+00 +8.4125e-01 -4.3906e-01 +2.4703e+00 +1.1680e+00 +3.1238e-01 -9.0683e-01 +2.3429e+00 -1.0159e+00 +7.1784e-01 +8.5428e-01 -3.1325e-01 +1.6885e+00 +2.0694e+00 -2.5611e+00
3756 +2.465010717e+05 +2.465010717e+05 +2.460313217e+05 +2.460313217e+05 -1.9749e+00 -6.0936e-01 +2.5374e+00 -2.0408e+00 -1.5405e+00 +2.6423e+00 +8.8613e-01 -2.4618e-01 +2.3271e+00 +1.2183e+00 +1.2366e-01 -8.5135e-01 +2.4061e+00 -1.1089e+00 +4.9186e-01 +1.0033e+00 -4.4746e-01 +1.7279e+00 +2.0874e+00 -2.5169e+00
4262 +1.539376086e+05 +1.539376086e+05 +1.534678586e+05 +1.534678586e+05 -2.0441e+00 -6.3570e-01 +2.6177e+00 -1.8990e+00 -1.2653e+00 +2.9513e+00 +9.0846e-01 -5.3422e-02 +2.4303e+00 +1.3993e+00 -4.9640e-02 -7.5820e-01 +2.7138e+00 -1.1695e+00 +4.8552e-01 +9.7742e-01 -4.1720e-01 +1.9731e+00 +2.0183e+00 -2.3901e+00
4861 +8.530011354e+04 +8.530011354e+04 +8.483036354e+04 +8.483036354e+04 -1.8574e+00 -7.4306e-01 +2.7395e+00 -1.8609e+00 -1.4917e+00 +3.1698e+00 +8.9769e-01 +3.1994e-03 +2.5721e+00 +1.5741e+00 -1.6637e-01 -5.9637e-01 +2.5728e+00 -7.5425e-01 +5.9341e-01 +1.2505e+00 -5.5730e-01 +1.9472e+00 +1.8198e+00 -2.5029e+00
5385 +5.604046254e+04 +5.604046254e+04 +5.557071254e+04 +5.557071254e+04 -2.0773e+00 -9.0111e-01 +3.0167e+00 -1.7332e+00 -1.6437e+00 +3.3000e+00 +8.2243e-01 -2.2554e-02 +2.7483e+00 +1.5820e+00 -3.7953e-01 -5.3929e-01 +2.5273e+00 -8.9638e-01 +7.4352e-01 +1.1476e+00 -4.4028e-01 +2.0844e+00 +1.9485e+00 -2.5911e+00
6521 +3.957706822e+04 +3.957706822e+04 +3.910731822e+04 +3.910731822e+04 -2.4304e+00 -1.1437e+00 +3.2155e+00 -1.5926e+00 -1.8530e+00 +3.1938e+00 +6.5996e-01 +9.5325e-02 +2.6738e+00 +1.4485e+00 -6.0000e-01 -4.9837e-01 +2.3191e+00 -9.2752e-01 +7.5435e-01 +1.2673e+00 -5.1438e-01 +2.0886e+00 +1.9036e+00 -2.4961e+00
8170 +2.441040926e+04 +2.441040926e+04 +2.394065926e+04 +2.394065926e+04 -2.4033e+00 -1.5738e+00 +3.5306e+00 -1.4022e+00 -1.8442e+00 +3.3441e+00 +6.6582e-01 +3.4934e-01 +2.3416e+00 +1.5614e+00 -6.8087e-01 -3.7957e-01 +2.1746e+00 -6.2116e-01 +5.7242e-01 +1.2465e+00 -9.1241e-01 +1.6977e+00 +1.5149e+00 -2.2489e+00
11174 +1.467226309e+04 +1.467226309e+04 +1.420251309e+04 +1.420251309e+04 -2.8285e+00 -1.7073e+00 +3.5030e+00 -1.4864e+00 -1.9141e+00 +3.3399e+00 +7.3981e-01 +1.4788e-01 +2.2159e+00 +1.7758e+00 -1.0473e+00 -1.2038e-01 +2.1142e+00 -2.5942e-01 +1.1033e+00 +5.4026e-01 -1.3676e+00 +1.4171e+00 +1.0614e+00 -2.3275e+00
16813 +7.375333662e+03 +7.375333662e+03 +6.905583662e+03 +6.905583662e+03 -2.6296e+00 -2.1939e+00 +3.3130e+00 -1.2560e+00 -1.6814e+00 +3.1496e+00 +4.9347e-01 -3.4207e-02 +1.9409e+00 +1.9596e+00 -1.4849e+00 +1.1368e-02 +2.4963e+00 -5.0381e-01 +1.0941e+00 -1.0904e-01 -1.8772e+00 +9.4772e-01 +6.5369e-01 -2.1636e+00
23652 +5.982855747e+03 +5.982855747e+03 +5.513105747e+03 +5.513105747e+03 -2.4708e+00 -2.9745e+00 +3.3488e+00 -9.4348e-01 -1.5190e+00 +2.9931e+00 +5.9402e-01 +2.8768e-02 +2.0210e+00 +1.9763e+00 -1.6663e+00 -1.9590e-01 +2.6116e+00 -6.7577e-01 +1.1088e+00 -3.8755e-01 -1.8288e+00 +4.4222e-01 +3.9577e-01 -2.0565e+00
28307 +3.956813304e+03 +3.956813304e+03 +3.487063304e+03 +3.487063304e+03 -2.2219e+00 -2.8349e+00 +3.4193e+00 -4.7081e-01 -1.2694e+00 +3.2298e+00 +1.5502e-01 +3.0966e-01 +1.9313e+00 +2.4062e+00 -1.6969e+00 -4.4516e-02 +2.3732e+00 -7.1381e-01 +1.5568e+00 -5.3731e-01 -1.8820e+00 +3.7475e-01 +3.6934e-01 -1.9675e+00
% function evaluation | noise-free fitness - Fopt (1.999100000000e+02) | best noise-free fitness - Fopt | measured fitness | best measured fitness | x1 | x2...
1 +7.913021558e+06 +7.913021558e+06 +7.913221468e+06 +7.913221468e+06 -7.6686e-01 -3.5171e+00 -3.0240e+00 +2.1605e+00 -2.9573e+00 -8.0381e-01 +7.4800e-01 +2.8420e+00 +3.2378e+00 -2.2842e+00 +3.6204e+00 +3.0408e+00 -1.3423e+00 -2.0733e+00 -3.6976e+00 -1.6167e+00 -2.7851e+00 +1.3881e-01 -1.9506e-01 -2.6943e+00
2 +4.797169040e+06 +4.797169040e+06 +4.797368950e+06 +4.797368950e+06 -1.7358e+00 -9.0021e-01 +5.0323e-01 -5.5940e-01 -2.1470e+00 +1.4316e+00 +3.5623e+00 +2.4513e+00 -1.7119e+00 +8.6466e-01 -3.1007e+00 +4.0470e-02 -3.8697e+00 -7.6157e-01 +1.0414e+00 +4.4609e-01 -1.8281e+00 +2.8908e+00 +3.5632e+00 +3.5343e+00
29 +7.901469383e+05 +7.901469383e+05 +7.903468483e+05 +7.903468483e+05 +3.9057e+00 +8.6468e-01 +3.3651e-03 -9.2382e-01 -3.2204e-01 +1.7283e+00 +4.7904e-01 +2.6637e+00 -1.8477e+00 +3.7048e-03 -2.1132e+00 -3.8394e-02 -5.3252e-01 -8.2954e-01 +1.6742e+00 +4.1321e-01 -8.2636e-01 +1.0982e+00 +3.3215e+00 +3.3486e+00
95 +6.167854564e+05 +6.167854564e+05 +6.169853664e+05 +6.169853664e+05 -2.3645e+00 +2.3949e+00 +3.5041e+00 -2.4170e+00 +6.9905e-01 -1.1007e+00 +8.2826e-01 +3.2561e+00 +4.7523e-01 -3.7636e-01 -1.4559e+00 -2.2439e-01 -2.7526e+00 +3.1177e+00 +1.8393e+00 +6.5409e-01 +5.2177e-01 +1.3843e+00 -3.4286e-01 -2.2310e+00
857 +3.969224065e+05 +3.969224065e+05 +3.971223165e+05 +3.971223165e+05 -2.0447e+00 +2.2622e+00 +3.4089e+00 -2.4654e+00 +6.2361e-01 -1.3846e+00 +7.4280e-01 +3.1564e+00 +5.1273e-01 -3.6705e-01 -1.1802e+00 -1.4359e-01 -2.5981e+00 +3.1475e+00 +1.9548e+00 +4.7442e-01 +8.4125e-01 +1.1605e+00 -7.2110e-01 -2.3961e+00
1869 +2.423682298e+05 +2.423682298e+05 +2.425681398e+05 +2.425681398e+05 -1.6413e+00 +2.2261e+00 +3.3034e+00 -2.1297e+00 +7.5737e-01 -1.2526e+00 +4.4481e-01 +3.1330e+00 +1.4905e-01 -9.4501e-02 -1.1471e+00 -5.0826e-01 -2.8931e+00 +3.3238e+00 +1.5482e+00 +2.7031e-01 +6.3242e-01 +1.0463e+00 -3.8404e-01 -2.4647e+00
3226 +1.574158480e+05 +1.574158480e+05 +1.576157580e+05 +1.576157580e+05 -1.1782e+00 +2.2693e+00 +3.3416e+00 -1.9638e+00 +6.6287e-01 -1.2888e+00 +1.9902e-01 +2.7808e+00 +2.2994e-03 -4.7168e-01 -1.2181e+00 -7.5184e-01 -2.7168e+00 +3.7186e+00 +1.3995e+00 +4.1472e-01 +7.8483e-01 +1.1251e+00 -2.7568e-01 -2.6141e+00
4875 +9.935307029e+04 +9.935307029e+04 +9.955298029e+04 +9.955298029e+04 -1.6674e+00 +2.4560e+00 +3.5116e+00 -1.9983e+00 +6.2302e-01 -1.4435e+00 -5.0617e-01 +2.4687e+00 -4.4196e-01 -9.8356e-01 -1.2070e+00 -1.2605e+00 -2.3386e+00 +3.6430e+00 +8.6021e-01 +7.0445e-01 +6.5048e-01 +1.0689e+00 -1.4437e-01 -2.5603e+00
6769 +6.028995112e+04 +6.028995112e+04 +6.048986112e+04 +6.048986112e+04 -1.7101e+00 +3.0979e+00 +3.2714e+00 -1.8168e+00 +5.0528e-01 -1.6096e+00 -3.9705e-01 +2.5857e+00 -7.3210e-01 -1.3777e+00 -1.3099e+00 -1.6972e+00 -2.4741e+00 +3.7179e+00 +8.1447e-01 +9.3266e-01 +6.1817e-01 +9.7311e-01 -7.9272e-02 -2.9847e+00
9266 +3.811012856e+04 +3.811012856e+04 +3.831003856e+04 +3.831003856e+04 -1.8680e+00 +3.6338e+00 +3.3817e+00 -1.6051e+00 +4.5463e-01 -1.4174e+00 -7.8456e-01 +2.6245e+00 -1.0675e+00 -1.3945e+00 -1.2701e+00 -2.5581e+00 -2.3776e+00 +4.1556e+00 +8.1686e-01 +9.7041e-01 +1.1665e-01 +1.0482e+00 -1.1920e-01 -3.0031e+00
11432 +2.356637218e+04 +2.356637218e+04 +2.376628218e+04 +2.376628218e+04 -1.8037e+00 +3.7444e+00 +3.2631e+00 -1.3404e+00 +1.5163e-01 -1.6216e+00 -8.0131e-01 +2.6365e+00 -1.4391e+00 -1.6661e+00 -1.1510e+00 -2.7382e+00 -2.1460e+00 +3.9476e+00 +1.0809e+00 +1.3187e+00 +8.1743e-02 +5.6599e-01 -4.5959e-01 -2.5858e+00
12693 +1.514166844e+04 +1.514166844e+04 +1.534157844e+04 +1.534157844e+04 -1.5644e+00 +3.9129e+00 +3.2464e+00 -1.1873e+00 -7.7117e-02 -1.3108e+00 -7.1278e-01 +2.5712e+00 -1.6301e+00 -1.6307e+00 -1.0827e+00 -3.0455e+00 -2.0617e+00 +4.0661e+00 +1.0120e+00 +1.4921e+00 -6.8826e-03 +7.1395e-01 -3.6068e-01 -2.5986e+00
15974 +9.349384077e+03 +9.349384077e+03 +9.549294077e+03 +9.549294077e+03 -1.1336e+00 +3.8475e+00 +2.8280e+00 -5.6446e-01 +8.1292e-02 -1.2260e+00 -3.8262e-01 +2.8743e+00 -1.8323e+00 -1.4649e+00 -1.1783e+00 -3.5422e+00 -2.1399e+00 +3.8431e+00 +6.6116e-01 +1.7754e+00 -1.0149e-01 +9.5546e-01 -6.5811e-01 -2.2954e+00
18891 +6.140076486e+03 +6.140076486e+03 +6.339986486e+03 +6.339986486e+03 +2.2656e-01 +3.0162e+00 +8.1700e-01 +9.1635e-01 -2.8304e+00 +1.0063e+00 +6.9022e-02 -7.5717e-01 -1.3706e+00 +2.6509e+00 -2.9826e-01 -5.1615e+00 -1.3216e+00 +2.2793e+00 -8.4112e-01 +1.2981e+00 -2.8758e+00 +2.1680e+00 -2.5383e+00 -3.0165e+00
23919 +3.335892832e+03 +3.335892832e+03 +3.535802832e+03 +3.535802832e+03 -8.7088e-01 +4.0698e+00 +2.8052e+00 +4.2777e-02 +2.3941e-01 -8.8755e-01 -4.7540e-01 +3.2445e+00 -2.5686e+00 -8.4839e-01 -9.3322e-01 -4.3462e+00 -2.1199e+00 +3.2652e+00 +6.7239e-01 +1.5072e+00 -2.1527e-01 +1.2954e+00 -9.9191e-01 -1.9758e+00
% function evaluation | noise-free fitness - Fopt (-4.296000000000e+02) | best noise-free fitness - Fopt | measured fitness | best measured fitness | x1 | x2...
1 +2.353014073e+07 +2.353014073e+07 +2.352971113e+07 +2.352971113e+07 -2.7461e-01 -5.8023e-01 -2.0727e+00 +1.7030e+00 +3.8562e+00 -3.5183e+00 -3.4836e+00 +5.7685e-01 -1.0355e-01 -1.4014e+00 -1.3127e+00 -2.1993e-01 +2.6861e+00 +1.9963e+00 +1.6573e+00 +3.0620e+00 -5.9699e-01 +8.9973e-01 +2.3076e+00 -1.2247e+00
3 +3.883033343e+06 +3.883033343e+06 +3.882603743e+06 +3.882603743e+06 +2.9862e+00 -3.5595e-01 +8.5041e-01 -2.2030e+00 +1.3706e+00 -2.4090e-01 +3.0586e+00 -5.0620e-01 +1.1628e+00 +3.6939e+00 -1.4050e+00 -3.6067e+00 -3.8853e+00 -2.5554e+00 +6.0094e-01 -2.4630e+00 -2.3372e+00 +1.8010e+00 -2.7181e+00 +2.5432e+00
33 +2.321477682e+06 +2.321477682e+06 +2.321048082e+06 +2.321048082e+06 +2.7784e+00 +3.7463e-01 +7.3104e-01 -1.5763e+00 +1.0082e+00 +1.4082e-01 +1.3344e+00 -1.7339e-01 +1.0191e+00 +8.5213e-02 +2.0594e+00 -3.5901e+00 +2.3832e-01 -1.5941e+00 -1.0733e-02 -2.1649e+00 -4.1887e-01 -1.8583e+00 -2.1065e+00 +3.2232e+00
72 +1.385959504e+06 +1.385959504e+06 +1.385529904e+06 +1.385529904e+06 -2.8078e+00 -2.2654e+00 -5.9637e-01 +1.6064e+00 -2.3002e+00 +1.2221e+00 +8.6751e-01 -1.9644e+00 +9.9427e-01 +4.2005e-01 +1.6430e+00 -3.1351e+00 +1.6280e+00 -5.6984e-01 -1.0559e+00 -2.1892e+00 +2.8644e-01 +1.0188e+00 -2.5569e+00 -1.1626e+00
80 +3.883332196e+05 +3.883332196e+05 +3.879036196e+05 +3.879036196e+05 -2.2848e+00 -2.3464e+00 -4.9448e-01 +1.7185e+00 -9.2599e-01 +1.5790e+00 -1.7168e+00 -5.7775e-01 -1.1441e+00 +2.6985e+00 +2.6977e+00 -1.5877e+00 -3.2231e-03 -3.2450e-01 +2.6379e-01 -3.0098e+00 -2.2669e+00 +2.6656e+00 -1.0645e+00 -7.7742e-01
205 +2.014032215e+05 +2.014032215e+05 +2.009736215e+05 +2.009736215e+05 -2.4320e+00 -1.4506e-02 -3.5106e-01 +1.0539e+00 -3.6985e-01 +1.7103e+00 -1.1870e+00 -1.9582e-01 -7.6679e-01 +6.0439e-01 +1.4813e+00 -1.5930e+00 +1.5140e+00 -2.7459e-01 -1.0488e+00 -1.7334e+00 -1.3341e+00 +1.9001e+00 -3.3976e-01 -1.8638e-01
591 +1.551479432e+05 +1.551479432e+05 +1.547183432e+05 +1.547183432e+05 -2.5416e+00 -1.8352e-01 -4.0512e-01 +1.1261e+00 -3.3458e-01 +1.4742e+00 -1.2672e+00 -1.1731e-01 -7.4419e-01 +7.1741e-01 +1.5605e+00 -1.4777e+00 +1.4742e+00 -1.3477e-01 -8.9901e-01 -1.7758e+00 -1.2158e+00 +1.9449e+00 -2.9896e-01 +5.7150e-02
1591 +9.858218421e+04 +9.858218421e+04 +9.815258421e+04 +9.815258421e+04 -2.7647e+00 -2.9775e-01 -5.4286e-01 +1.1123e+00 -5.8950e-01 +1.6236e+00 -1.4118e+00 +2.7621e-02 -3.9523e-01 +8.1610e-01 +1.6412e+00 -1.3904e+00 +1.3406e+00 -2.4750e-01 -1.2310e+00 -1.9659e+00 -1.2461e+00 +2.0995e+00 -3.8464e-01 +2.1519e-01
3240 +6.223655021e+04 +6.223655021e+04 +6.180695021e+04 +6.180695021e+04 -3.1094e+00 +6.6092e-03 -4.7237e-01 +1.2657e+00 -3.7019e-01 +1.8158e+00 -1.8175e+00 +2.7702e-01 -5.4528e-01 +7.6150e-01 +1.4697e+00 -1.3315e+00 +1.7877e+00 -3.7097e-01 -1.1516e+00 -1.9390e+00 -8.7630e-01 +2.2892e+00 -1.8457e-01 +7.1384e-01
5146 +3.913997954e+04 +3.913997954e+04 +3.871037954e+04 +3.871037954e+04 -3.4844e+00 -4.3222e-01 -5.3354e-01 +1.6200e+00 -4.8403e-01 +1.3553e+00 -2.0096e+00 +3.3791e-02 -6.6818e-01 +9.0712e-01 +1.6317e+00 -1.2195e+00 +1.9745e+00 -9.2835e-01 -1.4683e+00 -1.6955e+00 -7.2660e-01 +2.3830e+00 +1.4746e-01 +1.0046e+00
6764 +2.483044177e+04 +2.483044177e+04 +2.440084177e+04 +2.440084177e+04 -3.8115e+00 -6.8538e-01 -4.6531e-01 +1.6642e+00 -5.0374e-01 +1.2175e+00 -2.3269e+00 -9.3869e-02 -5.8092e-01 +8.4069e-01 +2.0134e+00 -1.1153e+00 +2.0305e+00 -1.3173e+00 -1.3895e+00 -1.3170e+00 -8.0539e-01 +2.5202e+00 -1.5012e-01 +1.3270e+00
8155 +1.571159717e+04 +1.571159717e+04 +1.528199717e+04 +1.528199717e+04 -3.9385e+00 -7.1350e-01 -7.2274e-01 +1.7572e+00 -3.3094e-01 +1.1759e+00 -2.5704e+00 -3.6553e-02 -7.2934e-01 +9.1380e-01 +1.8388e+00 -1.2755e+00 +2.0313e+00 -7.7081e-01 -1.7499e+00 -1.1332e+00 -8.3624e-01 +2.7468e+00 -3.7941e-02 +1.5392e+00
9927 +9.618064754e+03 +9.618064754e+03 +9.188464754e+03 +9.188464754e+03 -4.0172e+00 -5.5168e-01 -7.7391e-01 +1.3079e+00 -1.9674e-01 +9.2722e-01 -2.6760e+00 +5.2703e-02 -8.5384e-01 +1.2298e+00 +1.8647e+00 -1.4275e+00 +1.9449e+00 -4.5876e-01 -1.9028e+00 -1.1497e+00 -5.7569e-01 +3.0622e+00 +3.7534e-01 +1.8851e+00
11559 +6.256266225e+03 +6.256266225e+03 +5.826666225e+03 +5.826666225e+03 -4.3266e+00 -5.5489e-01 -8.6560e-01 +1.5493e+00 -3.3058e-01 +7.2592e-01 -2.8030e+00 -1.1883e-01 -8.1557e-01 +1.2650e+00 +1.6946e+00 -1.4133e+00 +1.8733e+00 -7.5695e-01 -1.9008e+00 -1.0650e+00 -3.2958e-01 +3.0045e+00 +4.5508e-01 +1.9209e+00
13196 +3.738214439e+03 +3.738214439e+03 +3.308614439e+03 +3.308614439e+03 -4.4754e+00 -5.7469e-01 -8.7909e-01 +1.4465e+00 -4.0445e-01 +6.4758e-01 -3.1404e+00 -3.7308e-02 -8.9031e-01 +1.4425e+00 +1.7815e+00 -1.5137e+00 +1.5971e+00 -5.9773e-01 -2.0899e+00 -8.2960e-01 -3.2164e-01 +2.9046e+00 +5.7535e-01 +1.9729e+00
% function evaluation | noise-free fitness - Fopt (1.000000000000e+03) | best noise-free fitness - Fopt | measured fitness | best measured fitness | x1 | x2...
1 +2.954100425e+07 +2.954100425e+07 +2.954200425e+07 +2.954200425e+07 +5.6621e-01 -2.2192e+00 +2.3218e+00 -3.5210e+00 +2.9270e+00 -3.9154e+00 -2.0123e+00 -1.8662e+00 -3.8343e+00 -3.3401e+00 -1.2618e+00 -1.9960e+00 +1.5358e+00 -1.2936e-01 +2.3622e+00 +3.4571e+00 +3.5754e+00 -1.8088e+00 +8.2974e-02 -2.1690e+00
2 +1.308991695e+07 +1.308991695e+07 +1.309091695e+07 +1.309091695e+07 -3.5626e+00 -3.3424e+00 +1.9371e+00 +3.5059e+00 -1.5369e+00 +6.1025e-01 +6.8676e-01 +3.6812e-01 +2.8135e+00 +2.5603e+00 -1.9429e+00 -2.0072e-01 -1.2690e+00 +3.7351e+00 +3.8307e+00 -1.3383e+00 -7.9743e-01 +1.7739e+00 -5.0621e-01 -1.5599e+00
4 +8.114069606e+06 +8.114069606e+06 +8.115069606e+06 +8.115069606e+06 -2.1444e+00 -3.6313e+00 -5.0870e-02 +1.7800e+00 -2.1002e+00 -2.6704e+00 +2.9191e+00 +2.5106e+00 +2.8423e+00 -2.5882e+00 +3.4005e-01 +3.1328e+00 -2.3241e-01 -1.2091e+00 -9.7179e-01 +3.1697e-01 +9.7600e-01 -3.0759e+00 +2.5864e+00 +3.5256e+00
5 +5.280012199e+06 +5.280012199e+06 +5.281012199e+06 +5.281012199e+06 -1.5442e+00 +8.7633e-01 -1.9857e+00 +1.7350e+00 +3.0044e+00 -1.4833e+00 +3.8515e+00 +3.9046e+00 +3.7694e+00 +2.2507e+00 +3.0110e+00 +3.7012e+00 +1.9185e+00 +2.9270e-01 +6.0834e-01 +1.9215e+00 -1.9734e+00 -2.2327e+00 +2.0669e+00 +4.6532e-01
57 +3.172205575e+06 +3.172205575e+06 +3.173205575e+06 +3.173205575e+06 -1.2545e+00 -1.1991e+00 -3.7373e+00 +3.9888e+00 -1.0788e+00 -6.3890e-01 +9.7885e-01 +1.1554e+00 -2.3426e+00 +1.3280e+00 -2.1465e+00 +3.2652e+00 -3.5618e+00 -2.9070e-01 -5.2479e-01 +3.8295e+00 -9.5558e-01 -2.9677e-01 -1.5988e-01 +2.3823e+00
723 +2.405123247e+06 +2.405123247e+06 +2.406123247e+06 +2.406123247e+06 -1.4301e+00 -1.3171e+00 -3.5795e+00 +3.7596e+00 -8.9237e-01 -7.0971e-01 +1.0831e+00 +1.0689e+00 -2.6101e+00 +1.4069e+00 -2.1437e+00 +3.1834e+00 -3.6546e+00 -5.5688e-01 -4.1003e-01 +3.6177e+00 -1.0165e+00 -3.4926e-01 +8.2928e-02 +2.5066e+00
1843 +1.559629511e+06 +1.559629511e+06 +1.560629511e+06 +1.560629511e+06 -1.7900e+00 -1.4177e+00 -3.6441e+00 +3.5926e+00 -7.0981e-01 -8.6847e-01 +1.2703e+00 +9.1224e-01 -2.7756e+00 +1.3441e+00 -2.4174e+00 +3.1077e+00 -3.7253e+00 -8.5059e-01 -4.0657e-01 +3.6202e+00 -1.2446e+00 -3.2618e-01 +2.1205e-01 +2.5058e+00
2625 +9.946177202e+05 +9.946177202e+05 +9.956177202e+05 +9.956177202e+05 -2.0779e+00 -1.6682e+00 -3.6268e+00 +3.7555e+00 -4.8790e-01 -9.5661e-01 +1.7452e+00 +8.3005e-01 -2.6296e+00 +1.4945e+00 -2.3100e+00 +3.1786e+00 -3.6335e+00 -1.0406e+00 -7.0765e-01 +3.3280e+00 -1.2417e+00 -5.0596e-01 +4.0388e-01 +2.4656e+00
4140 +6.291453909e+05 +6.291453909e+05 +6.301453909e+05 +6.301453909e+05 -2.4543e+00 -1.7772e+00 -3.7260e+00 +3.5481e+00 -1.4467e-01 -1.2642e+00 +2.4640e+00 +7.6437e-01 -2.3447e+00 +1.7826e+00 -2.4479e+00 +3.4106e+00 -3.2331e+00 -1.1960e+00 -9.4896e-01 +3.0914e+00 -1.6680e+00 -6.1177e-01 +3.0374e-01 +2.2762e+00
5652 +3.962690035e+05 +3.962690035e+05 +3.972690035e+05 +3.972690035e+05 -2.4496e+00 -2.0900e+00 -3.9983e+00 +3.4678e+00 +5.1715e-02 -1.6097e+00 +2.6529e+00 +5.1344e-01 -2.4057e+00 +1.8909e+00 -2.4088e+00 +3.1420e+00 -2.9647e+00 -1.3343e+00 -1.0418e+00 +2.8591e+00 -1.8708e+00 -7.4165e-01 +3.7996e-01 +1.9080e+00
7769 +2.499852164e+05 +2.499852164e+05 +2.509852164e+05 +2.509852164e+05 -2.4354e+00 -2.1387e+00 -3.9205e+00 +3.2245e+00 +4.1483e-01 -1.7815e+00 +2.7833e+00 -8.1614e-02 -1.8804e+00 +2.0764e+00 -2.5485e+00 +2.8975e+00 -2.9963e+00 -9.4305e-01 -9.6062e-01 +2.1721e+00 -2.0091e+00 -9.7916e-01 +6.5508e-01 +1.3786e+00
9212 +1.569363476e+05 +1.569363476e+05 +1.579363476e+05 +1.579363476e+05 -3.0718e+00 -1.0882e-01 -3.1772e+00 +4.2780e-01 +2.2371e+00 -1.5256e+00 +6.3628e+00 +3.0081e+00 +2.6896e+00 +3.0172e+00 +6.1059e-01 +2.8708e+00 +1.1060e+00 -4.9665e-01 -1.4236e+00 +1.2675e+00 -2.9348e+00 -2.7273e+00 +1.2009e+00 +1.1436e-01
10960 +9.713011307e+04 +9.713011307e+04 +9.813011307e+04 +9.813011307e+04 -4.7763e+00 +4.2541e-01 +3.7508e-01 -9.9622e-01 +2.0094e+00 +8.9909e-01 +3.8894e+00 -1.7024e-01 -2.9553e-01 +1.6009e+00 -1.8564e+00 +1.4813e+00 +3.1740e+00 +4.9384e-01 -2.2560e+00 -1.7131e+00 -8.5064e-01 -2.2569e+00 -5.9582e-01 +8.9804e-02
12204 +6.218308586e+04 +6.218308586e+04 +6.318308586e+04 +6.318308586e+04 -4.8481e+00 +4.8990e-01 +2.7751e-01 -9.0020e-01 +2.0279e+00 +7.1877e-01 +3.8032e+00 -1.7940e-01 -1.4700e-01 +1.5430e+00 -2.0590e+00 +1.6864e+00 +3.1631e+00 +6.9354e-01 -2.6497e+00 -1.4381e+00 -9.9696e-01 -2.0848e+00 -4.4681e-01 +1.3191e-01
13848 +3.971053987e+04 +3.971053987e+04 +4.071053987e+04 +4.071053987e+04 -4.5537e+00 +8.5801e-01 +7.8671e-02 -8.0381e-01 +2.3465e+00 +2.9468e-01 +3.7888e+00 -2.7377e-01 -1.2002e-01 +1.4053e+00 -2.2194e+00 +1.8974e+00 +3.0770e+00 +7.7211e-01 -2.9949e+00 -1.5395e+00 -1.1711e+00 -2.0012e+00 -4.6252e-01 +3.8644e-01
15197 +2.460520800e+04 +2.460520800e+04 +2.560520800e+04 +2.560520800e+04 -3.2246e+00 +3.5265e-03 -3.5210e+00 +2.6519e+00 +2.3142e-01 -2.7762e+00 +2.9736e+00 -1.1567e+00 -3.8574e-02 +2.8066e+00 -2.2804e+00 +2.6661e+00 -1.7243e+00 -4.3017e-01 -1.9293e+00 +9.9393e-01 -1.6060e+00 -8.5427e-01 +1.5367e+00 +5.0010e-03
18332 +1.565608514e+04 +1.565608514e+04 +1.665608514e+04 +1.665608514e+04 -3.2617e+00 +3.1667e-02 -3.5774e+00 +2.3482e+00 +1.6394e-01 -3.0055e+00 +2.6916e+00 -1.2226e+00 -1.0058e-02 +3.1118e+00 -2.2718e+00 +2.8282e+00 -1.6919e+00 -3.4780e-01 -1.9154e+00 +5.3377e-01 -1.3826e+00 -7.8268e-01 +1.5770e+00 -3.2766e-01
19119 +9.471575518e+03 +9.471575518e+03 +1.047157552e+04 +1.047157552e+04 -3.4212e+00 -6.4070e-02 -3.5143e+00 +2.3767e+00 +2.2378e-01 -2.9132e+00 +2.7067e+00 -1.2015e+00 +2.4770e-01 +3.0302e+00 -2.1873e+00 +2.8633e+00 -1.7782e+00 -3.4191e-01 -2.1507e+00 +3.6476e-01 -1.4653e+00 -9.4618e-01 +1.7434e+00 -4.9581e-01
20355 +6.289466800e+03 +6.289466800e+03 +7.289466800e+03 +7.289466800e+03 -3.4306e+00 +2.2041e-02 -3.5691e+00 +2.3071e+00 +2.9342e-01 -2.9420e+00 +2.5294e+00 -1.3758e+00 +2.3140e-01 +3.3641e+00 -2.2803e+00 +2.8742e+00 -1.7074e+00 -3.1889e-01 -2.1243e+00 +2.2412e-01 -1.3239e+00 -7.4452e-01 +1.5955e+00 -6.7653e-01
22253 +3.882948183e+03 +3.882948183e+03 +4.882948183e+03 +4.882948183e+03 -3.4045e+00 +2.6805e-01 -3.4617e+00 +2.4514e+00 +4.4392e-01 -3.1503e+00 +2.5157e+00 -1.7057e+00 +4.1994e-01 +3.4499e+00 -2.2916e+00 +2.9988e+00 -1.8092e+00 -4.8063e-01 -2.4134e+00 +3.6953e-01 -1.1991e+00 -5.1522e-01 +1.8531e+00 -9.6398e-01
27519 +2.213800210e+03 +2.213800210e+03 +3.213800210e+03 +3.213800210e+03 -3.4587e+00 +2.8434e-01 -3.6206e+00 +2.4130e+00 +4.3696e-01 -2.8222e+00 +2.3809e+00 -2.2649e+00 +2.1796e-01 +3.1849e+00 -2.5440e+00 +3.1126e+00 -2.0110e+00 +1.2249e-01 -2.4987e+00 -2.6262e-01 -9.6122e-01 -5.1776e-01 +2.1590e+00 -4.7977e-01
% function evaluation | noise-free fitness - Fopt (1.951500000000e+02) | best noise-free fitness - Fopt | measured fitness | best measured fitness | x1 | x2...
1 +5.583198545e+06 +5.583198545e+06 +5.583393695e+06 +5.583393695e+06 +5.5707e-01 -8.7332e-02 +3.7164e+00 +3.9285e+00 +2.9366e+00 -5.3858e-02 +3.5588e+00 -2.4734e+00 -2.7702e+00 -2.5262e+00 +1.8287e+00 +1.4434e+00 -2.1740e+00 -3.3749e+00 +1.4915e+00 -2.1060e+00 +1.7023e-01 -3.6670e+00 +1.6707e+00 +1.4619e+00
40 +2.741693330e+06 +2.741693330e+06 +2.741888480e+06 +2.741888480e+06 +1.0650e+00 -3.2461e-02 +1.9601e+00 +4.0484e+00 -1.4221e+00 +1.7264e-01 -6.6323e-01 -2.8658e+00 -1.8328e+00 +7.8762e-02 +1.1804e+00 +2.0208e+00 +2.5848e+00 -4.2938e-01 +5.0446e-02 -3.1396e+00 -4.7042e-01 -3.5113e+00 -4.3228e-01 -9.7533e-02
41 +1.930592931e+06 +1.930592931e+06 +1.930788081e+06 +1.930788081e+06 +3.6736e+00 +2.2470e-01 +2.0436e-01 +2.8313e+00 +2.3875e+00 -1.5810e+00 -6.0138e-01 -5.8486e-01 +2.3510e-01 -2.8451e+00 -1.7303e-01 -7.8033e-01 +3.0142e+00 +2.9050e-01 -6.9535e-01 +7.8820e-01 +3.0605e+00 +1.6221e+00 +3.6277e+00 -2.2561e+00
60 +1.006780979e+06 +1.006780979e+06 +1.006976129e+06 +1.006976129e+06 -2.7047e+00 -5.8798e-01 -2.9339e+00 -1.9199e+00 +1.9287e+00 -2.5173e-01 +2.6008e+00 +2.3167e+00 -3.2451e+00 -7.1419e-01 -9.0351e-01 -1.5617e+00 -2.2052e+00 +3.0482e+00 -3.4737e+00 -1.4531e+00 -2.8836e+00 -1.4965e+00 -1.7011e+00 +2.2531e+00
74 +9.822935931e+05 +9.822935931e+05 +9.824887431e+05 +9.824887431e+05 -2.6367e+00 -5.1690e-01 -3.0061e+00 -1.8858e+00 +2.0245e+00 -1.8474e-01 +2.6432e+00 +2.3805e+00 -3.2696e+00 -6.3760e-01 -8.3790e-01 -1.6452e+00 -2.1871e+00 +3.0129e+00 -3.5574e+00 -1.4666e+00 -2.8514e+00 -1.5925e+00 -1.6962e+00 +2.1699e+00
600 +5.927478889e+05 +5.927478889e+05 +5.929430389e+05 +5.929430389e+05 -7.6836e-01 -7.1824e-01 -1.5749e+00 -1.0896e+00 +2.1117e+00 -5.1975e-01 +2.3806e+00 +1.1177e+00 -2.5542e+00 -1.3641e+00 -7.9775e-01 -1.4737e+00 -1.2716e+00 +2.8826e+00 -3.3505e+00 -1.3722e+00 -2.6006e+00 -9.5293e-01 -1.3699e+00 +1.5229e-01
1241 +3.863543181e+05 +3.863543181e+05 +3.865494681e+05 +3.865494681e+05 -8.8971e-01 -5.3391e-01 -1.4677e+00 -1.3001e+00 +2.0743e+00 -5.4130e-01 +2.6385e+00 +8.1448e-01 -2.8467e+00 -1.3517e+00 -6.0676e-01 -1.1807e+00 -1.5281e+00 +2.7760e+00 -3.5216e+00 -1.7193e+00 -2.6688e+00 -1.0349e+00 -1.1308e+00 +1.8357e-01
2369 +2.511492831e+05 +2.511492831e+05 +2.513444331e+05 +2.513444331e+05 -8.1001e-01 -5.1843e-01 -1.0390e+00 -1.1857e+00 +2.5142e+00 -3.7609e-01 +2.6477e+00 +7.3122e-01 -2.9753e+00 -1.2919e+00 -5.7308e-01 -1.0057e+00 -1.5042e+00 +2.6333e+00 -3.5322e+00 -2.2034e+00 -2.4086e+00 -1.1101e+00 -1.0881e+00 +1.4771e-01
3899 +1.578266554e+05 +1.578266554e+05 +1.580218054e+05 +1.580218054e+05 -9.7063e-01 -5.2530e-01 -1.0532e+00 -5.6441e-01 +2.3856e+00 -3.5464e-01 +2.3015e+00 +5.9366e-01 -3.4712e+00 -1.3641e+00 -5.1801e-01 -1.0908e+00 -1.5090e+00 +2.2571e+00 -3.2194e+00 -2.0688e+00 -2.2075e+00 -1.8220e+00 -2.3267e-01 +2.3512e-01
5254 +9.515513625e+04 +9.515513625e+04 +9.535028625e+04 +9.535028625e+04 -1.1581e+00 -4.3256e-01 -8.8643e-01 -5.2055e-01 +2.3882e+00 -1.6571e-02 +2.0506e+00 +4.7664e-01 -3.5560e+00 -1.2360e+00 -2.4643e-01 -6.9202e-01 -1.6294e+00 +2.4269e+00 -3.1264e+00 -2.1222e+00 -2.0307e+00 -2.1094e+00 -1.3319e-01 +4.0236e-01
6848 +6.056946200e+04 +6.056946200e+04 +6.076461200e+04 +6.076461200e+04 +9.6981e-01 +1.5391e+00 +1.1702e+00 +1.5983e+00 -1.3603e+00 +7.9448e-01 +2.0954e+00 -2.9697e+00 -2.6529e+00 +4.6003e-01 +2.7189e-01 +7.7208e-01 +2.0345e+00 -1.1798e+00 -1.2076e+00 -2.6151e+00 +1.2090e+00 -2.7972e-02 -1.8674e+00 -4.9428e-01
8091 +3.923149881e+04 +3.923149881e+04 +3.942664881e+04 +3.942664881e+04 +6.5037e-01 +1.5577e+00 +1.0754e+00 +1.6824e+00 -9.1625e-01 +1.0273e+00 +1.9369e+00 -2.9568e+00 -2.4531e+00 +7.5962e-01 +4.0129e-01 +6.0045e-01 +1.8370e+00 -1.3579e+00 -1.4582e+00 -2.6185e+00 +1.0813e+00 +3.5897e-01 -1.9776e+00 -2.6994e-01
9614 +2.492024746e+04 +2.492024746e+04 +2.511539746e+04 +2.511539746e+04 +6.6267e-01 +1.7065e+00 +8.8481e-01 +1.8210e+00 -7.8660e-01 +1.1180e+00 +2.1190e+00 -2.7516e+00 -2.3310e+00 +5.1801e-01 +3.5059e-01 +4.0572e-01 +1.6863e+00 -1.1017e+00 -1.5243e+00 -2.6209e+00 +1.2189e+00 +2.7299e-01 -2.1392e+00 +9.5909e-02
13027 +1.573474694e+04 +1.573474694e+04 +1.592989694e+04 +1.592989694e+04 +1.1007e+00 +1.8672e+00 +1.0989e+00 +2.0479e+00 -2.8503e-02 +1.2208e+00 +2.2863e+00 -2.3612e+00 -1.8712e+00 +4.9457e-01 +1.6692e-01 +7.6828e-01 +1.1257e+00 -8.8187e-01 -1.6899e+00 -2.4421e+00 +1.1940e+00 +3.1340e-01 -2.2719e+00 +1.7375e-01
14654 +9.998515143e+03 +9.998515143e+03 +1.019366514e+04 +1.019366514e+04 +1.2904e+00 +1.8109e+00 +1.0882e+00 +2.0951e+00 +4.2976e-01 +1.3187e+00 +2.4401e+00 -2.5003e+00 -1.6585e+00 +5.6270e-01 +2.6515e-01 +9.8672e-01 +1.1644e+00 -6.3543e-01 -1.7391e+00 -2.4166e+00 +1.1619e+00 +4.0196e-01 -2.2436e+00 +5.7203e-01
21818 +6.152170310e+03 +6.152170310e+03 +6.347320310e+03 +6.347320310e+03 +1.4889e+00 +1.9912e+00 +1.7213e+00 +2.1757e+00 +6.4419e-01 +1.3177e+00 +2.7523e+00 -2.0329e+00 -1.2188e+00 +4.5479e-01 +3.9888e-01 +1.8661e+00 +1.0813e+00 -9.0729e-01 -1.7808e+00 -2.4552e+00 +1.2323e+00 +7.2771e-02 -3.0280e+00 +7.3981e-01
% function evaluation | noise-free fitness - Fopt (-4.335000000000e+01) | best noise-free fitness - Fopt | measured fitness | best measured fitness | x1 | x2...
1 +8.010887447e+07 +8.010887447e+07 +8.010883112e+07 +8.010883112e+07 -5.8744e-01 -2.9805e+00 -7.1040e-01 -3.4434e-02 -3.3716e+00 +3.1317e+00 +2.5909e+00 -1.3790e+00 +3.3909e+00 +2.8377e+00 -3.2456e+00 -1.2029e+00 +6.8467e-01 +1.1371e+00 -8.9365e-01 -6.6022e-01 +3.9557e+00 -3.8247e+00 -3.7758e+00 +3.6960e-01
2 +3.129608838e+07 +3.129608838e+07 +3.129604503e+07 +3.129604503e+07 -1.4487e+00 -2.6577e+00 +1.2233e+00 +1.9797e+00 -1.6306e-01 +2.8152e+00 -1.1069e+00 -3.6672e+00 -1.7414e+00 -2.7502e+00 -1.6108e+00 -1.0902e+00 +1.1751e+00 +3.3074e+00 +1.7718e+00 -2.5110e+00 +5.5366e-01 -4.9040e-01 -7.2601e-01 -3.2641e+00
3 +7.912900276e+06 +7.912900276e+06 +7.912856926e+06 +7.912856926e+06 +5.4491e-01 -3.1384e-01 -3.8400e+00 -1.4020e+00 -3.1597e+00 +2.1364e+00 +1.5847e-01 +3.1352e+00 -2.7247e+00 +3.9544e-01 +2.4206e+00 -3.4859e+00 -3.3773e+00 +2.4844e+00 +2.3806e+00 +3.6954e+00 +2.8589e+00 -4.8337e-01 +3.6976e+00 -3.4628e+00
51 +5.427860241e+06 +5.427860241e+06 +5.427816891e+06 +5.427816891e+06 -2.7817e+00 +3.2635e+00 +2.2356e+00 +3.2433e+00 -3.2930e+00 +6.7705e-01 +2.6191e-01 -3.2851e+00 -1.7954e+00 +3.3398e+00 +3.1949e+00 +1.3046e+00 -9.7933e-01 -6.9460e-01 +2.5789e+00 +3.1542e+00 -2.9863e-01 +3.4107e+00 -2.8719e+00 +3.0160e+00
983 +3.947509165e+06 +3.947509165e+06 +3.947465815e+06 +3.947465815e+06 -2.7899e+00 +3.6106e+00 +2.2890e+00 +3.2241e+00 -3.5457e+00 +1.2068e+00 +2.0858e-01 -2.8720e+00 -1.7717e+00 +3.0413e+00 +3.3628e+00 +8.3754e-01 -6.6252e-01 -3.1267e-01 +2.5209e+00 +3.0891e+00 +1.7512e-02 +3.6578e+00 -2.5922e+00 +3.0551e+00
1715 +2.405223876e+06 +2.405223876e+06 +2.405180526e+06 +2.405180526e+06 -2.7958e+00 +3.9069e+00 +2.2112e+00 +3.3228e+00 -3.4949e+00 +1.0610e+00 +2.3951e-01 -2.8258e+00 -1.8591e+00 +2.7533e+00 +3.0572e+00 +7.4691e-01 -4.9362e-01 -1.5222e-01 +2.4534e+00 +3.2709e+00 +4.8858e-02 +4.0008e+00 -2.6460e+00 +2.9512e+00
2504 +1.571756312e+06 +1.571756312e+06 +1.571712962e+06 +1.571712962e+06 -2.7429e+00 +4.1245e+00 +2.5187e+00 +3.3113e+00 -3.6770e+00 +1.2813e+00 +2.6313e-01 -2.6743e+00 -1.9949e+00 +2.4200e+00 +3.2228e+00 +8.2478e-01 -5.1362e-01 -4.0079e-01 +2.3579e+00 +3.3307e+00 +1.9581e-01 +4.2969e+00 -2.7730e+00 +2.9652e+00
3741 +9.549863918e+05 +9.549863918e+05 +9.549430418e+05 +9.549430418e+05 -2.4958e+00 +4.4399e+00 +2.7370e+00 +3.0544e+00 -3.8210e+00 +1.2007e+00 -8.1877e-02 -2.4834e+00 -1.9812e+00 +2.2344e+00 +3.0780e+00 +8.1394e-01 -3.0415e-01 -2.3235e-01 +2.2341e+00 +3.4562e+00 +7.9808e-02 +4.3019e+00 -2.4888e+00 +2.6703e+00
4004 +6.231070172e+05 +6.231070172e+05 +6.230636672e+05 +6.230636672e+05 -2.5944e+00 +4.3339e+00 +2.7505e+00 +2.9364e+00 -3.6502e+00 +1.4646e+00 -2.4859e-01 -2.2801e+00 -1.9676e+00 +2.0003e+00 +2.6678e+00 +3.0314e-01 -3.5599e-01 -2.7221e-01 +2.1711e+00 +3.1851e+00 +1.4559e-01 +4.5088e+00 -2.6478e+00 +2.5321e+00
4862 +3.901828600e+05 +3.901828600e+05 +3.901395100e+05 +3.901395100e+05 -2.4296e+00 +4.5807e+00 +2.6852e+00 +2.7721e+00 -3.6856e+00 +1.7335e+00 -3.4410e-01 -2.3404e+00 -1.7938e+00 +1.8099e+00 +2.6370e+00 +2.3146e-01 -4.0302e-01 -3.5737e-01 +2.2224e+00 +3.1572e+00 +4.1112e-01 +4.8180e+00 -2.4607e+00 +2.4337e+00
5782 +2.403698696e+05 +2.403698696e+05 +2.403265196e+05 +2.403265196e+05 -2.5263e+00 +5.2011e+00 +2.4634e+00 +2.7598e+00 -3.5313e+00 +1.9658e+00 -4.8700e-01 -2.3677e+00 -1.9421e+00 +1.7615e+00 +2.7575e+00 +1.6823e-01 -1.4887e-01 -5.4583e-01 +2.2264e+00 +2.8705e+00 +2.1425e-01 +4.9589e+00 -2.4417e+00 +2.5214e+00
6637 +1.534699194e+05 +1.534699194e+05 +1.534265694e+05 +1.534265694e+05 -2.3350e+00 +5.4436e+00 +2.2946e+00 +2.7439e+00 -3.5360e+00 +1.6692e+00 -4.6433e-01 -2.3200e+00 -2.0971e+00 +1.6373e+00 +2.7611e+00 +3.7482e-02 +1.1828e-02 -4.7944e-01 +2.1463e+00 +2.6857e+00 +2.0424e-01 +4.9113e+00 -2.6595e+00 +2.5092e+00
8141 +9.746723143e+04 +9.746723143e+04 +9.742388143e+04 +9.742388143e+04 -2.4965e+00 +5.6945e+00 +2.0891e+00 +2.5313e+00 -3.4158e+00 +1.5251e+00 -9.8516e-02 -1.8168e+00 -1.9763e+00 +1.5342e+00 +2.8023e+00 -4.5474e-02 +2.8061e-01 -5.4784e-01 +1.8021e+00 +2.4256e+00 +3.6123e-01 +4.8862e+00 -2.7604e+00 +2.2499e+00
9391 +6.219800692e+04 +6.219800692e+04 +6.215465692e+04 +6.215465692e+04 -2.3839e+00 +6.0460e+00 +1.8533e+00 +2.1794e+00 -3.0774e+00 +1.5071e+00 -9.3150e-02 -1.5736e+00 -1.9191e+00 +1.4944e+00 +2.9834e+00 -8.0753e-02 +5.3816e-01 -4.8272e-01 +1.9451e+00 +2.0876e+00 +3.5342e-01 +4.8582e+00 -2.7523e+00 +2.2569e+00
10307 +3.572830344e+04 +3.572830344e+04 +3.568495344e+04 +3.568495344e+04 -2.3210e+00 +6.2380e+00 +1.8023e+00 +2.1661e+00 -2.7003e+00 +1.3403e+00 -1.8534e-01 -1.3205e+00 -1.6638e+00 +1.7600e+00 +2.9234e+00 -3.8199e-02 +6.8908e-01 -4.6274e-01 +2.1738e+00 +1.9825e+00 +2.9445e-01 +4.8246e+00 -2.9644e+00 +2.1558e+00
12559 +2.477782534e+04 +2.477782534e+04 +2.473447534e+04 +2.473447534e+04 -2.2421e+00 +5.9907e+00 +1.2103e+00 +1.7227e+00 -2.2143e+00 +1.5689e+00 -2.8326e-01 -1.4488e+00 -1.7760e+00 +1.5876e+00 +2.9761e+00 -1.1026e-01 +8.4078e-01 -3.1139e-01 +2.1460e+00 +1.7094e+00 +3.0410e-01 +4.9358e+00 -3.0259e+00 +1.6363e+00
19101 +1.464000299e+04 +1.464000299e+04 +1.459665299e+04 +1.459665299e+04 -1.6195e+00 +5.5183e+00 +1.2863e+00 +1.3237e+00 -1.9863e+00 +1.0634e+00 +6.3861e-02 -1.6929e+00 -1.6599e+00 +1.2925e+00 +3.1950e+00 +9.8555e-02 +1.1198e+00 -2.0388e-01 +1.7554e+00 +8.7839e-01 +3.7172e-01 +5.1134e+00 -2.7637e+00 +8.9343e-01
27271 +9.160600979e+03 +9.160600979e+03 +9.117250979e+03 +9.117250979e+03 -1.7436e+00 +5.5287e+00 +2.0424e+00 +1.5818e+00 -1.3511e+00 +1.4098e+00 +1.2762e-01 -1.2937e+00 -1.5912e+00 +1.1915e+00 +3.5451e+00 +5.7156e-01 +1.3058e+00 -1.1396e+00 +1.2353e+00 +8.9149e-01 -5.0503e-01 +4.5610e+00 -2.8581e+00 +6.1262e-01
% function evaluation | noise-free fitness - Fopt (2.790900000000e+02) | best noise-free fitness - Fopt | measured fitness | best measured fitness | x1 | x2...
1 +1.741702325e+07 +1.741702325e+07 +1.741730234e+07 +1.741730234e+07 +1.0670e+00 +1.0043e+00 -2.3268e+00 +2.2388e-01 +1.9677e-02 -2.6938e+00 +2.5996e+00 +1.1335e+00 +8.1564e-01 +2.5828e+00 -2.7474e+00 +2.8277e+00 +1.1900e+00 +1.4733e+00 -3.8604e+00 -7.6544e-03 +7.2701e-02 -1.8376e+00 +3.3922e+00 -3.6478e+00
7 +1.487619635e+07 +1.487619635e+07 +1.487647544e+07 +1.487647544e+07 -2.9401e+00 -3.9711e-01 +1.6836e+00 -3.1221e+00 -3.0112e+00 +1.4608e+00 +3.9272e+00 +2.3331e+00 -1.8438e+00 +2.5056e-01 -3.2665e+00 -1.9634e+00 +2.2244e+00 -2.0368e+00 +3.4900e+00 +2.7421e+00 +3.7869e+00 +1.3525e+00 +8.3405e-01 -3.9170e+00
19 +7.793552438e+06 +7.793552438e+06 +7.793831528e+06 +7.793831528e+06 -1.6099e+00 -2.5359e+00 -2.7578e+00 +2.5489e+00 +1.4783e+00 -1.2594e+00 -1.4305e+00 +1.2497e+00 +1.0095e+00 -8.3122e-01 -2.5276e+00 +1.9626e+00 +6.9981e-02 +3.5086e+00 +1.9214e+00 +3.6042e+00 +1.4890e+00 +1.4987e+00 -3.8503e+00 -3.0007e-01
43 +2.111181059e+06 +2.111181059e+06 +2.111460149e+06 +2.111460149e+06 -3.2624e+00 -4.2340e-01 -2.3171e+00 +3.9215e-01 -3.0067e-01 -2.1508e+00 +2.0731e+00 -1.7257e+00 +2.4136e-01 -7.2147e-01 -1.1259e+00 -3.8765e+00 -1.9639e+00 -6.4699e-01 -3.2240e+00 +2.8310e+00 -2.7983e-01 +2.6082e+00 -3.7726e+00 +3.5229e+00
597 +1.581550755e+06 +1.581550755e+06 +1.581829845e+06 +1.581829845e+06 -3.1258e+00 -6.9857e-01 -2.2955e+00 +5.5271e-01 -5.8509e-01 -2.0790e+00 +2.1118e+00 -1.7095e+00 +6.4340e-03 -3.6157e-01 -1.0178e+00 -3.7026e+00 -1.9241e+00 -4.6623e-01 -3.2233e+00 +2.7264e+00 -4.1966e-01 +2.3329e+00 -3.7976e+00 +3.5567e+00
1843 +9.953424399e+05 +9.953424399e+05 +9.956215299e+05 +9.956215299e+05 -2.9398e+00 -1.0943e+00 -2.0957e+00 +5.6390e-01 -6.5816e-01 -2.0658e+00 +1.7337e+00 -1.4300e+00 +1.4735e-01 -2.7504e-01 -1.2165e+00 -3.4404e+00 -1.4863e+00 -4.3564e-01 -3.5309e+00 +2.6646e+00 -2.9180e-01 +2.1233e+00 -3.7400e+00 +3.4272e+00
3105 +6.296289847e+05 +6.296289847e+05 +6.299080747e+05 +6.299080747e+05 -3.1016e+00 -1.2752e+00 -2.0874e+00 +1.0217e+00 -6.0733e-01 -1.9807e+00 +1.6676e+00 -1.1193e+00 -1.1822e-02 -2.8293e-01 -9.1277e-01 -3.1902e+00 -1.1349e+00 -6.5482e-01 -3.7551e+00 +2.7965e+00 +1.6506e-02 +1.9533e+00 -3.6932e+00 +3.1505e+00
4734 +3.938065289e+05 +3.938065289e+05 +3.940856189e+05 +3.940856189e+05 -3.0408e+00 -1.3975e+00 -2.0880e+00 +1.2276e+00 -3.8611e-01 -1.9775e+00 +1.6463e+00 -1.2962e+00 +1.3206e-01 -3.9576e-01 -1.3250e+00 -2.7057e+00 -9.8581e-01 -2.1265e-01 -3.9026e+00 +3.2755e+00 +3.1076e-01 +1.5608e+00 -3.7364e+00 +3.0801e+00
6525 +2.467935403e+05 +2.467935403e+05 +2.470726303e+05 +2.470726303e+05 -2.6783e+00 -1.4483e+00 -1.9877e+00 +1.3585e+00 -4.6276e-01 -2.1145e+00 +1.5703e+00 -1.1334e+00 -1.2778e-01 -2.8367e-01 -1.6656e+00 -2.6016e+00 -6.3054e-01 -1.5207e-01 -4.5186e+00 +3.4272e+00 +8.6002e-01 +1.3021e+00 -3.3491e+00 +2.7354e+00
8143 +1.569518499e+05 +1.569518499e+05 +1.572309399e+05 +1.572309399e+05 -2.3735e+00 -1.4718e+00 -1.8402e+00 +1.4732e+00 -1.5889e-01 -2.0711e+00 +1.5861e+00 -1.0182e+00 -3.0374e-01 -3.1022e-01 -2.0392e+00 -2.0435e+00 -8.0923e-01 -3.3184e-01 -5.0083e+00 +3.6015e+00 +8.0348e-01 +9.6884e-01 -2.8117e+00 +2.9771e+00
9215 +9.917007072e+04 +9.917007072e+04 +9.944916072e+04 +9.944916072e+04 -1.5154e+00 -8.5662e-01 -2.2535e+00 +4.6572e-01 +1.5867e+00 -2.2318e+00 +5.6125e-01 +2.2436e+00 +1.1152e+00 -2.2828e+00 -3.5522e+00 +1.9318e+00 -3.8586e-01 +2.6033e+00 +2.7540e-01 +4.5408e+00 +6.6968e-01 +2.2234e-01 -3.9026e+00 -6.3635e-01
9866 +6.155096554e+04 +6.155096554e+04 +6.183005554e+04 +6.183005554e+04 -1.4535e+00 -8.8798e-01 -2.2044e+00 +2.3354e-01 +1.5410e+00 -2.2546e+00 +5.0000e-01 +2.1186e+00 +9.4877e-01 -2.3136e+00 -3.8337e+00 +2.0647e+00 -3.6945e-01 +2.4554e+00 +3.1147e-02 +4.3713e+00 +6.1386e-01 +6.2835e-02 -3.8990e+00 -6.0696e-01
10856 +3.911456567e+04 +3.911456567e+04 +3.939365567e+04 +3.939365567e+04 -1.3926e+00 -8.8314e-01 -2.2624e+00 +1.4860e-01 +1.5471e+00 -2.3305e+00 +5.6181e-01 +1.8227e+00 +1.3182e+00 -2.1223e+00 -3.9307e+00 +2.2255e+00 -1.4502e-01 +2.5822e+00 -2.4651e-01 +4.4715e+00 +5.4875e-01 +2.0556e-01 -3.7227e+00 -7.4468e-01
12109 +2.331615307e+04 +2.331615307e+04 +2.359524307e+04 +2.359524307e+04 -1.1191e+00 -8.7514e-01 -2.4272e+00 +4.8207e-02 +1.6815e+00 -2.2845e+00 +1.0729e+00 +1.8497e+00 +1.4695e+00 -2.1534e+00 -3.9692e+00 +2.3576e+00 +3.6832e-02 +2.5825e+00 -4.4238e-01 +4.3489e+00 +5.2164e-01 +2.7582e-02 -3.6407e+00 -6.0521e-01
16635 +1.438947262e+04 +1.438947262e+04 +1.466856262e+04 +1.466856262e+04 -1.2267e+00 -2.8113e-01 -2.4816e+00 -5.7929e-01 +1.9456e+00 -2.5771e+00 +6.7951e-01 +1.6682e+00 +1.0343e+00 -1.7752e+00 -4.6539e+00 +2.5504e+00 +2.5859e-01 +2.3629e+00 -3.1911e-01 +4.3445e+00 +1.0768e+00 -1.2057e-01 -3.4079e+00 -7.0566e-01
18280 +9.800424504e+03 +9.800424504e+03 +1.007951450e+04 +1.007951450e+04 -1.1134e+00 +2.4919e-01 -2.5623e+00 -4.6798e-01 +2.0854e+00 -2.5828e+00 +5.3216e-01 +1.5000e+00 +9.3926e-01 -1.5836e+00 -4.7660e+00 +2.3373e+00 +3.3618e-01 +2.4595e+00 -3.5219e-01 +4.3354e+00 +9.0372e-01 -5.9944e-01 -3.4761e+00 -5.4627e-01
24448 +6.055756813e+03 +6.055756813e+03 +6.334846813e+03 +6.334846813e+03 -7.0100e-01 +5.3348e-01 -2.0478e+00 -5.6013e-01 +1.9909e+00 -2.2473e+00 +2.1754e-01 +1.3672e+00 +9.7246e-01 -1.6670e+00 -5.1647e+00 +2.0244e+00 +2.6797e-01 +2.3650e+00 +2.2179e-01 +4.1947e+00 +5.3371e-01 -1.3338e+00 -3.5934e+00 -2.2817e-01
% function evaluation | noise-free fitness - Fopt (1.000000000000e+03) | best noise-free fitness - Fopt | measured fitness | best measured fitness | x1 | x2...
1 +1.899944804e+07 +1.899944804e+07 +1.900044804e+07 +1.900044804e+07 -1.8849e+00 -2.5138e+00 -2.6089e+00 +3.7121e-01 -1.8367e+00 -1.8650e+00 -2.0053e+00 +3.8396e+00 -1.2664e+00 +1.2314e-01 +1.4778e+00 +3.3234e+00 -7.3956e-01 -9.5809e-01 -3.0353e+00 -6.8007e-03 -1.8900e+00 +8.0996e-01 +2.5844e+00 +3.1707e+00
4 +4.362882304e+06 +4.362882304e+06 +4.363882304e+06 +4.363882304e+06 +2.7341e+00 -9.0679e-01 -1.5554e+00 -3.6579e+00 +2.0644e-01 +2.3225e+00 +2.3574e+00 +3.3872e+00 -2.8126e-01 +3.9318e+00 -3.7778e+00 -3.4076e+00 +1.9418e+00 +3.1089e+00 +5.5923e-01 -6.3496e-01 +4.7289e-01 +3.1958e+00 -3.5200e+00 -1.7753e+00
8 +3.612726650e+06 +3.612726650e+06 +3.613726650e+06 +3.613726650e+06 -1.9395e+00 +1.5708e+00 +2.5625e-01 -1.1888e+00 -2.3160e+00 +1.5996e+00 -2.3523e+00 +1.3925e+00 -2.8445e-01 +3.0128e+00 -9.8578e-01 +3.5224e+00 +2.1070e+00 +2.2025e-01 -2.4996e-01 -1.7127e+00 -1.0751e+00 -3.5273e+00 -3.1034e+00 +3.7213e+00
80 +1.628747215e+06 +1.628747215e+06 +1.629747215e+06 +1.629747215e+06 +3.4733e-01 -8.6024e-01 -1.1380e+00 +3.6975e+00 +1.1985e+00 +1.2919e+00 +3.1358e-04 -2.8852e+00 -1.5570e+00 +1.5815e-01 -3.1540e+00 +2.5302e+00 -2.0520e+00 +9.2951e-01 +1.5593e+00 -2.9067e+00 -1.4785e+00 +3.1383e+00 -1.7728e+00 +3.1196e+00
205 +1.532369622e+06 +1.532369622e+06 +1.533369622e+06 +1.533369622e+06 +3.0962e-01 -9.0060e-01 -1.0758e+00 +3.6335e+00 +1.2871e+00 +1.3367e+00 +4.7221e-02 -2.9832e+00 -1.4998e+00 +2.4283e-01 -3.2135e+00 +2.4410e+00 -2.0565e+00 +9.0403e-01 +1.6352e+00 -3.0024e+00 -1.3854e+00 +3.1661e+00 -1.7358e+00 +3.0494e+00
1122 +9.969398934e+05 +9.969398934e+05 +9.979398934e+05 +9.979398934e+05 +3.2524e-01 -9.1736e-01 -7.5343e-01 +3.6324e+00 +6.3982e-01 +1.7276e+00 +6.8131e-02 -3.0011e+00 -1.7297e+00 +3.5647e-01 -3.0929e+00 -1.3478e+00 +7.4755e-01 +1.0742e+00 +1.7442e+00 -3.0478e+00 -1.7823e+00 +3.4629e+00 -2.3651e+00 +2.8273e+00
2369 +6.115706205e+05 +6.115706205e+05 +6.125706205e+05 +6.125706205e+05 +1.2864e-01 -9.2054e-01 -2.0829e-01 +3.5613e+00 +5.7537e-01 +1.8971e+00 +3.3979e-02 -3.2820e+00 -1.2571e+00 +6.3258e-01 -3.0421e+00 -1.4816e+00 +6.5010e-01 +1.1244e+00 +1.7850e+00 -2.8866e+00 -1.5580e+00 +3.3676e+00 -2.2648e+00 +2.9237e+00
3248 +3.968778575e+05 +3.968778575e+05 +3.978778575e+05 +3.978778575e+05 -6.3055e-02 -8.8587e-01 -1.2314e-01 +3.3770e+00 +5.8923e-01 +1.9567e+00 +1.0510e-01 -3.3029e+00 -8.1446e-01 +7.1800e-01 -2.9712e+00 -1.4041e+00 +5.4310e-01 +9.6326e-01 +1.9241e+00 -3.0849e+00 -1.4304e+00 +3.5171e+00 -2.2713e+00 +3.0724e+00
4743 +2.502714998e+05 +2.502714998e+05 +2.512714998e+05 +2.512714998e+05 -8.5904e-03 -1.0878e+00 +3.3286e-01 +3.2807e+00 +8.2019e-01 +1.8676e+00 +3.3571e-01 -3.3000e+00 -5.4003e-01 +9.6295e-01 -2.6688e+00 -1.8489e+00 +4.3408e-01 +8.5130e-01 +1.9467e+00 -3.2179e+00 -1.1075e+00 +3.5804e+00 -2.2914e+00 +3.2233e+00
6372 +1.580264871e+05 +1.580264871e+05 +1.590264871e+05 +1.590264871e+05 -3.9743e-01 -1.2492e+00 +4.1477e-01 +3.6071e+00 +9.9003e-01 +1.8111e+00 +4.7641e-01 -3.5352e+00 -3.2768e-01 +9.1699e-01 -2.1148e+00 -1.9179e+00 +5.3582e-01 +4.2225e-01 +2.1618e+00 -2.9505e+00 -6.7976e-01 +3.7245e+00 -2.2213e+00 +3.6627e+00
8685 +9.715253147e+04 +9.715253147e+04 +9.815253147e+04 +9.815253147e+04 -1.0115e+00 -1.4524e+00 +3.3295e-01 +3.1299e+00 +8.6749e-01 +1.5505e+00 +6.1935e-01 -3.5471e+00 -5.2515e-02 +1.1072e+00 -1.6725e+00 -2.3157e+00 +1.5047e-01 +5.0118e-01 +2.2316e+00 -2.8690e+00 -4.4357e-01 +3.4759e+00 -2.5587e+00 +3.6468e+00
10048 +6.180784102e+04 +6.180784102e+04 +6.280784102e+04 +6.280784102e+04 -1.3980e+00 -1.4453e+00 +4.9068e-01 +3.2916e+00 +1.1579e+00 +1.3153e+00 +6.5560e-01 -3.6035e+00 +1.4346e-01 +9.4755e-01 -1.6984e+00 -2.6361e+00 -6.5178e-02 +5.5534e-01 +2.4734e+00 -2.5066e+00 -3.9700e-01 +3.5928e+00 -2.9262e+00 +3.7682e+00
11319 +3.856778186e+04 +3.856778186e+04 +3.956778186e+04 +3.956778186e+04 -1.4976e+00 -1.3704e+00 +6.2409e-01 +3.1671e+00 +1.2480e+00 +9.7612e-01 +8.1723e-01 -3.8113e+00 +1.2543e-01 +8.4012e-01 -1.5410e+00 -2.6497e+00 -3.4622e-01 +6.1816e-01 +2.5870e+00 -2.4002e+00 -2.8640e-01 +3.6370e+00 -2.9999e+00 +3.8576e+00
14337 +2.470256082e+04 +2.470256082e+04 +2.570256082e+04 +2.570256082e+04 -1.7928e+00 -1.3610e+00 +8.1465e-01 +2.7332e+00 +1.4716e+00 +4.1369e-01 +1.0841e+00 -3.8102e+00 +1.5583e-01 +7.3095e-01 -1.1609e+00 -2.5325e+00 -1.8847e-01 +8.7051e-02 +2.1946e+00 -1.8797e+00 -3.6530e-01 +3.9315e+00 -3.5932e+00 +3.8732e+00
15691 +1.381127255e+04 +1.381127255e+04 +1.481127255e+04 +1.481127255e+04 -2.2327e+00 -1.2032e+00 +7.6728e-01 +2.9357e+00 +1.7265e+00 +5.9792e-01 +1.3539e+00 -3.7399e+00 +3.2674e-01 +6.4155e-01 -9.8787e-01 -2.6199e+00 -1.5301e-01 +4.3819e-01 +2.3990e+00 -2.0834e+00 -2.0679e-01 +3.9208e+00 -3.5867e+00 +3.8822e+00
16959 +9.854799404e+03 +9.854799404e+03 +1.085479940e+04 +1.085479940e+04 -2.1602e+00 -1.4492e+00 +8.1690e-01 +3.0175e+00 +1.8171e+00 +4.8998e-01 +1.5810e+00 -3.9217e+00 +3.3895e-01 +6.7600e-01 -5.4623e-01 -2.6145e+00 +1.2142e-01 +6.1508e-01 +2.6992e+00 -2.2062e+00 -3.6482e-01 +3.9146e+00 -3.7349e+00 +3.8431e+00
19857 +6.102963747e+03 +6.102963747e+03 +7.102963747e+03 +7.102963747e+03 -2.7749e+00 -1.3764e+00 +8.9305e-01 +3.0553e+00 +2.2424e+00 +5.5966e-01 +1.3804e+00 -3.9212e+00 +5.3522e-01 +5.6874e-01 -8.5443e-01 -2.8477e+00 -8.1480e-02 +6.8347e-01 +2.5926e+00 -2.5590e+00 -4.3132e-01 +4.2136e+00 -3.9310e+00 +3.5900e+00
23647 +3.713958503e+03 +3.713958503e+03 +4.713958503e+03 +4.713958503e+03 -3.0966e+00 -1.2004e+00 +9.5178e-01 +3.1540e+00 +2.9256e+00 +6.3230e-01 +1.4903e+00 -4.0045e+00 +4.2691e-01 +3.6480e-01 -4.9132e-01 -2.6037e+00 +2.3709e-01 +6.2153e-01 +2.3008e+00 -2.4542e+00 -3.8735e-01 +3.7970e+00 -4.0360e+00 +3.7191e+00
% function evaluation | noise-free fitness - Fopt (-1.148100000000e+02) | best noise-free fitness - Fopt | measured fitness | best measured fitness | x1 | x2...
1 +8.530371438e+06 +8.530371438e+06 +8.530256628e+06 +8.530256628e+06 -2.6551e+00 +1.4038e+00 +2.3641e+00 -2.4287e-02 -3.5929e+00 +2.8625e+00 -3.7639e+00 -2.5346e+00 -3.5503e-01 +3.0715e+00 -8.0274e-01 +1.1579e+00 +2.7421e+00 -2.4745e+00 -3.6541e+00 +2.2602e+00 +3.3868e-01 -3.1255e+00 -2.8435e-01 +1.0921e+00
4 +2.516738783e+06 +2.516738783e+06 +2.516623973e+06 +2.516623973e+06 -7.5152e-01 -3.3304e+00 +2.6585e+00 -2.7087e+00 +3.8339e+00 +2.4502e+00 -1.8793e+00 -3.4960e+00 -2.6902e+00 -3.5313e-01 +3.8484e+00 +2.8796e+00 +3.2393e+00 +1.1624e+00 +3.4918e+00 -4.8123e-02 -3.2426e+00 -2.9811e+00 +2.1879e+00 +3.7789e+00
27 +2.450845315e+06 +2.450845315e+06 +2.450730505e+06 +2.450730505e+06 -7.9335e-01 -3.2922e+00 +2.7542e+00 -2.6237e+00 +3.9323e+00 +2.3874e+00 -1.8895e+00 -3.5725e+00 -2.6504e+00 -4.4876e-01 +3.7910e+00 +2.8243e+00 +3.2650e+00 +1.0990e+00 +3.4600e+00 +5.1055e-02 -3.3354e+00 -3.0458e+00 +2.1003e+00 +3.8625e+00
71 +1.583523534e+06 +1.583523534e+06 +1.583408724e+06 +1.583408724e+06 -8.5809e-01 -2.5065e+00 +8.6520e-01 +3.9537e+00 +2.1847e+00 -2.1386e+00 +1.4879e+00 -2.2638e+00 -6.2747e-01 +2.4556e+00 +1.9203e+00 -2.8725e+00 -1.5310e+00 -3.0346e+00 -2.8769e+00 +1.8531e+00 -3.7879e+00 -3.5908e+00 -5.1030e-01 +3.6947e+00
113 +9.450653981e+05 +9.450653981e+05 +9.449505881e+05 +9.449505881e+05 -2.6103e-02 -2.5859e+00 +3.0527e+00 +3.4533e+00 +2.1389e+00 +1.3436e+00 +2.5926e+00 +2.8695e+00 +1.0397e+00 -3.2251e+00 -1.6902e+00 -2.8687e+00 +2.6640e+00 +4.5473e-01 +7.6073e-01 +2.0888e+00 -2.5771e+00 +1.9426e+00 -1.2087e+00 +3.3213e+00
251 +6.121166708e+05 +6.121166708e+05 +6.120018608e+05 +6.120018608e+05 -9.3178e-01 -1.7738e+00 +3.1296e+00 -5.9566e-01 -9.5439e-01 +1.3800e+00 +2.2704e+00 +1.9471e+00 +2.9468e+00 +6.5217e-01 -1.8647e+00 -2.7959e+00 -2.8995e-01 -5.5746e-01 -1.0370e+00 -3.1826e+00 -2.8065e+00 +9.8516e-01 +2.1634e-01 +3.0359e+00
774 +3.979249388e+05 +3.979249388e+05 +3.978101288e+05 +3.978101288e+05 -9.6715e-01 -1.6695e+00 +3.4028e+00 -5.6492e-01 -1.0846e+00 +1.2970e+00 +2.1592e+00 +2.0337e+00 +2.9886e+00 +7.2453e-01 -1.8193e+00 -2.8395e+00 -3.2853e-01 -3.3208e-01 -9.3286e-01 -3.0001e+00 -2.7734e+00 +8.8774e-01 +3.1133e-01 +2.8983e+00
1629 +2.360113923e+05 +2.360113923e+05 +2.358965823e+05 +2.358965823e+05 -7.1541e-01 -1.5835e+00 +3.4338e+00 -4.7087e-01 -9.5900e-01 +1.4713e+00 +2.3445e+00 +2.2232e+00 +3.3033e+00 +7.6660e-01 -1.9089e+00 -2.8702e+00 -2.4313e-01 -2.4602e-01 -7.0859e-01 -2.9675e+00 -2.4137e+00 +1.2782e+00 +2.2308e-01 +2.7783e+00
2540 +1.399477580e+05 +1.399477580e+05 +1.398329480e+05 +1.398329480e+05 -5.1656e-01 -1.6481e+00 +3.5938e+00 -5.2675e-01 -5.9557e-01 +1.3005e+00 +2.0394e+00 +2.2637e+00 +3.4656e+00 +7.1601e-01 -1.8726e+00 -2.5677e+00 -3.4547e-01 -1.3506e-01 -5.4121e-01 -2.7746e+00 -2.2676e+00 +1.4757e+00 +1.3474e-01 +2.8400e+00
3399 +9.669958007e+04 +9.669958007e+04 +9.658477007e+04 +9.658477007e+04 -3.1352e-01 -1.7197e+00 +3.8474e+00 -7.2257e-01 -5.8814e-01 +1.4065e+00 +2.0398e+00 +2.3450e+00 +3.5658e+00 +7.6036e-01 -1.7456e+00 -2.6845e+00 -4.5670e-01 -2.4160e-01 -4.9559e-01 -2.8369e+00 -2.1848e+00 +1.5841e+00 +1.1887e-01 +2.7682e+00
4786 +5.813267703e+04 +5.813267703e+04 +5.801786703e+04 +5.801786703e+04 +3.0322e-02 -1.4337e+00 +3.9296e+00 -7.9132e-01 -4.1137e-01 +1.6333e+00 +1.6401e+00 +2.2183e+00 +3.7318e+00 +7.0860e-01 -1.6650e+00 -2.5448e+00 -7.1997e-01 -1.2668e-01 -3.9212e-01 -2.6749e+00 -2.0514e+00 +1.5192e+00 -2.4613e-01 +3.0064e+00
5557 +3.777520240e+04 +3.777520240e+04 +3.766039240e+04 +3.766039240e+04 +4.5652e-01 -1.4607e+00 +3.9081e+00 -8.4669e-01 -2.0392e-01 +1.7243e+00 +1.3130e+00 +2.3088e+00 +3.8727e+00 +5.9330e-01 -1.4500e+00 -2.7714e+00 -1.0351e+00 -3.0129e-01 -2.4926e-01 -2.7420e+00 -2.0674e+00 +1.4126e+00 -3.4916e-01 +3.0431e+00
7326 +2.439652444e+04 +2.439652444e+04 +2.428171444e+04 +2.428171444e+04 +7.8008e-01 -1.3214e+00 +4.3598e+00 -9.5057e-01 -4.1201e-01 +1.7972e+00 +1.2956e+00 +2.3837e+00 +3.9290e+00 +8.3528e-01 -1.3548e+00 -2.1301e+00 -1.0828e+00 -2.7273e-01 -2.0255e-01 -2.5618e+00 -1.6479e+00 +9.9670e-01 -1.3181e-01 +3.3490e+00
7931 +1.550098676e+04 +1.550098676e+04 +1.538617676e+04 +1.538617676e+04 +8.8057e-01 -1.2298e+00 +4.5368e+00 -8.9108e-01 -3.7174e-01 +1.7839e+00 +1.2364e+00 +2.2336e+00 +4.0319e+00 +7.8176e-01 -1.3568e+00 -2.0401e+00 -1.1238e+00 -4.5682e-01 -2.4225e-02 -2.5407e+00 -1.6349e+00 +8.8535e-01 -2.2021e-01 +3.2797e+00
9189 +9.255516368e+03 +9.255516368e+03 +9.140706368e+03 +9.140706368e+03 +1.0280e+00 -1.0463e+00 +4.4230e+00 -7.6444e-01 -2.1184e-01 +2.1023e+00 +1.2112e+00 +2.2993e+00 +4.1068e+00 +8.2050e-01 -1.2024e+00 -2.2194e+00 -1.2888e+00 -5.0133e-01 -5.4795e-02 -2.2899e+00 -1.6292e+00 +7.7802e-01 -5.3977e-01 +3.0681e+00
12595 +6.206164639e+03 +6.206164639e+03 +6.091354639e+03 +6.091354639e+03 +1.2031e+00 -6.6289e-01 +4.2688e+00 -5.8240e-01 -3.0743e-01 +2.1739e+00 +1.4101e+00 +2.4420e+00 +4.0570e+00 +5.9943e-01 -1.2636e+00 -2.1693e+00 -1.4260e+00 -3.0238e-01 +1.6304e-01 -1.7699e+00 -1.5598e+00 +5.3215e-01 -8.5790e-01 +3.0350e+00
19282 +3.925706334e+03 +3.925706334e+03 +3.810896334e+03 +3.810896334e+03 +9.2032e-01 -4.8611e-01 +4.1437e+00 -8.1384e-01 -2.8105e-01 +2.3031e+00 +1.0886e+00 +2.3364e+00 +4.3357e+00 +9.3635e-01 -1.4386e+00 -2.2168e+00 -1.5548e+00 -7.5704e-01 +5.5816e-01 -2.0847e+00 -1.1927e+00 +4.1706e-01 -1.3005e+00 +3.5394e+00
% function evaluation | noise-free fitness - Fopt (-3.505800000000e+02) | best noise-free fitness - Fopt | measured fitness | best measured fitness | x1 | x2...
1 +4.472327649e+07 +4.472327649e+07 +4.472292591e+07 +4.472292591e+07 -4.5750e-02 +2.1087e+00 +2.4854e+00 +1.4368e+00 -2.6730e+00 +1.0765e+00 +2.2912e+00 -2.3635e+00 -2.6336e+00 +2.9743e+00 +3.5797e+00 +3.4658e+00 -2.8292e+00 +2.7654e+00 +3.6313e+00 -2.7278e+00 -1.4812e+00 -2.1412e+00 -1.9799e+00 -2.8552e+00
2 +2.067247133e+07 +2.067247133e+07 +2.067212075e+07 +2.067212075e+07 -1.1095e+00 +6.9555e-01 +5.3626e-01 -3.9889e+00 +1.1639e+00 +2.6634e+00 +2.2620e+00 -1.9531e+00 -2.3432e+00 +1.3158e+00 -2.7521e+00 +2.6935e+00 -1.1859e+00 -2.8939e+00 +1.7720e+00 -2.6021e+00 -2.7568e-01 +5.5921e-01 +3.8413e+00 -3.1270e+00
6 +5.741317528e+06 +5.741317528e+06 +5.740966948e+06 +5.740966948e+06 +1.3260e+00 +5.3922e-01 +8.8090e-01 -9.1307e-01 -9.6119e-01 -3.1655e+00 +1.2616e+00 -1.1205e+00 +1.4508e+00 -4.8552e-01 +1.4931e+00 -6.2190e-01 -2.4139e-01 +2.1773e+00 -2.2046e+00 -6.4159e-01 -1.0759e+00 +1.9839e+00 -8.9589e-01 +3.9083e+00
9 +3.672555436e+06 +3.672555436e+06 +3.672204856e+06 +3.672204856e+06 -1.0409e+00 -3.0873e+00 +2.2753e-01 -3.4622e+00 +1.3411e+00 +2.7683e+00 -3.5320e+00 +2.2737e+00 +2.0945e+00 +2.2074e+00 +1.2098e+00 -2.8018e+00 -1.9885e+00 +2.9984e+00 -1.4243e+00 +3.6341e+00 -1.3623e+00 -4.8294e-01 +2.0230e+00 -1.2627e+00
18 +1.349857866e+06 +1.349857866e+06 +1.349507286e+06 +1.349507286e+06 -1.8522e-01 +4.6483e-01 -3.7616e+00 -3.5459e-01 +3.5376e+00 +1.8466e+00 -2.4445e+00 +2.8205e+00 -1.7285e+00 -6.0536e-01 -2.2696e+00 +6.7711e-02 +9.6039e-01 +1.0805e+00 +1.8715e+00 +3.9409e+00 -1.6365e+00 +2.6684e+00 +3.5922e+00 -2.4413e+00
543 +9.844918968e+05 +9.844918968e+05 +9.841413168e+05 +9.841413168e+05 -7.7961e-02 +6.6006e-01 -3.9801e+00 -4.9447e-01 +3.4903e+00 +1.6862e+00 -2.3839e+00 +2.8706e+00 -1.4551e+00 -4.8274e-01 -2.1576e+00 +2.0759e-01 +8.3151e-01 +1.1708e+00 +1.6648e+00 +4.1389e+00 -1.5403e+00 +2.8854e+00 +3.5971e+00 -2.4116e+00
1678 +6.303617632e+05 +6.303617632e+05 +6.300111832e+05 +6.300111832e+05 +8.0018e-02 +6.5364e-01 -4.0912e+00 -5.3489e-01 +4.0195e+00 +1.4940e+00 -2.7252e+00 +2.8099e+00 -1.4755e+00 -4.4252e-01 -2.2640e+00 +2.8371e-01 +8.4781e-01 +1.4799e+00 +1.3733e+00 +4.1290e+00 -1.1147e+00 +3.0451e+00 +3.8574e+00 -2.1868e+00
3179 +3.955992958e+05 +3.955992958e+05 +3.952487158e+05 +3.952487158e+05 +5.8534e-01 +3.6781e-01 -4.0626e+00 -9.1451e-01 +3.8501e+00 +1.7010e+00 -2.9272e+00 +2.6746e+00 -1.6134e+00 -3.4069e-01 -2.1014e+00 +2.6024e-01 +5.1981e-01 +1.5968e+00 +1.7244e+00 +3.8635e+00 -7.7084e-01 +3.2429e+00 +3.8246e+00 -1.5741e+00
4822 +2.431063338e+05 +2.431063338e+05 +2.427557538e+05 +2.427557538e+05 +6.8074e-01 +3.9540e-01 -3.6739e+00 -1.2486e+00 +3.8012e+00 +1.3625e+00 -3.2521e+00 +2.6327e+00 -1.3449e+00 -3.9624e-01 -1.7493e+00 +2.8128e-01 +6.4637e-01 +1.4880e+00 +2.2142e+00 +3.9810e+00 -5.9158e-01 +3.3912e+00 +3.4686e+00 -1.0910e+00
6982 +1.540788768e+05 +1.540788768e+05 +1.537282968e+05 +1.537282968e+05 +9.2534e-01 +2.6794e-01 -3.4649e+00 -1.5046e+00 +3.7923e+00 +1.0529e+00 -3.4780e+00 +2.8221e+00 -8.6144e-01 -4.1897e-01 -1.0826e+00 +2.5977e-01 +5.8997e-01 +1.4238e+00 +1.9571e+00 +4.0678e+00 -6.3558e-01 +3.3038e+00 +2.9425e+00 -4.1037e-01
9218 +9.920124024e+04 +9.920124024e+04 +9.885066024e+04 +9.885066024e+04 +6.1224e-01 +1.6882e-01 -3.2963e+00 -1.5669e+00 +3.5357e+00 +6.7007e-01 -3.2737e+00 +2.7310e+00 -1.1998e+00 +9.7241e-02 -5.4559e-01 +2.3418e-01 +5.8596e-01 +1.3915e+00 +1.7766e+00 +4.4981e+00 -3.9009e-01 +3.1891e+00 +2.3431e+00 -8.4360e-02
10256 +6.257951462e+04 +6.257951462e+04 +6.222893462e+04 +6.222893462e+04 +6.4916e-01 +1.8612e-01 -3.2567e+00 -1.4727e+00 +3.2676e+00 +5.3795e-01 -3.2654e+00 +2.7263e+00 -1.1759e+00 +1.0667e-01 -2.4271e-01 +3.5832e-02 +5.7147e-01 +1.3110e+00 +1.7452e+00 +4.5322e+00 +1.3100e-02 +2.8732e+00 +2.1821e+00 +9.7877e-02
12632 +3.931544525e+04 +3.931544525e+04 +3.896486525e+04 +3.896486525e+04 +4.6969e-01 -1.5260e-01 -3.1776e+00 -1.7733e+00 +3.2606e+00 +2.8138e-01 -3.3726e+00 +2.6138e+00 -1.1442e+00 +4.1541e-01 +1.8074e-01 +3.1678e-01 +5.6107e-01 +1.1422e+00 +2.0113e+00 +4.7208e+00 +2.8528e-01 +2.6967e+00 +2.1586e+00 +3.2995e-01
16177 +2.420703881e+04 +2.420703881e+04 +2.385645881e+04 +2.385645881e+04 +5.3345e-01 -6.2644e-01 -2.6330e+00 -1.7762e+00 +3.4109e+00 +3.1419e-01 -2.8457e+00 +2.2513e+00 -1.3102e+00 +4.7934e-01 +5.0488e-01 +5.3418e-01 +5.7515e-01 +1.1495e+00 +2.1108e+00 +4.5607e+00 +8.5480e-01 +2.4573e+00 +2.3481e+00 +5.2616e-01
18144 +1.491538970e+04 +1.491538970e+04 +1.456480970e+04 +1.456480970e+04 +1.9252e-01 -2.8874e-01 -2.6056e+00 -1.7930e+00 +3.3084e+00 +2.7775e-01 -2.5845e+00 +2.5251e+00 -1.1067e+00 +6.1187e-01 +5.3358e-01 +4.8438e-01 -2.7659e-02 +9.1833e-01 +1.8652e+00 +4.9759e+00 +9.3195e-01 +2.5086e+00 +1.9314e+00 +5.1135e-01
21685 +9.935366778e+03 +9.935366778e+03 +9.584786778e+03 +9.584786778e+03 +3.0222e-02 -4.9843e-01 -2.3817e+00 -2.1201e+00 +3.5061e+00 -4.8371e-01 -2.2816e+00 +2.6338e+00 -1.3178e+00 +8.5072e-01 +5.8303e-01 +9.4816e-01 -7.1456e-01 +7.4724e-01 +2.0609e+00 +4.9290e+00 +1.1892e+00 +2.1782e+00 +1.5289e+00 +1.8134e-01
28337 +6.270719244e+03 +6.270719244e+03 +5.920139244e+03 +5.920139244e+03 -1.9007e+00 -1.0394e+00 +8.2662e-01 -1.5826e+00 +2.1111e+00 -4.8628e-01 -3.3068e+00 -3.9394e-01 +1.4401e+00 +1.4685e+00 -3.0888e+00 -9.7057e-02 +2.2330e-01 +1.0538e+00 +9.7163e-01 +1.3101e+00 +3.9035e+00 +2.0931e+00 +1.7426e+00 +7.6155e-01
% function evaluation | noise-free fitness - Fopt (-5.700000000000e+00) | best noise-free fitness - Fopt | measured fitness | best measured fitness | x1 | x2...
1 +1.018672696e+07 +1.018672696e+07 +1.018672126e+07 +1.018672126e+07 +1.1066e+00 -1.1906e+00 -3.8765e+00 +1.9575e+00 +2.8325e+00 +1.9707e-01 +3.9061e+00 -2.3364e+00 +2.2085e+00 +2.5214e+00 +3.2507e+00 -2.5217e-01 +1.7750e+00 -3.4346e+00 -7.7108e-01 +3.3386e+00 +3.9705e+00 -3.8214e+00 -1.5723e+00 -3.4325e+00
5 +4.649916242e+06 +4.649916242e+06 +4.649910542e+06 +4.649910542e+06 +1.4551e+00 -2.5729e+00 +8.9651e-01 +2.2832e+00 -3.9315e+00 -7.1118e-01 +4.7666e-01 +5.6198e-01 -1.8565e-01 -3.8980e+00 +1.0455e+00 +7.6862e-01 +1.6016e+00 +2.8083e-01 -2.1627e-01 -2.5566e+00 +2.7746e+00 +1.1946e+00 +1.8509e+00 -3.8610e-01
13 +1.423113742e+06 +1.423113742e+06 +1.423108042e+06 +1.423108042e+06 +1.2321e+00 +2.6578e-01 -4.0493e-01 +3.4283e+00 +2.0419e+00 -6.1147e-02 +2.9024e-01 +1.8868e+00 +3.5836e+00 +3.1561e+00 +1.4415e+00 -1.7232e+00 +9.3186e-01 +3.9814e+00 +2.0408e+00 -3.9881e+00 -8.7635e-01 -5.5071e-01 +2.9135e+00 -4.7628e-01
153 +9.977123193e+05 +9.977123193e+05 +9.977066193e+05 +9.977066193e+05 +1.0987e+00 -1.8281e+00 +3.8092e-02 +3.3759e+00 +1.0010e+00 -1.9694e-01 +3.0550e-01 +1.0503e+00 +2.9547e+00 +1.9567e+00 +1.3589e+00 -2.3068e-01 +1.2781e+00 +3.5592e+00 +1.9891e+00 -3.9040e+00 +1.0152e+00 -5.2035e-01 +2.7599e+00 -3.9040e-01
801 +5.799399457e+05 +5.799399457e+05 +5.799342457e+05 +5.799342457e+05 +1.0710e+00 -1.4922e+00 -7.4390e-02 +3.3953e+00 +8.1096e-01 +3.3416e-02 +4.7170e-01 +1.1926e+00 +2.9105e+00 +1.9614e+00 +1.3362e+00 -1.1416e-01 +1.2215e+00 +3.8121e+00 +2.1568e+00 -3.6629e+00 +1.0252e+00 -5.6460e-01 +3.0181e+00 -3.5000e-01
1201 +3.947643646e+05 +3.947643646e+05 +3.947586646e+05 +3.947586646e+05 +1.0321e+00 -1.5026e+00 +5.8321e-02 +3.2832e+00 +8.0151e-01 +5.8714e-02 +3.9998e-01 +1.1937e+00 +3.0386e+00 +1.7950e+00 +1.1837e+00 -2.6760e-01 +1.4945e+00 +3.9360e+00 +2.0885e+00 -3.4357e+00 +9.5281e-01 -7.4362e-01 +3.1867e+00 -1.9382e-01
2315 +2.379825911e+05 +2.379825911e+05 +2.379768911e+05 +2.379768911e+05 +7.6735e-01 -1.4831e+00 -7.1039e-02 +3.1305e+00 +8.9334e-01 +1.1316e-01 +5.0347e-01 +1.1105e+00 +3.0715e+00 +2.0462e+00 +9.3443e-01 -8.8186e-02 +1.5094e+00 +4.4397e+00 +1.8123e+00 -3.2825e+00 +8.6640e-01 -7.2421e-01 +3.2715e+00 +3.9158e-02
3705 +1.583314963e+05 +1.583314963e+05 +1.583257963e+05 +1.583257963e+05 +7.7562e-01 -1.3623e+00 -3.5536e-01 +3.0211e+00 +1.1928e+00 +3.3654e-01 +3.1975e-01 +9.9800e-01 +3.0833e+00 +1.9103e+00 +8.4815e-01 +1.3068e-01 +1.4806e+00 +4.7177e+00 +1.3505e+00 -3.1813e+00 +6.9365e-01 -8.5422e-01 +3.2318e+00 +2.6473e-01
6204 +9.341971688e+04 +9.341971688e+04 +9.341401688e+04 +9.341401688e+04 +7.0632e-01 -1.2274e+00 -4.5853e-01 +3.4830e+00 +7.4846e-01 +5.8568e-01 +4.6787e-01 +1.6347e+00 +3.0228e+00 +1.6252e+00 +5.6523e-01 +3.5440e-01 +1.6501e+00 +5.1768e+00 +5.9634e-01 -2.9518e+00 +8.0118e-01 -6.4150e-01 +3.3497e+00 +4.0582e-01
7839 +6.280550665e+04 +6.280550665e+04 +6.279980665e+04 +6.279980665e+04 +6.6056e-01 -1.1125e+00 -3.7330e-01 +3.3698e+00 +5.6301e-01 +7.0461e-01 +5.9527e-01 +1.7225e+00 +3.1012e+00 +1.9685e+00 +5.9481e-01 +4.1506e-01 +1.8418e+00 +5.3857e+00 +1.6381e-01 -3.1388e+00 +5.0110e-01 -5.4383e-01 +2.9369e+00 +8.1120e-01
9787 +3.737540031e+04 +3.737540031e+04 +3.736970031e+04 +3.736970031e+04 +3.2744e-02 +3.7389e-01 -4.2402e+00 -1.5169e+00 +1.2731e+00 +7.3056e-01 +3.9326e-02 -2.8482e-01 +9.6645e-01 -4.4292e-01 +1.0879e+00 +1.8569e+00 +4.3175e+00 +2.6466e+00 -2.2747e+00 -5.1370e+00 +9.2292e-01 +2.7678e+00 -9.3187e-01 -1.7759e+00
11305 +2.369373086e+04 +2.369373086e+04 +2.368803086e+04 +2.368803086e+04 +1.0834e-01 +1.7559e-01 -3.9884e+00 -1.1874e+00 +8.8989e-01 +7.5619e-01 +2.3384e-01 -2.0679e-01 +8.1762e-01 -1.8794e-01 +9.3662e-01 +2.0523e+00 +4.2970e+00 +2.8999e+00 -2.5154e+00 -5.4868e+00 +4.8748e-01 +2.5633e+00 -6.4772e-01 -1.3771e+00
12848 +1.535467879e+04 +1.535467879e+04 +1.534897879e+04 +1.534897879e+04 -1.5811e+00 +1.4134e+00 -8.3638e-01 +3.3361e+00 +1.4560e+00 +1.0948e+00 -5.9507e-01 +2.6860e+00 -7.3347e-01 -2.2412e+00 +1.7659e+00 +3.6798e+00 -5.3728e-01 +1.4997e+00 -1.3180e+00 -3.0776e+00 +1.4330e+00 +1.2086e+00 +4.8013e-01 +1.9758e+00
16266 +9.942501636e+03 +9.942501636e+03 +9.936801636e+03 +9.936801636e+03 -1.3419e+00 +1.5068e+00 -5.8558e-01 +3.3987e+00 +1.6114e+00 +9.4213e-01 -8.0425e-01 +2.6919e+00 -8.0997e-01 -2.2521e+00 +2.1695e+00 +3.3310e+00 -3.7088e-01 +2.1219e+00 -1.4821e+00 -3.0827e+00 +9.6357e-01 +1.5574e+00 +1.8733e-01 +1.4219e+00
25280 +6.083871304e+03 +6.083871304e+03 +6.078171304e+03 +6.078171304e+03 +3.1665e-01 -3.0752e-01 -2.9738e+00 -3.0417e-01 +1.4321e+00 +5.2874e-01 +5.5751e-01 -3.3760e-02 +1.2458e+00 -1.4460e+00 +1.4532e+00 +2.4719e+00 +3.8259e+00 +3.5432e+00 -2.3271e+00 -4.7130e+00 -7.8546e-01 +1.6899e+00 +2.2489e-01 -1.4333e+00
