% function evaluation | noise-free fitness - Fopt (-5.494000000000e+01) | best noise-free fitness - Fopt | measured fitness | best measured fitness | x1 | x2...
1 +3.069201749e+06 +3.069201749e+06 +3.069146809e+06 +3.069146809e+06 -2.0264e+00 +1.1697e+00 +1.9905e+00 +2.7344e+00 +2.8302e+00 -3.1257e+00 -3.1299e-01 +1.1744e+00 +1.5927e+00 +1.3425e+00
10 +2.066524624e+06 +2.066524624e+06 +2.066469684e+06 +2.066469684e+06 +1.2177e-01 -1.1918e+00 +3.6336e+00 +2.8904e+00 +3.2761e+00 +1.6849e+00 +2.4151e+00 -2.0090e+00 -3.1488e-01 -1.7343e+00
85 +9.191416452e+05 +9.191416452e+05 +9.190867052e+05 +9.190867052e+05 -1.4677e+00 +1.6168e+00 +3.0280e+00 +2.8005e+00 +7.8509e-01 -3.5209e-01 -2.2257e+00 +1.8783e+00 +1.7043e+00 +1.7720e+00
92 +4.668716939e+05 +4.668716939e+05 +4.668167539e+05 +4.668167539e+05 -2.2198e-01 +1.4716e+00 +3.2629e+00 +8.9473e-01 +2.7304e+00 -2.5538e+00 -2.9809e+00 -1.3102e+00 +1.7550e+00 +2.1970e+00
107 +3.725361597e+05 +3.725361597e+05 +3.724812197e+05 +3.724812197e+05 -2.0597e+00 -1.3889e+00 +3.7406e+00 -8.6067e-02 +2.6450e+00 +3.2509e+00 -2.8163e+00 -2.0618e+00 +2.4773e+00 +1.1436e+00
510 +2.348610247e+05 +2.348610247e+05 +2.348060847e+05 +2.348060847e+05 -2.0520e+00 -1.4532e+00 +3.4916e+00 -3.1259e-01 +2.5075e+00 +3.0797e+00 -2.8403e+00 -1.9747e+00 +2.2838e+00 +1.0333e+00
1156 +1.447276656e+05 +1.447276656e+05 +1.446727256e+05 +1.446727256e+05 -1.9245e+00 -1.4459e+00 +3.3845e+00 -2.4670e-01 +2.2831e+00 +2.8636e+00 -2.9607e+00 -1.8771e+00 +2.1345e+00 +7.6662e-01
1665 +7.067426121e+04 +7.067426121e+04 +7.061932121e+04 +7.061932121e+04 +3.4297e-01 -1.5546e+00 +4.2428e+00 +2.9855e+00 +3.9660e+00 +1.7215e+00 +1.7406e+00 -1.5724e+00 -1.8366e-01 -2.2353e+00
1796 +5.233199085e+04 +5.233199085e+04 +5.227705085e+04 +5.227705085e+04 +4.0022e-01 -1.6019e+00 +4.1818e+00 +2.9523e+00 +4.0572e+00 +1.8096e+00 +1.6916e+00 -1.5273e+00 -1.5500e-01 -2.1657e+00
2054 +3.036697911e+04 +3.036697911e+04 +3.031203911e+04 +3.031203911e+04 +4.2833e-01 -1.5369e+00 +4.3289e+00 +3.0387e+00 +3.9988e+00 +1.9666e+00 +1.6232e+00 -1.5700e+00 -5.7845e-02 -2.2674e+00
2312 +2.510900234e+04 +2.510900234e+04 +2.505406234e+04 +2.505406234e+04 +4.6466e-01 -1.4687e+00 +4.2874e+00 +3.0826e+00 +4.1174e+00 +2.0784e+00 +1.6984e+00 -1.5883e+00 -1.0152e-01 -2.1308e+00
3313 +1.526373818e+04 +1.526373818e+04 +1.520879818e+04 +1.520879818e+04 +1.2471e-01 -1.5843e+00 +4.0675e+00 +3.2392e+00 +4.2127e+00 +2.1385e+00 +1.5980e+00 -1.6763e+00 -1.1563e-01 -2.3587e+00
6071 +9.744140347e+03 +9.744140347e+03 +9.689200347e+03 +9.689200347e+03 +3.9144e-01 -2.2701e+00 +3.4257e+00 +3.5304e+00 +4.2040e+00 +2.3833e+00 +1.2708e+00 -2.1800e+00 +4.1041e-01 -2.2669e+00
11442 +6.308174155e+03 +6.308174155e+03 +6.253234155e+03 +6.253234155e+03 +8.8664e-02 +1.3548e+00 +1.2233e+00 +3.0605e-01 +5.1560e+00 -3.5324e-01 -2.9916e+00 -1.4382e+00 +2.8049e+00 +2.1797e+00
% function evaluation | noise-free fitness - Fopt (5.913000000000e+01) | best noise-free fitness - Fopt | measured fitness | best measured fitness | x1 | x2...
1 +1.000761086e+07 +1.000761086e+07 +1.000766999e+07 +1.000766999e+07 +1.4133e+00 +3.2159e+00 -7.9587e-01 +2.9637e+00 +3.5730e+00 -3.0770e+00 +1.3755e+00 -8.2470e-01 -9.5111e-01 +1.9379e+00
2 +7.412619537e+06 +7.412619537e+06 +7.412678667e+06 +7.412678667e+06 -8.6545e-03 +6.7125e-01 +1.3695e-01 +1.8131e+00 +3.1112e+00 +2.5259e+00 +2.3603e+00 -2.4118e+00 -3.1572e-01 +2.4524e+00
3 +3.767580306e+06 +3.767580306e+06 +3.767639436e+06 +3.767639436e+06 -2.2178e+00 +8.2157e-01 +1.3769e-01 -1.7316e-01 -2.9153e+00 -3.1089e+00 +2.0824e+00 +8.1137e-01 +1.7533e+00 +2.0369e-01
6 +1.239288615e+06 +1.239288615e+06 +1.239347745e+06 +1.239347745e+06 -8.7557e-01 +1.4133e+00 -2.6132e+00 +4.4618e-01 +3.2722e+00 -1.4327e+00 +1.5651e-01 +2.0554e+00 -2.9617e+00 +2.4900e+00
167 +9.822660401e+05 +9.822660401e+05 +9.823251701e+05 +9.823251701e+05 -8.7830e-01 +1.3004e+00 -2.5067e+00 +2.9252e-01 +3.1622e+00 -1.4074e+00 +1.2791e-02 +1.9554e+00 -2.9987e+00 +2.6189e+00
802 +6.232394862e+05 +6.232394862e+05 +6.232986162e+05 +6.232986162e+05 -1.0856e+00 +1.0553e+00 -2.5218e+00 +6.6322e-04 +3.3155e+00 -1.3551e+00 +1.9837e-01 +2.1293e+00 -3.1031e+00 +2.6954e+00
1590 +3.757574937e+05 +3.757574937e+05 +3.758166237e+05 +3.758166237e+05 -6.4472e-01 +1.7627e+00 -3.1739e+00 +7.4066e-01 -2.6942e+00 +5.1331e-02 -2.0692e-01 +1.4929e+00 -7.5674e-01 +1.2607e+00
2231 +2.401529231e+05 +2.401529231e+05 +2.402120531e+05 +2.402120531e+05 -7.1367e-01 +1.6050e+00 -3.2078e+00 +6.8914e-01 -2.9754e+00 +3.0973e-01 -3.1275e-01 +1.5754e+00 -8.1244e-01 +1.6518e+00
2443 +1.576563401e+05 +1.576563401e+05 +1.577154701e+05 +1.577154701e+05 -1.0909e+00 +6.2690e-01 -2.5114e+00 -3.7156e-01 +2.6975e+00 -1.2426e+00 +1.7566e-01 +1.8685e+00 -3.3427e+00 +3.2292e+00
3171 +9.919163203e+04 +9.919163203e+04 +9.925076203e+04 +9.925076203e+04 -1.1586e+00 +3.3494e-01 -2.4303e+00 -4.2678e-01 +2.6714e+00 -1.3458e+00 +2.5271e-01 +1.8621e+00 -3.5831e+00 +3.3940e+00
3431 +5.449831461e+04 +5.449831461e+04 +5.455744461e+04 +5.455744461e+04 -1.2427e+00 +2.3631e-01 -2.6002e+00 -5.7340e-01 +2.4845e+00 -1.4402e+00 +4.1966e-01 +1.9227e+00 -3.4986e+00 +3.4236e+00
3691 +3.087568297e+04 +3.087568297e+04 +3.093481297e+04 +3.093481297e+04 -1.1896e+00 +1.6631e-01 -2.6373e+00 -4.1807e-01 +2.4532e+00 -1.4750e+00 +4.1082e-01 +1.9077e+00 -3.6133e+00 +3.5478e+00
3951 +2.489673234e+04 +2.489673234e+04 +2.495586234e+04 +2.495586234e+04 -1.1434e+00 +1.3969e-01 -2.5896e+00 -5.2015e-01 +2.3044e+00 -1.4702e+00 +3.2675e-01 +1.9228e+00 -3.5126e+00 +3.6510e+00
4222 +1.442925331e+04 +1.442925331e+04 +1.448838331e+04 +1.448838331e+04 -1.3499e+00 -3.3315e-02 -2.7309e+00 -4.0690e-01 +2.4582e+00 -1.7340e+00 +3.1487e-01 +1.9085e+00 -3.8034e+00 +3.7000e+00
4698 +9.763739700e+03 +9.763739700e+03 +9.822869700e+03 +9.822869700e+03 -1.4346e+00 +2.9506e-02 -2.7436e+00 -2.9822e-01 +2.3580e+00 -1.6358e+00 +3.5052e-01 +1.8239e+00 -3.9427e+00 +3.6938e+00
6454 +5.751054712e+03 +5.751054712e+03 +5.810184712e+03 +5.810184712e+03 -1.3377e+00 -5.0557e-02 -2.8578e+00 -4.2218e-01 +2.4934e+00 -1.5731e+00 -2.2126e-01 +2.1914e+00 -4.1993e+00 +3.7534e+00
9400 +3.808804250e+03 +3.808804250e+03 +3.867934250e+03 +3.867934250e+03 -2.6020e+00 +1.9103e+00 -2.5065e+00 +6.4864e-01 -2.7988e+00 +6.9103e-01 -8.2429e-01 +1.7910e+00 -2.0359e+00 +3.0223e+00
10305 +2.355030200e+03 +2.355030200e+03 +2.414160200e+03 +2.414160200e+03 -2.5530e+00 +1.8289e+00 -2.4263e+00 +7.9858e-01 -2.7206e+00 +7.5069e-01 -1.0550e+00 +2.0324e+00 -2.1475e+00 +3.0043e+00
12552 +1.446599397e+03 +1.446599397e+03 +1.505729397e+03 +1.505729397e+03 -2.8788e+00 +1.9520e+00 -2.5367e+00 +7.0673e-01 -2.9338e+00 +7.3338e-01 -1.4548e+00 +2.3697e+00 -1.9071e+00 +2.9577e+00
13679 +9.870556433e+02 +9.870556433e+02 +1.046185643e+03 +1.046185643e+03 -3.1031e+00 +2.1985e+00 -2.4926e+00 +4.4749e-01 -2.9820e+00 +7.0659e-01 -1.2831e+00 +2.3391e+00 -1.9177e+00 +2.9442e+00
% function evaluation | noise-free fitness - Fopt (-4.915300000000e+02) | best noise-free fitness - Fopt | measured fitness | best measured fitness | x1 | x2...
1 +1.165718750e+06 +1.165718750e+06 +1.165227220e+06 +1.165227220e+06 +2.4337e+00 +9.3639e-01 -2.2980e+00 -3.0489e+00 +2.9330e+00 -2.2480e+00 +2.6465e+00 -4.9210e-01 +5.8021e-01 -3.3709e+00
21 +9.947205537e+05 +9.947205537e+05 +9.942290237e+05 +9.942290237e+05 +2.4488e+00 +9.2991e-01 -2.2971e+00 -3.1416e+00 +3.0132e+00 -2.2102e+00 +2.5837e+00 -4.0380e-01 +6.2644e-01 -3.3014e+00
68 +5.152990836e+05 +5.152990836e+05 +5.148075536e+05 +5.148075536e+05 +3.2260e+00 -3.0111e+00 -3.4142e+00 +6.1354e-01 +3.2720e+00 -3.0793e+00 -3.6612e+00 +5.5018e-01 -1.6168e+00 +1.4517e+00
69 +2.308668317e+05 +2.308668317e+05 +2.303753017e+05 +2.303753017e+05 +2.5525e+00 -2.2368e+00 +2.0300e-01 +3.7029e+00 -2.4926e+00 -3.1648e+00 -5.0193e-01 -1.2812e+00 -3.5135e+00 -3.8283e+00
89 +1.192318682e+05 +1.192318682e+05 +1.187403382e+05 +1.187403382e+05 +1.6071e+00 -1.9979e+00 +4.2718e-01 -2.3847e+00 -1.4613e+00 -2.9131e+00 -7.5421e-01 +1.9754e+00 -3.2932e-02 +1.0174e+00
338 +9.792971269e+04 +9.792971269e+04 +9.743818269e+04 +9.743818269e+04 +1.4239e+00 -2.0386e+00 +5.1386e-01 -2.3364e+00 -1.4145e+00 -2.8620e+00 -6.1483e-01 +2.0399e+00 +1.2852e-02 +9.4384e-01
1584 +6.138645374e+04 +6.138645374e+04 +6.089492374e+04 +6.089492374e+04 +1.6101e+00 -1.5699e+00 +6.1307e-01 -2.0112e+00 -1.2915e+00 -2.8770e+00 -6.0898e-01 +1.9594e+00 +3.6527e-01 +7.9961e-01
2491 +3.935492022e+04 +3.935492022e+04 +3.886339022e+04 +3.886339022e+04 +1.7405e+00 -1.1799e+00 +5.5237e-01 -1.5468e+00 -1.3895e+00 -3.1554e+00 -5.2571e-01 +2.0211e+00 +3.7856e-01 +6.7221e-01
3371 +2.472816357e+04 +2.472816357e+04 +2.423663357e+04 +2.423663357e+04 +1.6559e+00 -1.2205e+00 +4.3618e-01 -1.2874e+00 -1.1258e+00 -3.3871e+00 -5.5191e-01 +1.9969e+00 +5.4292e-01 +5.6440e-01
3762 +1.516441373e+04 +1.516441373e+04 +1.467288373e+04 +1.467288373e+04 +1.4547e+00 -1.1348e+00 +3.6491e-01 -1.0815e+00 -1.1872e+00 -3.4685e+00 -6.3387e-01 +1.9216e+00 +6.0108e-01 +5.8060e-01
4861 +9.584127681e+03 +9.584127681e+03 +9.092597681e+03 +9.092597681e+03 +1.5634e+00 -1.1225e+00 +9.0556e-02 -8.0902e-01 -9.6708e-01 -3.4679e+00 -9.5711e-01 +2.0075e+00 +6.4806e-01 +7.5125e-01
6120 +6.258043146e+03 +6.258043146e+03 +5.766513146e+03 +5.766513146e+03 +1.4528e+00 -9.9598e-01 -9.6891e-02 -4.5346e-01 -1.0828e+00 -3.7632e+00 -1.0683e+00 +2.2052e+00 +6.9851e-01 +7.3892e-01
8272 +3.729237809e+03 +3.729237809e+03 +3.237707809e+03 +3.237707809e+03 +1.5754e+00 -7.9310e-01 -7.1305e-01 -4.2585e-01 -7.2855e-01 -3.5783e+00 -1.3547e+00 +2.3444e+00 +6.6185e-01 +6.6838e-01
11187 +2.264123216e+03 +2.264123216e+03 +1.772593216e+03 +1.772593216e+03 +1.1780e+00 -7.6094e-01 -1.3058e+00 -4.1459e-01 -7.1924e-01 -3.3108e+00 -1.6477e+00 +2.3059e+00 +3.0162e-01 +4.4798e-01
% function evaluation | noise-free fitness - Fopt (-1.702000000000e+02) | best noise-free fitness - Fopt | measured fitness | best measured fitness | x1 | x2...
1 +3.512292603e+07 +3.512292603e+07 +3.512275583e+07 +3.512275583e+07 -3.9923e+00 +2.3001e+00 -3.3501e+00 -3.6571e+00 +2.0959e+00 -9.7367e-01 +2.3462e+00 -5.0663e-01 -4.5726e-01 +2.7690e-01
2 +2.386556214e+06 +2.386556214e+06 +2.386386014e+06 +2.386386014e+06 -1.7570e+00 +1.7965e+00 -2.4365e+00 +2.5398e+00 +2.7911e+00 +1.6222e+00 +2.2010e+00 +2.9491e+00 +3.7898e+00 -4.7299e-01
7 +8.457410228e+05 +8.457410228e+05 +8.455708228e+05 +8.455708228e+05 +2.2267e+00 -1.0846e+00 -2.6108e+00 +3.5889e+00 +1.6012e+00 -2.3018e+00 +2.6914e+00 +2.4782e+00 -1.9328e+00 +3.1466e+00
21 +5.513535203e+05 +5.513535203e+05 +5.511833203e+05 +5.511833203e+05 +4.6590e-01 +9.9613e-02 -2.5052e+00 +2.7594e+00 +2.1429e+00 +8.0592e-01 +2.4439e+00 +2.5384e+00 +1.5266e+00 +1.7472e+00
158 +2.504141436e+05 +2.504141436e+05 +2.502439436e+05 +2.502439436e+05 +1.0150e+00 -1.0963e+00 -2.5675e+00 +2.9777e+00 +1.6081e+00 +7.7941e-02 +2.3693e+00 +2.4417e+00 -8.7774e-01 +2.8315e+00
283 +1.535242486e+05 +1.535242486e+05 +1.533540486e+05 +1.533540486e+05 +1.5763e+00 -1.0933e+00 -2.5035e+00 +2.9290e+00 +1.5246e+00 +5.3299e-01 +2.6341e+00 +2.4750e+00 -6.9681e-01 +2.7442e+00
420 +9.939904938e+04 +9.939904938e+04 +9.922884938e+04 +9.922884938e+04 +1.5268e+00 -9.9880e-01 -2.4511e+00 +2.9946e+00 +1.4767e+00 +6.0889e-01 +2.6749e+00 +2.5306e+00 -7.0585e-01 +2.8381e+00
807 +5.941629442e+04 +5.941629442e+04 +5.924609442e+04 +5.924609442e+04 +1.2853e+00 -8.5848e-01 -2.4355e+00 +3.1097e+00 +1.5694e+00 +6.5512e-01 +2.6946e+00 +2.4281e+00 -6.3028e-01 +2.9377e+00
1191 +3.932922821e+04 +3.932922821e+04 +3.915902821e+04 +3.915902821e+04 +1.2466e+00 -9.9967e-01 -2.6082e+00 +3.1007e+00 +1.5314e+00 +8.1927e-01 +2.8478e+00 +2.4260e+00 -7.1454e-01 +2.9724e+00
1680 +2.172767373e+04 +2.172767373e+04 +2.155747373e+04 +2.155747373e+04 +1.0375e+00 -1.1469e+00 -2.4887e+00 +2.8282e+00 +1.5114e+00 +1.1251e+00 +2.9016e+00 +2.4739e+00 -6.1397e-01 +3.0588e+00
2055 +1.380728114e+04 +1.380728114e+04 +1.363708114e+04 +1.363708114e+04 +9.1192e-01 -1.2676e+00 -2.2825e+00 +2.8887e+00 +1.4657e+00 +1.2988e+00 +2.8998e+00 +2.5114e+00 -6.7829e-01 +3.0499e+00
2457 +9.542804538e+03 +9.542804538e+03 +9.372604538e+03 +9.372604538e+03 +9.5909e-01 -1.2548e+00 -2.5706e+00 +3.1866e+00 +1.6090e+00 +1.2347e+00 +2.9351e+00 +2.2725e+00 -6.8818e-01 +2.9558e+00
4953 +6.133428436e+03 +6.133428436e+03 +5.963228436e+03 +5.963228436e+03 +6.6961e-01 -1.1961e+00 -2.8374e+00 +3.3104e+00 +2.0509e+00 +1.0601e+00 +3.2092e+00 +1.8435e+00 -5.4609e-01 +2.9899e+00
8742 +3.975578828e+03 +3.975578828e+03 +3.805378828e+03 +3.805378828e+03 +6.5158e-01 -1.2300e+00 -2.7430e+00 +3.1468e+00 +2.3695e+00 +1.1093e+00 +2.7438e+00 +1.9327e+00 -1.1638e+00 +2.6976e+00
12173 +2.396639487e+03 +2.396639487e+03 +2.226439487e+03 +2.226439487e+03 -3.0646e+00 +3.4855e-01 -8.2880e-01 +3.9519e+00 +3.3730e+00 -1.3956e+00 +2.7261e+00 +2.9610e+00 -2.5398e+00 +2.0457e+00
% function evaluation | noise-free fitness - Fopt (-4.697500000000e+02) | best noise-free fitness - Fopt | measured fitness | best measured fitness | x1 | x2...
1 +3.767435796e+06 +3.767435796e+06 +3.766966046e+06 +3.766966046e+06 +3.4650e+00 -2.9368e+00 +2.7109e+00 +3.9233e+00 +9.1238e-01 -1.2479e+00 -1.4651e+00 -9.8064e-01 +4.6165e-01 +3.4202e+00
14 +2.104354310e+06 +2.104354310e+06 +2.103884560e+06 +2.103884560e+06 +2.5544e+00 +6.8826e-01 +9.2752e-04 +2.4207e+00 -2.4320e+00 -1.6433e+00 +2.5264e+00 +1.5179e+00 +1.8908e+00 -1.7077e+00
46 +1.327760581e+06 +1.327760581e+06 +1.327290831e+06 +1.327290831e+06 -3.9753e-01 -1.9201e+00 +1.9658e+00 +3.1827e+00 -2.3372e+00 -2.5348e+00 +1.6082e+00 -3.8659e+00 +3.9560e+00 +2.2640e+00
64 +4.521311416e+05 +4.521311416e+05 +4.516613916e+05 +4.516613916e+05 -2.8829e+00 -1.4984e+00 +1.3702e+00 +3.9086e+00 +2.7840e+00 +1.5624e+00 -1.9179e+00 -3.1562e+00 -2.0483e+00 +3.7970e+00
129 +3.553042051e+05 +3.553042051e+05 +3.548344551e+05 +3.548344551e+05 +2.8950e+00 -2.0551e+00 -5.1991e-01 +1.1058e+00 -2.3876e+00 +2.9028e-01 -2.7684e+00 +1.4345e+00 -2.3522e+00 +2.9077e-01
465 +2.510799641e+05 +2.510799641e+05 +2.506102141e+05 +2.506102141e+05 -3.0466e+00 -1.3894e+00 +1.6145e+00 +4.0791e+00 +2.7908e+00 +1.7452e+00 -2.1965e+00 -3.1653e+00 -2.2409e+00 +3.7691e+00
1135 +1.555062376e+05 +1.555062376e+05 +1.550364876e+05 +1.550364876e+05 -3.2296e+00 -1.5968e+00 +1.4435e+00 +4.3950e+00 +2.7196e+00 +2.0226e+00 -2.2084e+00 -3.0484e+00 -2.0294e+00 +3.9332e+00
1845 +8.765182198e+04 +8.765182198e+04 +8.718207198e+04 +8.718207198e+04 -3.1785e+00 -1.7554e+00 +1.5101e+00 +4.4486e+00 +2.5626e+00 +2.2522e+00 -2.1204e+00 -2.9520e+00 -1.7371e+00 +4.1163e+00
1990 +6.307626153e+04 +6.307626153e+04 +6.260651153e+04 +6.260651153e+04 -3.1598e+00 -1.8236e+00 +1.5319e+00 +4.6402e+00 +2.4694e+00 +2.2795e+00 -2.1544e+00 -2.8359e+00 -1.9509e+00 +4.2362e+00
2501 +3.847305044e+04 +3.847305044e+04 +3.800330044e+04 +3.800330044e+04 -3.3193e+00 -1.9289e+00 +1.5742e+00 +4.5994e+00 +2.2846e+00 +2.3928e+00 -2.3106e+00 -2.7135e+00 -1.8927e+00 +4.5084e+00
3352 +2.259462012e+04 +2.259462012e+04 +2.212487012e+04 +2.212487012e+04 -3.0153e+00 -1.9838e+00 +1.4538e+00 +4.6081e+00 +2.1148e+00 +2.5330e+00 -2.3438e+00 -2.6408e+00 -1.8198e+00 +4.6531e+00
3752 +1.579466778e+04 +1.579466778e+04 +1.532491778e+04 +1.532491778e+04 -2.9774e+00 -2.0240e+00 +1.5821e+00 +4.7158e+00 +1.9518e+00 +2.5843e+00 -2.2507e+00 -2.7259e+00 -1.7654e+00 +4.8814e+00
6789 +9.531793949e+03 +9.531793949e+03 +9.062043949e+03 +9.062043949e+03 -2.8374e+00 -2.3954e+00 +1.9423e+00 +4.6315e+00 +1.3641e+00 +2.2591e+00 -1.8809e+00 -2.6100e+00 -1.4853e+00 +4.9908e+00
11045 +5.793839014e+03 +5.793839014e+03 +5.324089014e+03 +5.324089014e+03 -3.2210e+00 -2.9602e+00 +2.2224e+00 +4.9898e+00 +9.2352e-01 +1.7210e+00 -1.5337e+00 -2.2772e+00 -1.6325e+00 +4.6710e+00
14716 +3.913856726e+03 +3.913856726e+03 +3.444106726e+03 +3.444106726e+03 -3.1771e+00 -3.1572e+00 +2.2478e+00 +4.9915e+00 +7.7398e-01 +1.2013e+00 -1.2555e+00 -1.9352e+00 -1.0753e+00 +4.6682e+00
% function evaluation | noise-free fitness - Fopt (1.999100000000e+02) | best noise-free fitness - Fopt | measured fitness | best measured fitness | x1 | x2...
1 +4.767734659e+06 +4.767734659e+06 +4.767934569e+06 +4.767934569e+06 +1.5417e-01 -1.8199e+00 -3.8334e+00 +3.7766e+00 -1.8668e+00 -3.8076e+00 +3.4379e+00 -3.8114e+00 +1.6611e+00 +8.7937e-02
2 +1.536570470e+06 +1.536570470e+06 +1.536770380e+06 +1.536770380e+06 +3.5075e+00 -2.0596e+00 +1.5484e+00 -1.9119e+00 -3.1890e+00 -2.5142e+00 -3.1313e+00 +1.2734e+00 -2.2424e+00 -1.6861e+00
11 +9.668706555e+05 +9.668706555e+05 +9.670705655e+05 +9.670705655e+05 -2.5594e+00 +2.3447e+00 +7.5031e-01 +1.4909e+00 -2.1478e+00 +3.0183e-01 -2.3802e+00 -3.3873e+00 -2.4187e+00 -2.2809e+00
12 +2.036494556e+05 +2.036494556e+05 +2.038493656e+05 +2.038493656e+05 +3.0965e-01 +2.3234e+00 +3.8669e+00 -8.6715e-01 +1.2182e+00 -1.1947e+00 -2.5342e+00 +1.1703e+00 +2.0229e+00 +8.1658e-01
283 +1.555322424e+05 +1.555322424e+05 +1.557321524e+05 +1.557321524e+05 +3.8023e-01 +2.3910e+00 +3.9301e+00 -7.7890e-01 +1.1562e+00 -1.1748e+00 -2.5045e+00 +1.2979e+00 +2.0933e+00 +7.5297e-01
681 +9.519814847e+04 +9.519814847e+04 +9.539805847e+04 +9.539805847e+04 +4.1941e-01 +2.0940e+00 +3.8398e+00 -6.2685e-01 +1.0970e+00 -1.2139e+00 -2.3856e+00 +1.3285e+00 +1.9575e+00 +5.6403e-01
1537 +6.057380443e+04 +6.057380443e+04 +6.077371443e+04 +6.077371443e+04 +2.9593e-01 +2.1272e+00 +3.8400e+00 -1.6522e-01 +1.2053e+00 -1.0978e+00 -2.0783e+00 +1.5532e+00 +1.8600e+00 +5.1098e-01
2313 +3.889324749e+04 +3.889324749e+04 +3.909315749e+04 +3.909315749e+04 +4.5764e-01 +2.1527e+00 +3.7422e+00 +1.4636e-01 +1.0493e+00 -1.3979e+00 -1.9177e+00 +1.4948e+00 +1.9001e+00 +4.1716e-01
2806 +2.429952072e+04 +2.429952072e+04 +2.449943072e+04 +2.449943072e+04 -2.0286e+00 +4.7822e+00 +2.1271e+00 +3.3431e+00 -2.7773e+00 +9.6915e-01 -3.4577e+00 +2.4829e+00 +2.0322e+00 +2.5911e+00
5208 +1.567429462e+04 +1.567429462e+04 +1.587420462e+04 +1.587420462e+04 +8.4176e-01 +2.0986e+00 +3.7591e+00 +9.1906e-01 +1.3623e+00 -1.5283e+00 -1.6393e+00 +1.4138e+00 +1.2531e+00 -3.6026e-02
8611 +9.170576856e+03 +9.170576856e+03 +9.370486856e+03 +9.370486856e+03 +1.3137e+00 +2.0697e+00 +3.8341e+00 +1.5158e+00 +1.2772e+00 -1.9540e+00 -1.6678e+00 +1.0827e+00 +9.2309e-01 -6.9352e-01
9743 +5.970760372e+03 +5.970760372e+03 +6.170670372e+03 +6.170670372e+03 +1.2097e+00 +2.2288e+00 +3.8155e+00 +1.5752e+00 +1.0707e+00 -2.0397e+00 -1.8134e+00 +1.0337e+00 +7.4848e-01 -1.1109e+00
10864 +3.966702984e+03 +3.966702984e+03 +4.166612984e+03 +4.166612984e+03 +1.3697e+00 +2.0363e+00 +3.9932e+00 +1.7025e+00 +1.3948e+00 -1.9976e+00 -1.8964e+00 +9.8092e-01 +7.5063e-01 -1.2423e+00
13881 +2.487942388e+03 +2.487942388e+03 +2.687852388e+03 +2.687852388e+03 +1.2526e+00 +2.1545e+00 +4.0245e+00 +1.7751e+00 +1.2553e+00 -1.8150e+00 -2.0802e+00 +1.2320e+00 +3.9227e-01 -1.4598e+00
% function evaluation | noise-free fitness - Fopt (-4.296000000000e+02) | best noise-free fitness - Fopt | measured fitness | best measured fitness | x1 | x2...
1 +5.547086989e+06 +5.547086989e+06 +5.546657389e+06 +5.546657389e+06 -2.5038e+00 -2.9298e+00 -2.1902e+00 -3.5547e+00 -1.0717e+00 +7.6138e-01 -3.2877e+00 -1.4959e+00 -3.5521e+00 -3.9731e+00
4 +1.297334392e+06 +1.297334392e+06 +1.296904792e+06 +1.296904792e+06 +2.0494e+00 +2.4297e+00 -2.6737e+00 -1.1480e+00 -5.2165e-01 -3.1398e+00 -2.1008e+00 +7.7124e-01 +2.9065e+00 -3.9066e+00
18 +8.763729131e+05 +8.763729131e+05 +8.759433131e+05 +8.759433131e+05 +1.2805e+00 -1.5421e+00 +2.9349e+00 -3.7039e-01 -3.8522e-01 -3.7524e+00 -3.8558e+00 -3.3986e+00 +1.3704e+00 -1.0399e+00
54 +6.147380537e+05 +6.147380537e+05 +6.143084537e+05 +6.143084537e+05 +1.6522e+00 -3.8961e+00 -3.4633e-01 +3.8068e+00 +3.4915e+00 +1.1680e+00 -7.7682e-01 -2.4428e+00 -2.6062e+00 +2.2568e+00
336 +3.591015259e+05 +3.591015259e+05 +3.586719259e+05 +3.586719259e+05 +1.6669e+00 -3.8720e+00 -4.3978e-01 +3.9361e+00 +3.3253e+00 +1.2797e+00 -7.2930e-01 -2.4374e+00 -2.4636e+00 +2.3339e+00
603 +2.410065786e+05 +2.410065786e+05 +2.405769786e+05 +2.405769786e+05 +1.7960e+00 -3.8351e+00 -2.8947e-01 +3.9335e+00 +3.4722e+00 +1.3640e+00 -8.3631e-01 -2.2841e+00 -2.3191e+00 +2.2752e+00
981 +1.466002644e+05 +1.466002644e+05 +1.461706644e+05 +1.461706644e+05 +1.9395e+00 -3.7761e+00 -2.8675e-01 +3.9777e+00 +3.4092e+00 +1.3855e+00 -7.3259e-01 -2.0877e+00 -2.0254e+00 +2.3997e+00
1722 +9.578543922e+04 +9.578543922e+04 +9.535583922e+04 +9.535583922e+04 +1.9240e+00 -3.6855e+00 -4.5532e-01 +3.8697e+00 +3.6357e+00 +1.3979e+00 -7.4149e-01 -1.8479e+00 -1.7279e+00 +2.3201e+00
2493 +5.990363020e+04 +5.990363020e+04 +5.947403020e+04 +5.947403020e+04 +2.0312e+00 -3.9254e+00 -5.7293e-01 +3.8046e+00 +3.7823e+00 +1.2339e+00 -9.4907e-01 -1.5628e+00 -1.4421e+00 +2.1209e+00
4287 +3.914821503e+04 +3.914821503e+04 +3.871861503e+04 +3.871861503e+04 +2.1751e+00 -3.8560e+00 -4.1762e-01 +4.0883e+00 +3.7119e+00 +9.9548e-01 -1.5510e+00 -1.5103e+00 -1.3486e+00 +1.5343e+00
6133 +2.494180584e+04 +2.494180584e+04 +2.451220584e+04 +2.451220584e+04 +1.9821e+00 -3.8856e+00 -6.3508e-01 +3.9923e+00 +3.6450e+00 +7.8187e-01 -2.1173e+00 -2.0161e+00 -9.4101e-01 +1.2536e+00
6551 +1.435603460e+04 +1.435603460e+04 +1.392643460e+04 +1.392643460e+04 -1.6682e+00 +3.3012e+00 +4.1772e+00 +3.1792e+00 +2.6102e+00 -6.4798e-01 +9.5575e-02 +2.3760e+00 -1.5267e+00 -2.3285e-01
6809 +7.457130242e+03 +7.457130242e+03 +7.027530242e+03 +7.027530242e+03 -1.4013e+00 +3.3814e+00 +4.1749e+00 +3.0623e+00 +2.8195e+00 -7.7678e-01 -4.6215e-02 +2.4448e+00 -1.3872e+00 +3.6561e-03
6944 +4.565284254e+03 +4.565284254e+03 +4.135684254e+03 +4.135684254e+03 -1.4289e+00 +3.3268e+00 +4.2656e+00 +3.0926e+00 +2.8589e+00 -8.1958e-01 -1.4083e-01 +2.4521e+00 -1.3895e+00 -9.7910e-02
7207 +3.946299054e+03 +3.946299054e+03 +3.516699054e+03 +3.516699054e+03 -1.5010e+00 +3.3557e+00 +4.2738e+00 +3.1285e+00 +2.8001e+00 -9.2716e-01 -2.1568e-01 +2.4872e+00 -1.3381e+00 -6.5136e-02
8842 +2.441399293e+03 +2.441399293e+03 +2.011799293e+03 +2.011799293e+03 -1.2444e+00 +3.4013e+00 +4.1637e+00 +3.0552e+00 +2.7600e+00 -1.2027e+00 -4.5374e-01 +2.4352e+00 -1.1285e+00 -7.0624e-02
% function evaluation | noise-free fitness - Fopt (1.000000000000e+03) | best noise-free fitness - Fopt | measured fitness | best measured fitness | x1 | x2...
1 +1.497598917e+07 +1.497598917e+07 +1.497698917e+07 +1.497698917e+07 -1.0373e+00 +7.3795e-01 +2.0523e+00 +1.8757e-01 +3.3272e+00 -3.7388e+00 +2.2277e+00 +2.8230e+00 -2.4198e+00 -1.9683e+00
6 +6.477757572e+06 +6.477757572e+06 +6.478757572e+06 +6.478757572e+06 -6.5210e-01 -2.5436e+00 +3.8172e+00 -3.1313e+00 -1.0367e+00 +1.3269e+00 +9.4930e-01 -2.1347e+00 -9.2597e-02 -1.2347e+00
15 +5.926620078e+06 +5.926620078e+06 +5.927620078e+06 +5.927620078e+06 -3.6687e+00 -3.9262e+00 +2.8667e+00 -1.5159e+00 -1.9249e+00 -3.4775e-01 +2.2544e+00 -9.2957e-01 -1.8762e+00 -2.8784e+00
42 +3.952453340e+06 +3.952453340e+06 +3.953453340e+06 +3.953453340e+06 -2.7440e+00 +3.7569e+00 -2.9950e+00 +3.8772e+00 +3.2998e+00 -1.8556e+00 +3.2908e+00 +3.5400e+00 -2.1732e+00 +2.7725e+00
44 +1.792500522e+06 +1.792500522e+06 +1.793500522e+06 +1.793500522e+06 -2.3737e+00 -3.1631e+00 -5.9222e-01 -1.8339e+00 -1.1009e+00 -3.8262e-01 +3.1002e-01 -1.7086e+00 -2.1269e+00 +2.3047e+00
46 +5.709585509e+05 +5.709585509e+05 +5.719585509e+05 +5.719585509e+05 -1.6383e+00 -2.5061e+00 -3.7058e+00 +2.5902e+00 +1.4966e-01 -2.9526e-01 +3.1382e+00 -2.1749e+00 -3.6751e-01 +3.8686e+00
116 +3.723376671e+05 +3.723376671e+05 +3.733376671e+05 +3.733376671e+05 -2.7928e+00 -2.5495e+00 -3.1151e+00 -2.2496e+00 +4.8133e-01 -2.2445e+00 -1.6277e+00 +2.2434e-01 +3.1536e+00 +3.7009e+00
256 +1.802804748e+05 +1.802804748e+05 +1.812804748e+05 +1.812804748e+05 -3.2359e+00 -2.8605e+00 -3.4877e+00 -2.3975e+00 -2.7598e-01 -3.3689e+00 -2.6392e+00 +2.8487e-01 -7.7067e-01 +3.7983e+00
378 +1.560572813e+05 +1.560572813e+05 +1.570572813e+05 +1.570572813e+05 -3.2597e+00 -2.9337e+00 -3.5710e+00 -2.4029e+00 -3.6440e-01 -3.4540e+00 -2.6030e+00 +2.3227e-01 -6.7138e-01 +3.7649e+00
907 +9.277919632e+04 +9.277919632e+04 +9.377919632e+04 +9.377919632e+04 -3.4403e+00 -2.7389e+00 -3.5079e+00 -2.3650e+00 -5.5332e-01 -3.2236e+00 -2.4047e+00 +1.5105e-01 -4.5827e-01 +3.7002e+00
2541 +6.214713727e+04 +6.214713727e+04 +6.314713727e+04 +6.314713727e+04 -3.5202e+00 -2.3040e+00 -3.7419e+00 -2.5217e+00 -4.3570e-01 -2.9500e+00 -2.1100e+00 +8.9368e-02 -1.4596e-01 +3.5542e+00
5693 +3.854531065e+04 +3.854531065e+04 +3.954531065e+04 +3.954531065e+04 -3.3503e+00 -2.3153e+00 -4.5458e+00 -2.9369e+00 -8.7493e-01 -2.6163e+00 -1.1918e+00 -1.0553e-01 +1.0326e-01 +3.2501e+00
7022 +2.471578391e+04 +2.471578391e+04 +2.571578391e+04 +2.571578391e+04 -3.0932e+00 -1.3641e+00 -4.5558e+00 +5.0627e-01 -3.5246e-02 -4.6877e-01 +2.8904e+00 -2.5827e+00 -8.9617e-01 +2.9694e+00
8103 +1.397484130e+04 +1.397484130e+04 +1.497484130e+04 +1.497484130e+04 -1.2199e+00 -1.9181e+00 -5.7012e+00 -2.0339e+00 +2.1893e+00 +1.7148e+00 -1.4927e+00 -4.0662e+00 +1.5270e+00 -1.8422e+00
9088 +8.737409109e+03 +8.737409109e+03 +9.737409109e+03 +9.737409109e+03 -1.0538e+00 -1.8382e+00 -5.6648e+00 -2.0650e+00 +2.3235e+00 +1.6457e+00 -1.5683e+00 -4.2794e+00 +1.4473e+00 -1.8583e+00
9995 +6.300321297e+03 +6.300321297e+03 +7.300321297e+03 +7.300321297e+03 -9.5696e-01 -1.6257e+00 -5.7026e+00 -1.7908e+00 +2.5988e+00 +1.6576e+00 -1.4732e+00 -4.3735e+00 +1.4296e+00 -1.8882e+00
% function evaluation | noise-free fitness - Fopt (1.951500000000e+02) | best noise-free fitness - Fopt | measured fitness | best measured fitness | x1 | x2...
1 +4.363260378e+07 +4.363260378e+07 +4.363279893e+07 +4.363279893e+07 -3.2739e+00 +2.8715e+00 +2.2130e+00 -9.1540e-01 -1.4069e-01 +1.7740e+00 +1.8074e+00 +3.7172e+00 -1.5564e+00 -2.9620e+00
2 +3.636260167e+07 +3.636260167e+07 +3.636279682e+07 +3.636279682e+07 -3.7344e-01 -2.6364e+00 -1.9966e+00 -1.8700e+00 -3.4201e+00 -3.9809e+00 +2.9122e+00 +1.2049e-02 +3.7953e+00 +1.8882e+00
3 +1.503835168e+07 +1.503835168e+07 +1.503854683e+07 +1.503854683e+07 -2.4127e+00 +4.4389e-01 +8.9050e-01 +1.7011e+00 +3.6822e+00 +3.3943e-01 -5.1461e-01 -5.7376e-01 -1.5621e+00 +1.1062e+00
17 +4.678444414e+06 +4.678444414e+06 +4.678639564e+06 +4.678639564e+06 +3.1490e+00 -1.9152e+00 -1.8792e+00 +2.5595e+00 +2.2085e+00 +8.9146e-01 -1.4698e-01 -2.9821e+00 -1.2524e+00 +3.7729e+00
49 +3.697485418e+06 +3.697485418e+06 +3.697680568e+06 +3.697680568e+06 +1.5138e-01 -1.4787e-01 -7.4606e-01 -1.8853e+00 +3.6815e+00 -7.8972e-01 +3.6592e+00 -3.6002e-01 -2.9393e+00 +3.7860e+00
83 +1.555449152e+06 +1.555449152e+06 +1.555644302e+06 +1.555644302e+06 +2.4606e+00 +2.3180e+00 -4.8931e-01 -2.1629e+00 +3.3247e+00 -3.0162e+00 +3.3876e+00 -3.1165e-01 -2.5866e+00 +1.9835e+00
481 +9.901060598e+05 +9.901060598e+05 +9.903012098e+05 +9.903012098e+05 +2.4806e+00 +1.5766e+00 -5.7556e-01 -1.8139e+00 +3.5100e+00 -1.8708e+00 +3.6752e+00 -2.0019e-01 -2.9046e+00 +2.7854e+00
1596 +6.260879795e+05 +6.260879795e+05 +6.262831295e+05 +6.262831295e+05 +2.1623e+00 +1.6400e+00 -6.1706e-01 -1.4729e+00 +3.7681e+00 -1.5946e+00 +3.9548e+00 -3.3322e-02 -2.6568e+00 +2.8472e+00
2757 +3.957401561e+05 +3.957401561e+05 +3.959353061e+05 +3.959353061e+05 +2.2321e+00 +1.5000e+00 -3.1037e-01 -7.8981e-01 +3.5633e+00 -1.1747e+00 +3.8220e+00 +2.3151e-01 -2.4572e+00 +2.7728e+00
3433 +2.458716406e+05 +2.458716406e+05 +2.460667906e+05 +2.460667906e+05 +4.3149e+00 -9.5667e-01 -1.7466e+00 +2.4259e+00 +3.2523e+00 +5.0180e-01 +7.9239e-01 -3.6933e+00 -1.5490e+00 +4.0770e+00
3579 +1.551148015e+05 +1.551148015e+05 +1.553099515e+05 +1.553099515e+05 +4.3073e+00 -8.6796e-01 -1.7227e+00 +2.3440e+00 +3.2398e+00 +5.1154e-01 +8.2949e-01 -3.7629e+00 -1.6443e+00 +4.0720e+00
4092 +9.792045093e+04 +9.792045093e+04 +9.811560093e+04 +9.811560093e+04 +4.2970e+00 -7.9824e-01 -1.5665e+00 +2.0888e+00 +3.0258e+00 +4.6804e-01 +9.8143e-01 -3.9398e+00 -1.6751e+00 +4.0387e+00
4224 +5.181881406e+04 +5.181881406e+04 +5.201396406e+04 +5.201396406e+04 +4.3041e+00 -7.3292e-01 -1.4150e+00 +2.2268e+00 +3.0528e+00 +4.6697e-01 +9.8421e-01 -4.0709e+00 -1.7954e+00 +4.0221e+00
4681 +3.083597902e+04 +3.083597902e+04 +3.103112902e+04 +3.103112902e+04 +4.5231e+00 -7.3167e-01 -1.3029e+00 +2.1671e+00 +2.8999e+00 +4.8819e-01 +1.0678e+00 -4.0079e+00 -1.9134e+00 +4.1863e+00
4821 +2.329626860e+04 +2.329626860e+04 +2.349141860e+04 +2.349141860e+04 +4.4434e+00 -7.8780e-01 -1.3225e+00 +2.1345e+00 +2.9074e+00 +4.1888e-01 +1.1637e+00 -4.1530e+00 -1.9923e+00 +4.0546e+00
5081 +1.466531791e+04 +1.466531791e+04 +1.486046791e+04 +1.486046791e+04 +4.5695e+00 -7.1650e-01 -1.2030e+00 +1.8287e+00 +3.0601e+00 +5.1848e-01 +1.0296e+00 -4.1071e+00 -1.8712e+00 +4.0277e+00
5468 +9.928521032e+03 +9.928521032e+03 +1.012367103e+04 +1.012367103e+04 +4.5622e+00 -7.1867e-01 -1.2789e+00 +1.8614e+00 +3.0403e+00 +1.3949e-01 +9.8964e-01 -3.9132e+00 -2.0537e+00 +4.1098e+00
9352 +5.692190728e+03 +5.692190728e+03 +5.887340728e+03 +5.887340728e+03 +4.8018e+00 -8.5549e-01 -1.3232e+00 +2.0299e+00 +2.4685e+00 -5.0932e-01 +1.3608e+00 -3.7734e+00 -1.9047e+00 +3.9685e+00
12542 +3.684632510e+03 +3.684632510e+03 +3.879782510e+03 +3.879782510e+03 +1.8791e+00 +1.5391e+00 +3.5416e-01 +2.1804e+00 +3.2782e+00 -1.2494e+00 +3.1099e+00 -2.6371e-01 -2.8974e+00 +1.9669e+00
% function evaluation | noise-free fitness - Fopt (-4.335000000000e+01) | best noise-free fitness - Fopt | measured fitness | best measured fitness | x1 | x2...
1 +4.905400859e+07 +4.905400859e+07 +4.905396524e+07 +4.905396524e+07 -1.5872e+00 -2.4533e+00 -2.1995e-01 -1.9372e-01 -3.1019e-01 -9.2824e-01 -1.6579e+00 +1.2676e+00 +2.3246e-01 -1.1531e+00
2 +6.179298530e+05 +6.179298530e+05 +6.178865030e+05 +6.178865030e+05 +2.3832e+00 +2.3198e+00 +1.0144e+00 +1.6064e+00 +1.1315e+00 -3.0603e+00 -7.7555e-01 -3.3274e+00 +2.1686e+00 +3.3934e+00
105 +3.001054771e+05 +3.001054771e+05 +3.000621271e+05 +3.000621271e+05 +2.0223e+00 +2.5551e+00 +1.9037e+00 -2.4068e+00 -2.1442e+00 -3.7704e+00 +2.4259e+00 +3.8069e-01 +3.6252e-01 +1.7153e+00
118 +2.498172559e+05 +2.498172559e+05 +2.497739059e+05 +2.497739059e+05 +2.0213e+00 +2.6221e+00 +1.9450e+00 -2.4428e+00 -2.1580e+00 -3.7860e+00 +2.4691e+00 +4.4063e-01 +4.1318e-01 +1.8089e+00
636 +1.310756220e+05 +1.310756220e+05 +1.310322720e+05 +1.310322720e+05 +2.1127e+00 +2.8463e+00 +2.0126e+00 -2.3295e+00 -2.2072e+00 -3.6688e+00 +2.3456e+00 +3.1989e-01 +4.5604e-01 +1.8493e+00
1158 +9.648295026e+04 +9.648295026e+04 +9.643960026e+04 +9.643960026e+04 +2.1856e+00 +2.9613e+00 +2.0292e+00 -2.4160e+00 -1.9026e+00 -3.6501e+00 +2.2709e+00 +2.7546e-01 +7.4303e-01 +2.1072e+00
1633 +5.973315186e+04 +5.973315186e+04 +5.968980186e+04 +5.968980186e+04 +1.9613e+00 +3.1832e+00 +2.0821e+00 -2.5961e+00 -1.8125e+00 -3.3783e+00 +2.3366e+00 +3.0500e-01 +4.7689e-01 +1.9455e+00
2150 +3.884431619e+04 +3.884431619e+04 +3.880096619e+04 +3.880096619e+04 +2.0159e+00 +3.3019e+00 +2.1422e+00 -2.6249e+00 -1.9955e+00 -3.4226e+00 +1.9447e+00 +1.2457e-01 +5.0222e-01 +1.8805e+00
3660 +2.497901366e+04 +2.497901366e+04 +2.493566366e+04 +2.493566366e+04 +2.2763e+00 +3.2087e+00 +2.3683e+00 -2.5151e+00 -1.8592e+00 -3.5332e+00 +1.4189e+00 +1.3833e-01 +9.2785e-01 +1.7994e+00
4649 +1.544506044e+04 +1.544506044e+04 +1.540171044e+04 +1.540171044e+04 +2.3750e+00 +3.0065e+00 +2.4299e+00 -2.3098e+00 -1.7890e+00 -3.5124e+00 +1.2720e+00 -8.6331e-02 +7.5865e-01 +2.0118e+00
5037 +9.488774924e+03 +9.488774924e+03 +9.445424924e+03 +9.445424924e+03 +2.2782e+00 +3.0666e+00 +2.5207e+00 -2.1071e+00 -1.6984e+00 -3.3862e+00 +1.0374e+00 -1.0758e-01 +8.3293e-01 +1.8940e+00
5657 +5.268475592e+03 +5.268475592e+03 +5.225125592e+03 +5.225125592e+03 +1.9713e+00 +3.4285e+00 +2.3958e+00 -3.7450e-01 -2.5201e+00 -1.5629e+00 -1.2799e+00 +6.2187e-01 +6.3653e-01 +2.5512e+00
6520 +3.383879229e+03 +3.383879229e+03 +3.340529229e+03 +3.340529229e+03 +1.8337e+00 +3.4878e+00 +2.3284e+00 -4.5389e-01 -2.7957e+00 -1.4329e+00 -1.0968e+00 +7.9614e-01 +6.3990e-01 +2.4346e+00
6765 +2.492676451e+03 +2.492676451e+03 +2.449326451e+03 +2.449326451e+03 +1.9281e+00 +3.6134e+00 +2.1938e+00 -5.0762e-01 -2.8939e+00 -1.4625e+00 -1.0750e+00 +8.3734e-01 +6.3103e-01 +2.5036e+00
7177 +1.451883796e+03 +1.451883796e+03 +1.408533796e+03 +1.408533796e+03 +1.9045e+00 +3.5657e+00 +2.1876e+00 -3.9945e-01 -3.0910e+00 -1.5694e+00 -9.4590e-01 +5.5947e-01 +5.9912e-01 +2.3807e+00
8152 +7.155790675e+02 +7.155790675e+02 +6.722290675e+02 +6.722290675e+02 +1.9034e+00 +3.7220e+00 +2.0742e+00 -4.6623e-01 -3.1012e+00 -1.5011e+00 -8.3875e-01 +5.5891e-01 +3.6705e-01 +2.2605e+00
9399 +5.675037295e+02 +5.675037295e+02 +5.241537295e+02 +5.241537295e+02 +1.8553e+00 +3.5784e+00 +2.1476e+00 -5.6875e-01 -3.2502e+00 -1.5082e+00 -5.9624e-01 +5.5154e-01 +1.3744e-01 +2.3794e+00
11169 +3.965689557e+02 +3.965689557e+02 +3.532189557e+02 +3.532189557e+02 +1.9988e+00 +3.6447e+00 +2.0352e+00 -5.5674e-01 -3.2197e+00 -1.3237e+00 -5.6079e-01 +4.1600e-01 +1.4779e-01 +2.2033e+00
12679 +2.340614941e+02 +2.340614941e+02 +1.907114941e+02 +1.907114941e+02 +2.2412e+00 +3.5175e+00 +2.0074e+00 -7.8523e-01 -3.1133e+00 -1.3469e+00 -4.0496e-01 +3.2641e-01 +8.3819e-02 +2.1929e+00
% function evaluation | noise-free fitness - Fopt (2.790900000000e+02) | best noise-free fitness - Fopt | measured fitness | best measured fitness | x1 | x2...
1 +5.728076312e+06 +5.728076312e+06 +5.728355402e+06 +5.728355402e+06 +2.9800e+00 -3.2427e+00 +3.2931e+00 +3.2401e+00 +3.7091e+00 -8.6631e-01 +2.1368e+00 -3.7837e+00 -2.7124e+00 +2.2055e+00
9 +1.870050778e+06 +1.870050778e+06 +1.870329868e+06 +1.870329868e+06 +3.0756e+00 -3.2381e+00 -2.7515e+00 -2.6514e+00 -3.5806e-01 -2.3441e+00 -1.6304e-01 -5.8356e-01 +3.9850e+00 +1.7048e+00
29 +6.568792037e+05 +6.568792037e+05 +6.571582937e+05 +6.571582937e+05 +2.4687e+00 -3.2644e+00 -1.1732e+00 -2.8778e+00 +1.5533e+00 -2.0026e+00 +3.1954e-01 +7.9646e-01 +3.0805e+00 -1.1376e+00
158 +3.589228994e+05 +3.589228994e+05 +3.592019894e+05 +3.592019894e+05 +2.5923e+00 -3.2388e+00 -1.8340e+00 -2.8617e+00 +1.4248e+00 -2.1827e+00 -5.2971e-02 -3.2943e-02 +3.5430e+00 -2.2157e-01
544 +2.417874388e+05 +2.417874388e+05 +2.420665288e+05 +2.420665288e+05 +2.5670e+00 -3.3585e+00 -1.7264e+00 -2.7499e+00 +1.6730e+00 -2.1768e+00 -1.9422e-01 +1.9823e-01 +3.4542e+00 -8.9579e-01
936 +1.565609391e+05 +1.565609391e+05 +1.568400291e+05 +1.568400291e+05 +2.4914e+00 -3.3111e+00 -1.6155e+00 -2.9463e+00 +1.7237e+00 -2.2087e+00 +2.0160e-01 +7.0540e-02 +3.0860e+00 -1.0903e+00
1808 +9.056460347e+04 +9.056460347e+04 +9.084369347e+04 +9.084369347e+04 +2.2696e+00 -3.0698e+00 -1.3995e+00 -3.0641e+00 +1.5333e+00 -2.3439e+00 -4.5455e-02 -6.2409e-02 +3.0301e+00 -1.3183e+00
2060 +6.104195309e+04 +6.104195309e+04 +6.132104309e+04 +6.132104309e+04 +2.1881e+00 -2.9871e+00 -1.3682e+00 -2.9444e+00 +1.4569e+00 -2.3923e+00 -1.8428e-02 -1.9669e-01 +3.0228e+00 -1.4795e+00
2708 +3.932970958e+04 +3.932970958e+04 +3.960879958e+04 +3.960879958e+04 +2.1613e+00 -2.7150e+00 -1.3368e+00 -2.9852e+00 +1.4184e+00 -2.5202e+00 -6.5880e-02 -2.2163e-01 +2.7649e+00 -1.8147e+00
3570 +2.283355897e+04 +2.283355897e+04 +2.311264897e+04 +2.311264897e+04 +1.9420e+00 -2.8984e+00 -1.1332e+00 -2.7766e+00 +1.2888e+00 -2.8715e+00 -1.4430e-01 -2.0105e-01 +2.7388e+00 -1.9433e+00
3953 +1.582980003e+04 +1.582980003e+04 +1.610889003e+04 +1.610889003e+04 +1.8350e+00 -3.0247e+00 -9.6898e-01 -2.7193e+00 +1.2193e+00 -2.9175e+00 +4.2002e-02 -2.1180e-01 +2.5609e+00 -1.9871e+00
4566 +9.529263502e+03 +9.529263502e+03 +9.808353502e+03 +9.808353502e+03 +1.5343e+00 -2.8983e+00 -9.2272e-01 -2.5986e+00 +1.2070e+00 -3.0188e+00 -5.8918e-02 -2.9964e-01 +2.7157e+00 -2.0311e+00
5090 +6.239235550e+03 +6.239235550e+03 +6.518325550e+03 +6.518325550e+03 +1.5973e+00 -2.9639e+00 -9.1412e-01 -2.5705e+00 +1.1573e+00 -3.2453e+00 -6.4964e-02 -2.1532e-01 +2.5804e+00 -2.2439e+00
6860 +3.830610344e+03 +3.830610344e+03 +4.109700344e+03 +4.109700344e+03 +1.5371e+00 -3.0596e+00 -7.4326e-01 -2.4281e+00 +1.3142e+00 -3.3005e+00 -1.1153e-01 -1.3692e-01 +2.4233e+00 -2.2085e+00
8093 +2.229101805e+03 +2.229101805e+03 +2.508191805e+03 +2.508191805e+03 +1.3717e+00 -3.2047e+00 -6.8507e-01 -2.1762e+00 +1.1570e+00 -3.4176e+00 -3.4535e-01 -1.5427e-01 +2.2724e+00 -2.2816e+00
10269 +1.544150905e+03 +1.544150905e+03 +1.823240905e+03 +1.823240905e+03 +9.8207e-01 -3.3682e+00 -8.8490e-01 -2.3080e+00 +1.0459e+00 -3.4192e+00 -6.2013e-02 -1.2605e-01 +2.3829e+00 -2.3269e+00
11427 +9.055062701e+02 +9.055062701e+02 +1.184596270e+03 +1.184596270e+03 -2.1522e+00 -3.4263e+00 -3.3020e-01 -2.4978e+00 +3.3281e-02 -9.1251e-01 -3.0055e-01 -1.5403e+00 -1.3662e+00 -2.7685e-01
12568 +6.014105460e+02 +6.014105460e+02 +8.805005460e+02 +8.805005460e+02 -1.9719e+00 -3.1879e+00 -5.9519e-01 -2.8347e+00 -1.0602e-01 -1.0509e+00 -4.7630e-01 -1.5543e+00 -1.4011e+00 -6.3247e-02
13344 +3.878837576e+02 +3.878837576e+02 +6.669737576e+02 +6.669737576e+02 -1.8971e+00 -3.3449e+00 -5.9818e-01 -2.6510e+00 -1.3534e-01 -1.2216e+00 -5.6513e-01 -1.4546e+00 -1.2005e+00 -3.6146e-01
14579 +1.514669289e+02 +1.514669289e+02 +4.305569289e+02 +4.305569289e+02 -1.7108e+00 -3.2587e+00 -4.5301e-01 -2.5697e+00 -3.1414e-02 -1.2054e+00 -7.0907e-01 -1.4585e+00 -1.1692e+00 -3.1915e-01
% function evaluation | noise-free fitness - Fopt (1.000000000000e+03) | best noise-free fitness - Fopt | measured fitness | best measured fitness | x1 | x2...
1 +6.376026748e+06 +6.376026748e+06 +6.377026748e+06 +6.377026748e+06 -2.2575e+00 +2.7177e+00 -2.0132e+00 -1.2823e+00 +3.7110e+00 +2.3094e+00 +1.8637e+00 -4.4262e-01 +2.9803e+00 -2.9436e+00
2 +1.891277931e+06 +1.891277931e+06 +1.892277931e+06 +1.892277931e+06 +3.2419e+00 -7.6144e-01 +3.5974e+00 +1.4218e+00 +3.9594e-02 +2.5817e+00 +3.9385e+00 -1.9555e+00 -3.3835e+00 -1.1496e-01
11 +7.415979012e+05 +7.415979012e+05 +7.425979012e+05 +7.425979012e+05 -1.3474e+00 -3.8665e-01 -6.4121e-02 -7.6849e-01 +2.5806e+00 +1.4848e+00 +2.4927e+00 -1.6310e+00 +8.1749e-01 -3.0244e+00
51 +4.768229996e+05 +4.768229996e+05 +4.778229996e+05 +4.778229996e+05 +4.0692e-01 +1.9972e-02 -5.2388e-01 +8.0637e-01 +2.7929e+00 -2.9839e+00 +3.2977e+00 -9.7337e-01 +3.5689e-01 -2.0175e+00
83 +3.061807624e+05 +3.061807624e+05 +3.071807624e+05 +3.071807624e+05 +1.4412e+00 -1.4076e+00 -1.4795e+00 -5.4008e-01 +2.4507e-02 -2.6213e+00 +1.7317e+00 -4.2065e-01 -4.5428e-01 -1.8510e+00
345 +2.410842327e+05 +2.410842327e+05 +2.420842327e+05 +2.420842327e+05 +1.5850e+00 -2.0197e+00 -1.5924e+00 -4.3642e-01 +4.0541e-01 -2.7364e+00 +1.8149e+00 -3.2760e-01 -4.3375e-01 -1.8877e+00
1162 +1.552941743e+05 +1.552941743e+05 +1.562941743e+05 +1.562941743e+05 +1.2573e+00 -1.3541e+00 -3.5322e+00 -3.6310e-01 +1.5575e-01 -3.6081e+00 +2.8545e+00 +3.0328e-01 -3.2117e+00 -2.5177e+00
1974 +9.650208746e+04 +9.650208746e+04 +9.750208746e+04 +9.750208746e+04 +1.1967e+00 -1.9277e+00 -1.5510e+00 -9.2837e-02 +7.6507e-01 -3.2842e+00 +1.8625e+00 -5.7508e-01 -7.9023e-01 -1.9897e+00
2537 +6.223164119e+04 +6.223164119e+04 +6.323164119e+04 +6.323164119e+04 +1.1681e+00 -1.7842e+00 -3.2181e+00 +5.1082e-02 +7.4039e-02 -4.0425e+00 +2.4255e+00 +2.5124e-01 -3.3844e+00 -2.6490e+00
3481 +3.800261963e+04 +3.800261963e+04 +3.900261963e+04 +3.900261963e+04 +5.9959e-01 -1.6310e+00 -1.1253e+00 +8.7219e-02 +8.2377e-01 -3.5353e+00 +1.9061e+00 -8.6558e-01 -1.0108e+00 -1.8377e+00
4265 +2.485915461e+04 +2.485915461e+04 +2.585915461e+04 +2.585915461e+04 +3.9850e-01 -1.7446e+00 -8.8302e-01 +4.7391e-02 +1.0311e+00 -3.6563e+00 +1.4888e+00 -1.1484e+00 -9.4871e-01 -1.8860e+00
6524 +1.539929503e+04 +1.539929503e+04 +1.639929503e+04 +1.639929503e+04 +7.2289e-01 -2.0000e+00 -5.1820e-01 +6.2671e-01 +1.4672e+00 -3.3220e+00 +9.2980e-01 -1.2024e+00 -1.1126e+00 -2.1079e+00
8681 +9.972207153e+03 +9.972207153e+03 +1.097220715e+04 +1.097220715e+04 +5.8154e-01 -2.0564e+00 +2.3969e-03 +9.5178e-01 +1.6114e+00 -3.1715e+00 +8.9768e-01 -1.3043e+00 -8.6776e-01 -1.6950e+00
10301 +6.222853902e+03 +6.222853902e+03 +7.222853902e+03 +7.222853902e+03 +5.7129e-01 -2.1841e+00 +2.4939e-01 +1.0735e+00 +1.4583e+00 -3.0744e+00 +3.8241e-01 -1.3307e+00 -7.6262e-01 -1.3525e+00
14443 +3.960138453e+03 +3.960138453e+03 +4.960138453e+03 +4.960138453e+03 +3.0245e-01 -2.6788e+00 +6.7209e-01 +7.8217e-01 +1.5293e+00 -2.5800e+00 +1.4058e-01 -1.3936e+00 -8.9339e-01 -1.0468e+00
% function evaluation | noise-free fitness - Fopt (-1.148100000000e+02) | best noise-free fitness - Fopt | measured fitness | best measured fitness | x1 | x2...
1 +1.629770348e+07 +1.629770348e+07 +1.629758867e+07 +1.629758867e+07 +1.0522e+00 +5.4878e-01 +2.2205e+00 -1.4821e+00 +1.0516e+00 -6.6526e-01 +3.9462e+00 -3.6634e+00 +2.6014e+00 -2.4168e+00
2 +9.071118527e+06 +9.071118527e+06 +9.071003717e+06 +9.071003717e+06 -3.9631e+00 -3.8042e+00 +2.2794e+00 -3.1945e+00 -2.2050e+00 +1.5626e+00 +2.9659e+00 -1.8594e+00 -1.1366e+00 -7.6606e-01
3 +9.567334546e+04 +9.567334546e+04 +9.555853546e+04 +9.555853546e+04 +1.7980e+00 +2.2022e+00 +1.8934e+00 -1.0315e+00 +1.5909e+00 +1.9447e+00 -6.2222e-01 -2.6303e-01 +1.2566e-01 -1.3153e+00
167 +6.184002888e+04 +6.184002888e+04 +6.172521888e+04 +6.172521888e+04 +1.8164e+00 +2.3493e+00 +1.7122e+00 -9.5959e-01 +1.4111e+00 +1.8354e+00 -6.9347e-01 -2.4429e-01 +1.7913e-01 -1.5041e+00
811 +3.882172054e+04 +3.882172054e+04 +3.870691054e+04 +3.870691054e+04 +1.7800e+00 +2.2934e+00 +1.4304e+00 -9.9454e-01 +1.6932e+00 +2.1378e+00 -4.8301e-01 -1.5713e-01 +5.0146e-01 -1.5848e+00
1935 +2.373904546e+04 +2.373904546e+04 +2.362423546e+04 +2.362423546e+04 +1.4546e+00 +2.4600e+00 +1.3224e+00 -9.8743e-01 +1.7187e+00 +2.2914e+00 -4.5893e-01 -9.0557e-02 +6.6597e-01 -1.4661e+00
4095 +1.566211129e+04 +1.566211129e+04 +1.554730129e+04 +1.554730129e+04 +1.1805e+00 +2.5838e+00 +1.1919e+00 -1.1697e+00 +1.7849e+00 +2.6120e+00 -1.9067e-01 -1.8357e-01 +1.1167e+00 -1.6150e+00
7114 +9.668950975e+03 +9.668950975e+03 +9.554140975e+03 +9.554140975e+03 +8.5373e-01 +2.3840e+00 +1.1833e+00 -1.4322e+00 +1.6385e+00 +2.8211e+00 +5.7854e-02 +4.3116e-01 +1.3799e+00 -1.4797e+00
% function evaluation | noise-free fitness - Fopt (-3.505800000000e+02) | best noise-free fitness - Fopt | measured fitness | best measured fitness | x1 | x2...
1 +6.173607593e+06 +6.173607593e+06 +6.173257013e+06 +6.173257013e+06 +2.5599e+00 +5.4980e-01 +1.8071e+00 +3.7416e+00 -2.8102e+00 -5.6445e-01 +3.4054e+00 -1.5673e-01 -2.2383e+00 +1.9137e+00
8 +7.637361992e+05 +7.637361992e+05 +7.633856192e+05 +7.633856192e+05 +1.3688e-01 -1.7411e-01 +1.6449e+00 -1.9318e+00 -6.1592e-01 -2.7802e+00 -2.5524e-01 +2.3404e+00 +2.8780e+00 +1.8748e+00
11 +4.903734003e+05 +4.903734003e+05 +4.900228203e+05 +4.900228203e+05 +3.3594e+00 -2.7981e+00 -2.0430e+00 -2.4503e+00 +3.9787e+00 +9.0950e-01 -1.8419e+00 -7.0779e-02 +9.5862e-01 -2.3174e+00
69 +1.501698680e+05 +1.501698680e+05 +1.498192880e+05 +1.498192880e+05 -2.9075e+00 -5.3057e-01 -2.1590e+00 +2.4047e+00 +1.2112e+00 +1.1668e+00 +1.4676e+00 +3.1039e+00 +2.7159e+00 -3.8259e-01
331 +9.614625790e+04 +9.614625790e+04 +9.579567790e+04 +9.579567790e+04 -2.8742e+00 -5.1651e-01 -2.0336e+00 +2.4838e+00 +1.2867e+00 +1.0485e+00 +1.3155e+00 +2.8958e+00 +2.6626e+00 -2.6602e-01
466 +6.244607445e+04 +6.244607445e+04 +6.209549445e+04 +6.209549445e+04 -2.8190e+00 -3.3371e-01 -1.9149e+00 +2.4807e+00 +9.4614e-01 +1.2733e+00 +1.2965e+00 +2.7801e+00 +2.4549e+00 -1.8440e-01
988 +3.780191879e+04 +3.780191879e+04 +3.745133879e+04 +3.745133879e+04 -2.9318e+00 -2.8090e-01 -1.7802e+00 +2.2874e+00 +9.3281e-01 +1.4310e+00 +1.2604e+00 +2.8450e+00 +2.5055e+00 +1.3274e-02
1717 +2.336092471e+04 +2.336092471e+04 +2.301034471e+04 +2.301034471e+04 -2.8966e+00 -2.1561e-01 -1.5819e+00 +2.1091e+00 +1.1252e+00 +1.2552e+00 +1.1926e+00 +2.8930e+00 +2.6743e+00 +1.4494e-01
2764 +1.470041727e+04 +1.470041727e+04 +1.434983727e+04 +1.434983727e+04 -2.9368e+00 -1.7942e-02 -1.0891e+00 +2.0535e+00 +1.2904e+00 +9.6862e-01 +1.0893e+00 +2.9650e+00 +2.5221e+00 +4.6261e-01
3244 +8.400769393e+03 +8.400769393e+03 +8.050189393e+03 +8.050189393e+03 -2.8710e+00 +1.0395e-01 -9.8396e-01 +1.8880e+00 +1.1983e+00 +1.0302e+00 +1.2914e+00 +3.0121e+00 +2.4361e+00 +4.0810e-01
3612 +6.283831264e+03 +6.283831264e+03 +5.933251264e+03 +5.933251264e+03 -2.9022e+00 +7.2624e-02 -1.1006e+00 +1.9153e+00 +1.3481e+00 +9.3024e-01 +1.4111e+00 +2.9835e+00 +2.6572e+00 +6.4477e-01
3898 +3.864084763e+03 +3.864084763e+03 +3.513504763e+03 +3.513504763e+03 -2.8305e+00 +8.6802e-02 -7.1314e-01 +1.8467e+00 +1.4790e+00 +9.5164e-01 +1.2844e+00 +2.9527e+00 +2.5814e+00 +7.0907e-01
4138 +2.437112872e+03 +2.437112872e+03 +2.086532872e+03 +2.086532872e+03 -2.7971e+00 +1.5787e-01 -7.8354e-01 +1.8564e+00 +1.4946e+00 +7.7202e-01 +1.3061e+00 +2.9882e+00 +2.5720e+00 +7.9400e-01
4868 +1.279023756e+03 +1.279023756e+03 +9.284437559e+02 +9.284437559e+02 -2.7775e+00 -1.0775e-02 -6.5272e-01 +1.6299e+00 +1.3519e+00 +8.1120e-01 +1.5374e+00 +2.8812e+00 +2.5835e+00 +8.4097e-01
6385 +8.661857765e+02 +8.661857765e+02 +5.156057765e+02 +5.156057765e+02 -2.8825e+00 -2.5679e-02 -7.1987e-01 +1.7588e+00 +1.7646e+00 +8.8838e-01 +1.6348e+00 +2.7390e+00 +2.5261e+00 +1.0530e+00
8670 +5.834457948e+02 +5.834457948e+02 +2.328657948e+02 +2.328657948e+02 -2.6166e+00 -1.1421e-01 -4.5153e-01 +1.4552e+00 +1.9314e+00 +9.1560e-01 +1.4458e+00 +2.5928e+00 +2.4994e+00 +9.7526e-01
% function evaluation | noise-free fitness - Fopt (-5.700000000000e+00) | best noise-free fitness - Fopt | measured fitness | best measured fitness | x1 | x2...
1 +3.037616370e+06 +3.037616370e+06 +3.037610670e+06 +3.037610670e+06 +3.4486e+00 +1.3550e+00 +3.6858e-01 +1.7948e+00 +3.4888e+00 +3.6855e+00 +2.4012e+00 +1.6863e+00 -2.6681e+00 -1.3156e+00
10 +2.274874840e+06 +2.274874840e+06 +2.274869140e+06 +2.274869140e+06 -2.6567e+00 -2.8391e+00 -1.5457e+00 +1.3478e+00 -3.6860e+00 -2.7162e+00 +1.0652e+00 +3.5313e+00 -1.4401e+00 -7.2573e-01
13 +1.541259743e+06 +1.541259743e+06 +1.541254043e+06 +1.541254043e+06 +1.5593e+00 +2.9369e+00 +1.8892e+00 +2.5789e+00 -1.9968e-01 +2.4708e+00 +3.2699e+00 +1.9384e+00 -7.4922e-01 +2.9634e+00
17 +9.798839376e+05 +9.798839376e+05 +9.798782376e+05 +9.798782376e+05 +1.2980e+00 -1.0747e+00 +9.1411e-01 +1.5831e-01 -3.3517e-01 +3.2742e-01 +1.6550e-01 -7.9418e-01 -9.3276e-01 +1.8764e+00
29 +4.348734922e+05 +4.348734922e+05 +4.348677922e+05 +4.348677922e+05 +2.9004e-01 -1.1103e+00 +8.0712e-01 +4.7216e-01 -4.2669e-01 -5.2519e-01 -6.0494e-01 -1.6874e+00 +1.9399e-01 +9.9953e-01
87 +2.347299831e+05 +2.347299831e+05 +2.347242831e+05 +2.347242831e+05 -1.6750e+00 +2.1638e+00 +3.1824e+00 +2.8602e+00 +2.9328e+00 +1.9950e+00 -3.1395e-01 +3.2022e+00 -2.0591e+00 -1.4244e+00
599 +1.583419803e+05 +1.583419803e+05 +1.583362803e+05 +1.583362803e+05 -1.7182e+00 +2.3564e+00 +3.3644e+00 +2.6722e+00 +3.2338e+00 +1.8486e+00 -3.3689e-01 +3.1385e+00 -1.9971e+00 -1.5083e+00
1253 +9.807430302e+04 +9.807430302e+04 +9.806860302e+04 +9.806860302e+04 -1.5644e+00 +2.4877e+00 +3.5362e+00 +2.6675e+00 +2.9980e+00 +1.5721e+00 -5.1286e-01 +3.3485e+00 -1.8873e+00 -1.4899e+00
2235 +6.133346668e+04 +6.133346668e+04 +6.132776668e+04 +6.132776668e+04 -1.2799e+00 +2.5400e+00 +3.6954e+00 +2.6256e+00 +2.6647e+00 +1.4370e+00 -9.0332e-01 +3.4773e+00 -1.9637e+00 -1.3870e+00
3747 +3.883545209e+04 +3.883545209e+04 +3.882975209e+04 +3.882975209e+04 -9.8516e-01 +2.7837e+00 +3.9097e+00 +2.9297e+00 +2.7523e+00 +1.0893e+00 -1.1010e+00 +3.9644e+00 -2.2349e+00 -1.5913e+00
4870 +2.475843546e+04 +2.475843546e+04 +2.475273546e+04 +2.475273546e+04 -6.2538e-01 +2.8611e+00 +3.9929e+00 +2.9354e+00 +3.0502e+00 +1.0733e+00 -1.5871e+00 +3.5129e+00 -2.2802e+00 -1.8300e+00
6514 +1.566642823e+04 +1.566642823e+04 +1.566072823e+04 +1.566072823e+04 -9.3576e-02 +3.0836e+00 +4.3327e+00 +3.2281e+00 +3.1756e+00 +1.1645e+00 -1.4887e+00 +3.8972e+00 -2.5166e+00 -1.9273e+00
7639 +8.916423000e+03 +8.916423000e+03 +8.910723000e+03 +8.910723000e+03 -9.5298e-02 +3.0760e+00 +4.4198e+00 +3.3695e+00 +3.3085e+00 +1.4017e+00 -1.5334e+00 +4.1355e+00 -2.7346e+00 -2.1332e+00
8146 +6.213201461e+03 +6.213201461e+03 +6.207501461e+03 +6.207501461e+03 +2.2117e-01 +3.0128e+00 +4.3549e+00 +3.4251e+00 +3.2771e+00 +1.5940e+00 -1.5319e+00 +4.1660e+00 -2.8458e+00 -2.2385e+00
10321 +2.751647895e+03 +2.751647895e+03 +2.745947895e+03 +2.745947895e+03 +7.3681e-01 +2.6933e+00 +4.9105e+00 +3.7741e+00 +3.1673e+00 +1.5641e+00 -1.2364e+00 +4.5448e+00 -2.6320e+00 -2.5096e+00
10644 +2.267924905e+03 +2.267924905e+03 +2.262224905e+03 +2.262224905e+03 +8.2349e-01 +2.7799e+00 +4.8582e+00 +3.7749e+00 +3.2057e+00 +1.6592e+00 -1.2148e+00 +4.4902e+00 -2.5834e+00 -2.5595e+00
12287 +1.398083101e+03 +1.398083101e+03 +1.392383101e+03 +1.392383101e+03 +1.0526e+00 +2.9667e+00 +4.8343e+00 +3.8233e+00 +3.1415e+00 +1.9100e+00 -1.1939e+00 +4.5470e+00 -2.7494e+00 -2.6642e+00
13208 +9.622548300e+02 +9.622548300e+02 +9.565548300e+02 +9.565548300e+02 +1.0087e+00 +2.6111e+00 +4.5902e+00 +3.9263e+00 +3.3013e+00 +1.7857e+00 -1.3468e+00 +4.7957e+00 -2.7398e+00 -2.9506e+00
