% function evaluation | noise-free fitness - Fopt (3.590000000000e+01) | best noise-free fitness - Fopt | measured fitness | best measured fitness | x1 | x2...
1 +5.756062096e+05 +5.756062096e+05 +5.756421096e+05 +5.756421096e+05 +9.7000e-01 -2.5208e+00 -2.7635e+00 +7.0663e-01 +1.6019e+00 -2.1372e+00 +3.5781e-01 -2.2350e+00 -3.5779e+00 +1.3226e+00
6 +1.515382221e+05 +1.515382221e+05 +1.515741221e+05 +1.515741221e+05 +2.8975e+00 -1.8634e+00 +9.1887e-01 +1.3354e+00 -3.5184e+00 -1.1996e+00 -2.8007e+00 +2.3878e+00 +6.8288e-01 +4.6089e-01
60 +5.996560488e+04 +5.996560488e+04 +6.000150488e+04 +6.000150488e+04 +1.6575e+00 +3.6325e+00 +4.0976e-01 +1.6742e-02 -2.6269e+00 +1.3059e-01 -2.9111e+00 -1.5348e+00 -1.1997e+00 +3.6595e+00
77 +3.384130774e+04 +3.384130774e+04 +3.387720774e+04 +3.387720774e+04 +2.1382e+00 +3.3294e+00 +9.2241e-01 -3.3205e-01 -1.3673e+00 +2.9352e-01 -2.9809e+00 -1.5352e+00 -2.4885e+00 +3.0304e+00
105 +1.198427438e+02 +1.198427438e+02 +1.557427438e+02 +1.557427438e+02 +1.5261e+00 +3.2949e+00 +3.8909e+00 -2.2586e+00 -1.7197e+00 -4.5490e-01 +1.4980e+00 -3.4702e+00 -2.5335e+00 +2.4261e+00
2022 +9.936177322e+01 +9.936177322e+01 +1.352617732e+02 +1.352617732e+02 +1.6837e+00 +3.6905e+00 +3.5692e+00 -1.8707e+00 -1.8198e+00 -8.0779e-01 +1.2460e+00 -3.7796e+00 -2.9944e+00 +1.6296e+00
4658 +6.299904769e+01 +6.299904769e+01 +9.889904769e+01 +9.889904769e+01 +1.7520e+00 +3.7286e+00 +3.4509e+00 -1.0586e+00 -1.5955e+00 -1.4492e+00 +5.4655e-01 -3.7910e+00 -2.9619e+00 +4.1956e-01
8576 +3.929675664e+01 +3.929675664e+01 +7.519675664e+01 +7.519675664e+01 +1.8376e+00 +3.5299e+00 +2.8642e+00 -2.4825e-01 -2.1043e+00 -1.9386e+00 -1.2113e-01 -3.7977e+00 -3.6728e+00 -6.3283e-01
10351 +2.507692651e+01 +2.507692651e+01 +6.097692651e+01 +6.097692651e+01 +2.1998e+00 +3.3653e+00 +2.8174e+00 +4.0745e-01 -1.8698e+00 -2.1074e+00 -6.5814e-01 -3.5953e+00 -3.7724e+00 -1.0300e+00
12678 +1.553410964e+01 +1.553410964e+01 +5.143410964e+01 +5.143410964e+01 +1.9960e+00 +2.8714e+00 +1.9572e+00 +1.8383e+00 -7.1821e-01 -2.7144e+00 -3.0400e+00 -2.6948e+00 -4.0045e+00 -3.7730e-01
14325 +9.108791250e+00 +9.108791250e+00 +4.500879125e+01 +4.500879125e+01 +2.1384e+00 +2.5329e+00 +2.1556e+00 +2.2450e+00 -8.6948e-01 -2.8981e+00 -2.9911e+00 -2.6946e+00 -3.8068e+00 -1.2354e+00
% function evaluation | noise-free fitness - Fopt (3.137000000000e+01) | best noise-free fitness - Fopt | measured fitness | best measured fitness | x1 | x2...
1 +1.056007127e+05 +1.056007127e+05 +1.056320827e+05 +1.056320827e+05 +3.2483e+00 -3.7381e+00 -1.3385e-01 -3.7700e+00 -2.0709e+00 +3.7436e+00 +5.6667e-02 +3.8218e+00 +2.0068e+00 +3.6081e+00
26 +8.783974555e+04 +8.783974555e+04 +8.787111555e+04 +8.787111555e+04 +2.8206e+00 +1.3914e+00 -2.1542e+00 -3.8306e-02 +3.7980e-01 +3.1367e+00 -3.6731e-01 +2.6938e+00 +2.3190e+00 +2.8591e+00
48 +2.887054676e+04 +2.887054676e+04 +2.890191676e+04 +2.890191676e+04 +6.2872e-01 +1.4527e+00 -1.2369e+00 +3.9599e+00 -3.3365e+00 -2.2704e+00 -1.1326e+00 +1.3610e+00 +3.8328e+00 +3.5353e+00
79 +2.249741797e+04 +2.249741797e+04 +2.252878797e+04 +2.252878797e+04 +5.4188e-01 +1.5374e+00 -1.1771e+00 +3.9247e+00 -3.4132e+00 -2.3610e+00 -1.0638e+00 +1.3889e+00 +3.7984e+00 +3.4728e+00
593 +1.419457441e+04 +1.419457441e+04 +1.422594441e+04 +1.422594441e+04 +3.6557e-01 +1.7734e+00 -1.2527e+00 +3.6190e+00 -3.2386e+00 -2.5317e+00 -1.0435e+00 +1.3348e+00 +3.6434e+00 +3.6510e+00
721 +7.455570946e+03 +7.455570946e+03 +7.486940946e+03 +7.486940946e+03 -6.5573e-01 +1.6928e+00 -1.3338e+00 +3.5527e+00 -3.2915e+00 -2.4959e+00 -6.1282e-01 +1.3399e+00 +3.6089e+00 +3.4399e+00
1000 +6.086976442e+03 +6.086976442e+03 +6.118346442e+03 +6.118346442e+03 -6.6372e-01 +1.7352e+00 -1.2612e+00 +3.4351e+00 -3.2083e+00 -2.5394e+00 -5.6111e-01 +1.2303e+00 +3.4485e+00 +3.3351e+00
1241 +3.840156090e+03 +3.840156090e+03 +3.871526090e+03 +3.871526090e+03 -6.3381e-01 +1.8418e+00 -1.3437e+00 +3.5139e+00 -3.2622e+00 -2.5721e+00 -5.8864e-01 +1.5088e+00 +3.4685e+00 +3.3187e+00
1717 +1.958431868e+03 +1.958431868e+03 +1.989801868e+03 +1.989801868e+03 -4.9799e-01 +2.0407e+00 -1.2974e+00 +3.2791e+00 -3.3924e+00 -2.4928e+00 -7.4027e-01 +1.4696e+00 +3.3414e+00 +3.1503e+00
1852 +1.522082796e+03 +1.522082796e+03 +1.553452796e+03 +1.553452796e+03 -6.6187e-01 +2.0081e+00 -1.2192e+00 +3.4484e+00 -3.3483e+00 -2.5027e+00 -7.8027e-01 +1.7071e+00 +3.4421e+00 +2.9565e+00
1971 +9.513277501e+02 +9.513277501e+02 +9.826977501e+02 +9.826977501e+02 -5.8821e-01 +2.1902e+00 -1.1166e+00 +3.2680e+00 -3.4204e+00 -2.5131e+00 -7.9422e-01 +1.6035e+00 +3.3608e+00 +3.2857e+00
1976 +5.210846393e+02 +5.210846393e+02 +5.524546393e+02 +5.524546393e+02 -7.1249e-01 +2.1726e+00 -1.3080e+00 +3.2175e+00 -3.3680e+00 -2.4473e+00 -7.6525e-01 +1.6068e+00 +3.3888e+00 +3.1234e+00
2114 +3.440677951e+02 +3.440677951e+02 +3.754377951e+02 +3.754377951e+02 -4.8804e-01 +2.1724e+00 -1.2983e+00 +3.1061e+00 -3.2645e+00 -2.6345e+00 -7.3918e-01 +1.6295e+00 +3.2938e+00 +3.2057e+00
2238 +1.229785158e+02 +1.229785158e+02 +1.543485158e+02 +1.543485158e+02 -4.4709e-01 +2.1921e+00 -1.3884e+00 +3.0239e+00 -3.2894e+00 -2.6886e+00 -6.4345e-01 +1.6913e+00 +3.3507e+00 +3.1547e+00
2254 +9.973641041e+01 +9.973641041e+01 +1.311064104e+02 +1.311064104e+02 -8.0739e-01 +2.2646e+00 -1.2982e+00 +3.2123e+00 -3.2505e+00 -2.4404e+00 -7.7981e-01 +1.7310e+00 +3.4327e+00 +3.1257e+00
2751 +6.280815812e+01 +6.280815812e+01 +9.417815812e+01 +9.417815812e+01 -7.6990e-01 +2.1868e+00 -1.1380e+00 +3.2540e+00 -3.1605e+00 -2.4450e+00 -6.6272e-01 +1.9028e+00 +3.3733e+00 +2.9293e+00
5264 +3.975378439e+01 +3.975378439e+01 +7.112378439e+01 +7.112378439e+01 -2.9547e-01 +1.7739e+00 -1.4206e+00 +3.2124e+00 -2.7696e+00 -2.2857e+00 -1.0350e+00 +2.1845e+00 +2.3441e+00 +2.3353e+00
7021 +2.486037842e+01 +2.486037842e+01 +5.623037842e+01 +5.623037842e+01 -1.6662e-01 +1.6418e+00 -1.8230e+00 +3.1185e+00 -2.6226e+00 -1.8098e+00 -1.4935e+00 +2.3614e+00 +2.0920e+00 +1.7254e+00
9137 +1.567746136e+01 +1.567746136e+01 +4.704746136e+01 +4.704746136e+01 -7.7127e-02 +1.3844e+00 -1.8556e+00 +3.3480e+00 -2.2184e+00 -1.5920e+00 -1.7433e+00 +2.6651e+00 +1.4125e+00 +1.2491e+00
11423 +9.979172239e+00 +9.979172239e+00 +4.134917224e+01 +4.134917224e+01 -3.2220e-01 +1.4179e+00 -2.5703e+00 +3.4605e+00 -2.1445e+00 -1.1884e+00 -2.1507e+00 +2.6288e+00 +1.0748e+00 +9.2107e-01
12942 +6.263263535e+00 +6.263263535e+00 +3.763326354e+01 +3.763326354e+01 -2.3649e-01 +1.4469e+00 -2.8699e+00 +3.3220e+00 -2.1456e+00 -9.0203e-01 -2.4223e+00 +2.3724e+00 +8.4150e-01 +6.4238e-01
13808 +3.774918078e+00 +3.774918078e+00 +3.514491808e+01 +3.514491808e+01 -4.3662e-01 +1.5982e+00 -3.0431e+00 +3.3950e+00 -2.1344e+00 -5.4790e-01 -2.7274e+00 +2.2980e+00 +8.9170e-01 +3.5545e-01
% function evaluation | noise-free fitness - Fopt (-1.000000000000e+03) | best noise-free fitness - Fopt | measured fitness | best measured fitness | x1 | x2...
1 +5.282945413e+05 +5.282945413e+05 +5.272945413e+05 +5.272945413e+05 +2.7928e+00 -3.6181e-01 +1.1312e+00 -2.4725e+00 -3.4746e+00 -2.2430e-01 +3.8337e+00 -2.0127e+00 -2.2711e+00 -2.0572e+00
3 +2.414039056e+05 +2.414039056e+05 +2.404039056e+05 +2.404039056e+05 -3.4438e+00 -3.0530e+00 +3.7394e+00 +2.8867e+00 +2.3277e+00 +5.1088e-01 -2.5345e+00 -2.1669e+00 -1.5579e+00 +2.0169e+00
24 +3.931585325e+04 +3.931585325e+04 +3.831585325e+04 +3.831585325e+04 +2.9538e-02 -1.6579e+00 +3.0940e+00 +2.4027e+00 -2.8631e+00 -1.1458e+00 +6.8992e-02 -2.2604e+00 +1.3431e+00 +2.0283e+00
671 +2.491116795e+04 +2.491116795e+04 +2.391116795e+04 +2.391116795e+04 -2.6341e-01 -1.9119e+00 +3.0288e+00 +2.5529e+00 -2.7802e+00 -1.2174e+00 +8.6746e-02 -2.2502e+00 +1.2447e+00 +2.2433e+00
1532 +1.552879690e+04 +1.552879690e+04 +1.452879690e+04 +1.452879690e+04 -3.5196e-01 -2.1068e+00 +2.8996e+00 +2.4071e+00 -2.8142e+00 -1.1593e+00 +1.2375e-01 -2.2363e+00 +1.0071e+00 +2.4154e+00
1922 +8.743024348e+03 +8.743024348e+03 +7.743024348e+03 +7.743024348e+03 -5.1493e-01 -2.3811e+00 +3.0981e+00 +2.5338e+00 -2.7231e+00 -1.0507e+00 +2.0422e-01 -2.2992e+00 +1.0216e+00 +2.5039e+00
2315 +5.952836792e+03 +5.952836792e+03 +4.952836792e+03 +4.952836792e+03 -7.5533e-01 -2.5112e+00 +3.1182e+00 +2.4715e+00 -2.7455e+00 -1.1591e+00 +3.0322e-01 -2.3726e+00 +9.5239e-01 +2.6672e+00
2452 +3.595213153e+03 +3.595213153e+03 +2.595213153e+03 +2.595213153e+03 -6.0271e-01 -2.4840e+00 +3.2218e+00 +2.5675e+00 -2.8065e+00 -1.1739e+00 +2.3761e-01 -2.5829e+00 +8.5054e-01 +2.6978e+00
2702 +1.995168321e+03 +1.995168321e+03 +9.951683210e+02 +9.951683210e+02 -5.4412e-01 -2.5858e+00 +3.0484e+00 +2.6145e+00 -2.7068e+00 -1.2265e+00 +3.4872e-01 -2.6526e+00 +7.3324e-01 +2.8505e+00
3059 +1.534729912e+03 +1.534729912e+03 +5.347299117e+02 +5.347299117e+02 -4.5082e-01 -2.5828e+00 +3.0806e+00 +2.6740e+00 -2.7361e+00 -1.2867e+00 +3.8654e-01 -2.7479e+00 +7.4810e-01 +2.8429e+00
3174 +7.698389935e+02 +7.698389935e+02 -2.301610065e+02 -2.301610065e+02 -4.8506e-01 -2.6591e+00 +3.1496e+00 +2.6844e+00 -2.8151e+00 -1.2349e+00 +3.2157e-01 -2.8402e+00 +6.9197e-01 +2.9030e+00
3302 +4.219750506e+02 +4.219750506e+02 -5.780249494e+02 -5.780249494e+02 -4.1782e-01 -2.7410e+00 +3.2307e+00 +2.6523e+00 -2.8709e+00 -1.1945e+00 +2.7594e-01 -2.8116e+00 +6.1802e-01 +2.9239e+00
3315 +2.686138708e+02 +2.686138708e+02 -7.313861292e+02 -7.313861292e+02 -4.0473e-01 -2.6491e+00 +3.2444e+00 +2.6062e+00 -2.8078e+00 -1.1400e+00 +3.8208e-01 -2.8453e+00 +6.3306e-01 +2.9482e+00
3449 +9.750264878e+01 +9.750264878e+01 -9.024973512e+02 -9.024973512e+02 -4.6493e-01 -2.7196e+00 +3.2884e+00 +2.5499e+00 -2.9022e+00 -1.2159e+00 +3.3067e-01 -2.8165e+00 +5.5409e-01 +2.9965e+00
3579 +6.019003334e+01 +6.019003334e+01 -9.398099667e+02 -9.398099667e+02 -5.4201e-01 -2.7503e+00 +3.3584e+00 +2.6225e+00 -2.9848e+00 -1.2590e+00 +3.7862e-01 -2.8179e+00 +4.5967e-01 +3.0947e+00
4942 +3.791663793e+01 +3.791663793e+01 -9.620833621e+02 -9.620833621e+02 -2.8248e-01 -2.7302e+00 +3.3159e+00 +2.6540e+00 -2.3909e+00 -1.1570e+00 -1.2786e-01 -2.9363e+00 +3.8663e-02 +3.0496e+00
5594 +2.452364580e+01 +2.452364580e+01 -9.754763542e+02 -9.754763542e+02 -2.1317e-02 -2.8313e+00 +3.0871e+00 +2.6326e+00 -2.1772e+00 -1.1268e+00 -5.1893e-01 -3.0595e+00 -2.9648e-01 +3.1005e+00
6973 +1.583296536e+01 +1.583296536e+01 -9.841670346e+02 -9.841670346e+02 +1.3296e-01 -2.9301e+00 +3.0214e+00 +2.8228e+00 -1.6717e+00 -1.1324e+00 -6.3660e-01 -3.0510e+00 -6.4126e-01 +2.9122e+00
7834 +9.579114404e+00 +9.579114404e+00 -9.904208856e+02 -9.904208856e+02 +9.3684e-02 -2.9825e+00 +3.1485e+00 +2.9511e+00 -1.4040e+00 -8.9200e-01 -8.3813e-01 -3.3699e+00 -8.1712e-01 +2.7176e+00
8626 +6.287358392e+00 +6.287358392e+00 -9.937126416e+02 -9.937126416e+02 +2.5706e-01 -3.0778e+00 +3.2262e+00 +3.2515e+00 -1.2259e+00 -8.3905e-01 -8.2677e-01 -3.3536e+00 -1.0163e+00 +2.4300e+00
9868 +3.916472688e+00 +3.916472688e+00 -9.960835273e+02 -9.960835273e+02 +5.5112e-02 -2.9927e+00 +2.9986e+00 +3.2430e+00 -1.0045e+00 -6.4533e-01 -7.8748e-01 -3.7478e+00 -9.1935e-01 +2.3274e+00
10987 +2.428668263e+00 +2.428668263e+00 -9.975713317e+02 -9.975713317e+02 +1.7499e-01 -3.1981e+00 +2.9094e+00 +3.3816e+00 -1.0057e+00 -4.0541e-01 -7.0811e-01 -3.7597e+00 -1.0550e+00 +2.0637e+00
11631 +1.533203381e+00 +1.533203381e+00 -9.984667966e+02 -9.984667966e+02 -3.9115e-02 -3.0859e+00 +2.8519e+00 +3.5141e+00 -9.3253e-01 -3.9784e-01 -6.5891e-01 -3.8537e+00 -1.2163e+00 +1.9377e+00
12232 +9.669172401e-01 +9.669172401e-01 -9.990330828e+02 -9.990330828e+02 -2.3066e-02 -3.2355e+00 +3.0761e+00 +3.3685e+00 -8.3054e-01 -2.6358e-01 -5.6004e-01 -3.8791e+00 -1.2355e+00 +1.6432e+00
14670 +5.269331971e-01 +5.269331971e-01 -9.994730668e+02 -9.994730668e+02 -8.0822e-02 -3.2330e+00 +2.9717e+00 +3.6150e+00 -9.4007e-01 -2.1098e-01 -7.4418e-01 -3.9535e+00 -1.2031e+00 +1.5898e+00
% function evaluation | noise-free fitness - Fopt (1.319200000000e+02) | best noise-free fitness - Fopt | measured fitness | best measured fitness | x1 | x2...
1 +5.801016573e+05 +5.801016573e+05 +5.802335773e+05 +5.802335773e+05 -2.4129e+00 -3.1743e+00 -3.4060e-01 -4.4973e-01 -2.1980e+00 -1.4306e+00 +2.1416e+00 +8.9576e-01 +2.2793e+00 +3.4881e+00
45 +2.835749809e+05 +2.835749809e+05 +2.837069009e+05 +2.837069009e+05 -2.7160e+00 -2.6326e+00 -7.5302e-01 -8.3487e-01 -3.1098e+00 +6.0969e-01 +5.6014e-02 +3.1034e+00 +7.1202e-01 +2.9727e+00
85 +1.988453306e+05 +1.988453306e+05 +1.989772506e+05 +1.989772506e+05 -6.3145e-01 -2.3197e-01 -1.1709e+00 -4.8939e-02 -2.3817e+00 -3.8347e-01 -8.2353e-01 +2.3962e+00 +2.8150e-02 +2.4963e+00
854 +1.543024534e+05 +1.543024534e+05 +1.544343734e+05 +1.544343734e+05 -5.4234e-01 -2.9082e-01 -1.4815e+00 +1.8889e-01 -2.5853e+00 -1.9288e-01 -1.1280e+00 +2.6347e+00 -4.1451e-02 +2.3666e+00
2363 +9.481379440e+04 +9.481379440e+04 +9.494571440e+04 +9.494571440e+04 -8.5034e-01 -3.4486e-01 -1.9192e+00 +2.5018e-01 -2.7489e+00 -1.4966e-01 -1.7179e+00 +3.0397e+00 +4.0880e-03 +1.9997e+00
3483 +6.298814693e+04 +6.298814693e+04 +6.312006693e+04 +6.312006693e+04 -1.0748e+00 -5.3205e-01 -2.3039e+00 +4.8215e-01 -2.9408e+00 -9.7043e-02 -2.0615e+00 +3.3083e+00 -4.4938e-01 +1.8269e+00
4137 +3.808607513e+04 +3.808607513e+04 +3.821799513e+04 +3.821799513e+04 -1.2608e+00 -3.3645e-01 -2.6551e+00 +6.9047e-01 -3.1279e+00 -2.7026e-01 -2.1706e+00 +3.5585e+00 -3.1802e-01 +1.6151e+00
5131 +2.300461380e+04 +2.300461380e+04 +2.313653380e+04 +2.313653380e+04 -1.5018e+00 -3.9500e-01 -2.7837e+00 +8.8027e-01 -3.4047e+00 -5.4886e-01 -2.5577e+00 +4.0256e+00 -1.7124e-01 +1.8751e+00
5771 +1.565686975e+04 +1.565686975e+04 +1.578878975e+04 +1.578878975e+04 -1.8434e+00 -2.2685e-01 -2.8792e+00 +7.8944e-01 -3.5330e+00 -6.2720e-01 -2.6927e+00 +4.0322e+00 -3.3035e-02 +1.8767e+00
6508 +9.339620241e+03 +9.339620241e+03 +9.471540241e+03 +9.471540241e+03 -2.1122e+00 -5.9550e-02 -2.8484e+00 +1.0985e+00 -3.5251e+00 -4.0133e-01 -2.8812e+00 +4.3410e+00 -2.0239e-01 +2.1184e+00
6905 +6.124383334e+03 +6.124383334e+03 +6.256303334e+03 +6.256303334e+03 -2.2357e+00 +2.1670e-02 -3.1099e+00 +1.0443e+00 -3.3863e+00 -6.5145e-01 -3.0822e+00 +4.3479e+00 -2.0690e-01 +2.0015e+00
7165 +3.818846082e+03 +3.818846082e+03 +3.950766082e+03 +3.950766082e+03 -2.3993e+00 +7.4256e-02 -2.9292e+00 +1.1134e+00 -3.4098e+00 -6.0577e-01 -3.1453e+00 +4.4019e+00 -2.0693e-01 +1.9605e+00
7628 +2.361124876e+03 +2.361124876e+03 +2.493044876e+03 +2.493044876e+03 -2.5421e+00 +2.3127e-01 -3.0551e+00 +1.0440e+00 -3.4149e+00 -6.4406e-01 -3.1766e+00 +4.3847e+00 -1.1658e-01 +2.0931e+00
7897 +1.100243606e+03 +1.100243606e+03 +1.232163606e+03 +1.232163606e+03 -2.6415e+00 +2.8531e-01 -3.1111e+00 +1.1800e+00 -3.4547e+00 -7.7418e-01 -3.3753e+00 +4.4572e+00 -3.5505e-01 +2.0494e+00
8150 +6.522542800e+02 +6.522542800e+02 +7.841742800e+02 +7.841742800e+02 -2.7873e+00 +2.3387e-01 -3.0613e+00 +1.2733e+00 -3.4880e+00 -7.4037e-01 -3.3535e+00 +4.6013e+00 -3.3693e-01 +2.0940e+00
8274 +6.153263557e+02 +6.153263557e+02 +7.472463557e+02 +7.472463557e+02 -2.7961e+00 +3.8548e-01 -3.1021e+00 +9.4651e-01 -3.3195e+00 -8.2968e-01 -3.5131e+00 +4.4482e+00 -4.1336e-02 +2.1450e+00
8285 +2.620159932e+02 +2.620159932e+02 +3.939359932e+02 +3.939359932e+02 -2.8573e+00 +3.1300e-01 -3.0349e+00 +1.2421e+00 -3.4465e+00 -8.0927e-01 -3.4388e+00 +4.6873e+00 -3.4003e-01 +2.0177e+00
8403 +2.248294203e+02 +2.248294203e+02 +3.567494203e+02 +3.567494203e+02 -2.9387e+00 +2.9759e-01 -2.9772e+00 +1.2602e+00 -3.4924e+00 -8.6668e-01 -3.3843e+00 +4.5912e+00 -3.3564e-01 +1.9729e+00
8407 +1.243828106e+02 +1.243828106e+02 +2.563028106e+02 +2.563028106e+02 -2.9295e+00 +2.9895e-01 -3.0283e+00 +1.1550e+00 -3.4716e+00 -8.5186e-01 -3.4515e+00 +4.6478e+00 -2.5597e-01 +2.0658e+00
8549 +6.151779127e+01 +6.151779127e+01 +1.934377913e+02 +1.934377913e+02 -2.8970e+00 +3.0730e-01 -2.9779e+00 +1.2877e+00 -3.4318e+00 -8.0202e-01 -3.6200e+00 +4.7588e+00 -2.6589e-01 +2.1087e+00
10647 +3.931415317e+01 +3.931415317e+01 +1.712341532e+02 +1.712341532e+02 -3.4882e+00 +4.5138e-01 -3.2895e+00 +1.1536e+00 -3.1710e+00 -9.6855e-02 -3.4523e+00 +4.5506e+00 -3.4241e-01 +2.5409e+00
11563 +2.472707001e+01 +2.472707001e+01 +1.566470700e+02 +1.566470700e+02 -3.7711e+00 +3.9856e-01 -3.7923e+00 +9.1361e-01 -3.2058e+00 +2.6413e-01 -3.6065e+00 +4.2547e+00 -3.3901e-01 +2.5145e+00
13063 +1.562734074e+01 +1.562734074e+01 +1.475473407e+02 +1.475473407e+02 -4.0304e+00 +5.2827e-01 -3.9883e+00 +7.0010e-01 -2.9260e+00 +7.0792e-01 -3.3425e+00 +4.0476e+00 -5.8359e-01 +2.4694e+00
14583 +9.608211514e+00 +9.608211514e+00 +1.415282115e+02 +1.415282115e+02 -4.5122e+00 +1.0448e+00 -3.9633e+00 +5.4902e-01 -2.6360e+00 +1.1169e+00 -3.3860e+00 +3.9356e+00 -7.7208e-01 +2.6355e+00
% function evaluation | noise-free fitness - Fopt (5.908400000000e+02) | best noise-free fitness - Fopt | measured fitness | best measured fitness | x1 | x2...
1 +1.461297580e+05 +1.461297580e+05 +1.467205980e+05 +1.467205980e+05 -2.6709e+00 -2.3028e+00 +1.3456e+00 +2.7552e+00 +2.7918e+00 +2.1981e+00 +3.3695e+00 -8.0236e-01 -2.9434e+00 -3.2599e+00
3 +3.726430390e+04 +3.726430390e+04 +3.785514390e+04 +3.785514390e+04 +3.1418e+00 +3.1088e+00 +1.1575e+00 +3.7448e+00 +8.2473e-01 +1.9461e-01 +8.8394e-01 +3.5786e-01 +1.3462e+00 +3.4420e+00
7 +2.494062512e+04 +2.494062512e+04 +2.553146512e+04 +2.553146512e+04 -2.8326e+00 -3.2164e+00 -3.2689e+00 -3.6754e-01 -8.5229e-01 -2.0566e+00 +3.5305e-02 +3.3555e+00 -2.0528e-01 -1.7912e+00
76 +3.457463307e+03 +3.457463307e+03 +4.048303307e+03 +4.048303307e+03 -1.9476e+00 +6.2760e-01 -8.8664e-02 -4.8430e-01 +1.7926e+00 +9.5432e-01 +2.7934e+00 -1.3416e-02 +1.5569e+00 -7.1077e-01
214 +2.077456006e+03 +2.077456006e+03 +2.668296006e+03 +2.668296006e+03 -1.8947e+00 +5.6847e-01 -1.1004e-01 -4.5363e-01 +1.7980e+00 +9.8333e-01 +2.8881e+00 -9.1153e-02 +1.4739e+00 -6.7568e-01
347 +1.383674352e+03 +1.383674352e+03 +1.974514352e+03 +1.974514352e+03 -1.9100e+00 +5.0013e-01 -2.3507e-01 -5.2938e-01 +1.7223e+00 +1.0298e+00 +2.9600e+00 +7.3674e-02 +1.5019e+00 -7.3491e-01
463 +9.225930912e+02 +9.225930912e+02 +1.513433091e+03 +1.513433091e+03 -1.9296e+00 +5.0605e-01 -1.6843e-01 -4.6739e-01 +1.7086e+00 +1.0053e+00 +2.9358e+00 +1.1356e-01 +1.5327e+00 -5.7984e-01
592 +5.707330137e+02 +5.707330137e+02 +1.161573014e+03 +1.161573014e+03 -1.9639e+00 +6.3880e-01 -1.3069e-01 -3.9593e-01 +1.7333e+00 +1.0003e+00 +3.0119e+00 +2.0116e-02 +1.5024e+00 -5.1964e-01
618 +2.232530997e+02 +2.232530997e+02 +8.140930997e+02 +8.140930997e+02 -1.9890e+00 +4.5700e-01 -2.2906e-01 -4.3384e-01 +1.6709e+00 +1.0131e+00 +3.0808e+00 +1.9597e-01 +1.5732e+00 -6.0835e-01
723 +1.202147652e+02 +1.202147652e+02 +7.110547652e+02 +7.110547652e+02 -1.9615e+00 +4.1613e-01 -2.6362e-01 -3.7637e-01 +1.7167e+00 +9.4351e-01 +3.0946e+00 +2.4654e-01 +1.6268e+00 -5.4721e-01
1996 +9.834483841e+01 +9.834483841e+01 +6.891848384e+02 +6.891848384e+02 -1.6593e+00 +3.3829e-01 -4.4817e-01 -3.7990e-01 +1.1773e+00 +1.3439e+00 +2.9251e+00 -1.1766e-03 +1.5829e+00 -3.7088e-01
3872 +6.297966438e+01 +6.297966438e+01 +6.538196644e+02 +6.538196644e+02 -1.1449e+00 -2.5533e-01 -9.2814e-01 -1.3752e-01 +9.1346e-01 +1.7864e+00 +2.8909e+00 +1.0342e-02 +1.8874e+00 -7.1519e-01
6117 +3.798054314e+01 +3.798054314e+01 +6.288205431e+02 +6.288205431e+02 -5.3596e-01 -1.0346e+00 -1.2876e+00 -2.5449e-01 +5.5384e-01 +2.1708e+00 +2.8469e+00 -1.2362e-01 +2.1846e+00 -1.1542e+00
7306 +2.488524284e+01 +2.488524284e+01 +6.157252428e+02 +6.157252428e+02 -2.8847e-01 -1.3307e+00 -1.5509e+00 -2.9072e-01 +3.6109e-02 +1.9485e+00 +2.6022e+00 -1.4968e-01 +1.9930e+00 -1.4325e+00
9393 +1.568225979e+01 +1.568225979e+01 +6.065222598e+02 +6.065222598e+02 +2.6629e-03 -1.9576e+00 -1.6910e+00 -3.9767e-01 -1.6238e-01 +1.5938e+00 +2.8049e+00 -4.1288e-01 +2.2478e+00 -1.9173e+00
11165 +9.711635138e+00 +9.711635138e+00 +6.005516351e+02 +6.005516351e+02 +2.6851e-01 -2.2750e+00 -2.2267e+00 -5.5659e-01 -3.4395e-01 +1.6203e+00 +2.6119e+00 -4.1389e-01 +2.4919e+00 -1.8921e+00
12550 +6.212940412e+00 +6.212940412e+00 +5.970529404e+02 +5.970529404e+02 +5.0710e-01 -2.4914e+00 -2.4480e+00 -6.8251e-01 -5.4827e-01 +1.5983e+00 +2.8137e+00 -4.5274e-01 +2.7434e+00 -2.3291e+00
13800 +3.880589497e+00 +3.880589497e+00 +5.947205895e+02 +5.947205895e+02 +7.6672e-01 -2.6435e+00 -2.6522e+00 -7.0227e-01 -4.6743e-01 +1.2208e+00 +2.6668e+00 -5.6276e-01 +2.8549e+00 -2.1251e+00
14462 +2.421966269e+00 +2.421966269e+00 +5.932619663e+02 +5.932619663e+02 +8.6828e-01 -2.8387e+00 -2.8844e+00 -8.0516e-01 -7.8650e-01 +1.0701e+00 +2.6114e+00 -6.0368e-01 +2.8932e+00 -2.2629e+00
% function evaluation | noise-free fitness - Fopt (-1.280000000000e+01) | best noise-free fitness - Fopt | measured fitness | best measured fitness | x1 | x2...
1 +5.525947230e+05 +5.525947230e+05 +5.525819230e+05 +5.525819230e+05 -8.5538e-01 -2.8733e+00 +3.0093e+00 -3.4460e+00 -1.9340e+00 -1.5347e-01 -2.4148e+00 +2.0212e+00 -3.8496e+00 -3.0338e+00
2 +1.251383721e+05 +1.251383721e+05 +1.251255721e+05 +1.251255721e+05 +1.3238e+00 -2.2978e+00 -1.7298e+00 -2.5392e+00 +3.2906e+00 +2.7942e+00 +2.5873e+00 +1.0122e+00 -1.4534e+00 -1.8095e+00
3 +6.857311903e+04 +6.857311903e+04 +6.856031903e+04 +6.856031903e+04 +1.4901e+00 -3.7014e+00 +2.3649e+00 +3.8133e+00 -3.8512e+00 +3.1773e+00 +9.8651e-01 +2.6718e+00 +2.6918e+00 +3.3120e-01
5 +5.751201050e+04 +5.751201050e+04 +5.749921050e+04 +5.749921050e+04 +2.7808e+00 -1.8161e+00 +3.2953e+00 +3.0691e+00 -3.5863e+00 +1.0818e+00 +2.6253e+00 -1.3593e+00 +1.4732e+00 +2.8774e+00
28 +2.793352872e+04 +2.793352872e+04 +2.792072872e+04 +2.792072872e+04 +2.8409e+00 -2.0656e+00 -1.3718e+00 +3.0416e+00 +7.7111e-01 +6.6463e-01 +2.6009e+00 +5.3973e-01 +2.3121e+00 -2.6897e-01
46 +1.176986705e+04 +1.176986705e+04 +1.175706705e+04 +1.175706705e+04 +1.7947e+00 +1.9157e+00 +1.4708e+00 +3.3411e+00 -3.9310e+00 +1.7872e+00 +1.0730e+00 +6.1594e-02 +1.4505e+00 +3.8183e+00
71 +9.447341445e+03 +9.447341445e+03 +9.434541445e+03 +9.434541445e+03 -1.3389e+00 +2.3954e+00 -1.5897e+00 +2.4619e+00 -2.3712e+00 +2.7429e+00 -3.4235e+00 -1.7619e+00 +3.8265e+00 -2.5652e+00
83 +4.905674179e+03 +4.905674179e+03 +4.892874179e+03 +4.892874179e+03 +2.1838e+00 +2.0725e+00 -3.7027e+00 +1.9380e+00 -8.8038e-01 +2.1650e+00 -2.4253e+00 -2.3249e+00 +2.1372e+00 -2.8314e+00
207 +2.057092114e+02 +2.057092114e+02 +1.929092114e+02 +1.929092114e+02 +1.9601e+00 +2.2229e+00 -3.3026e+00 +2.4707e+00 -1.4443e+00 +2.3547e+00 -2.8118e+00 -2.0953e+00 +3.2235e+00 -2.5924e+00
213 +1.365331393e+02 +1.365331393e+02 +1.237331393e+02 +1.237331393e+02 +7.3379e-01 +2.2293e+00 -1.7936e+00 +1.9556e+00 -1.7464e+00 +2.4678e+00 -2.8404e+00 -1.9528e+00 +2.1776e+00 -2.5514e+00
2758 +9.888566168e+01 +9.888566168e+01 +8.608566168e+01 +8.608566168e+01 -1.2665e-01 +2.5873e+00 -1.2631e+00 +2.3634e+00 -1.3532e+00 +2.1495e+00 -1.9657e+00 -2.0710e+00 +1.3557e+00 -3.0709e+00
5381 +6.213744910e+01 +6.213744910e+01 +4.933744910e+01 +4.933744910e+01 -6.6063e-01 +2.7317e+00 -8.6522e-01 +2.2493e+00 -1.0077e+00 +2.0093e+00 -1.5846e+00 -1.9686e+00 +2.3185e-01 -3.8401e+00
7897 +3.940316100e+01 +3.940316100e+01 +2.660316100e+01 +2.660316100e+01 -9.1403e-01 +2.4892e+00 -7.7136e-01 +1.9710e+00 -5.0647e-01 +2.3237e+00 -5.9419e-01 -1.8949e+00 -7.3393e-01 -4.0307e+00
9521 +2.508220329e+01 +2.508220329e+01 +1.228220329e+01 +1.228220329e+01 -1.0458e+00 +2.4785e+00 -1.2741e+00 +2.0299e+00 -3.9193e-01 +2.5211e+00 -1.3052e-02 -1.9762e+00 -1.3493e+00 -4.0796e+00
11032 +1.564104324e+01 +1.564104324e+01 +2.841043236e+00 +2.841043236e+00 -1.3397e+00 +2.3648e+00 -1.5979e+00 +1.5894e+00 -3.6686e-01 +2.9605e+00 +2.2553e-01 -1.8637e+00 -1.9324e+00 -3.8237e+00
12675 +9.691730971e+00 +9.691730971e+00 -3.108269029e+00 -3.108269029e+00 -1.4965e+00 +2.3421e+00 -1.8104e+00 +1.4212e+00 -3.0814e-01 +3.3362e+00 +5.2568e-01 -1.8645e+00 -2.5653e+00 -3.7743e+00
13344 +6.302248742e+00 +6.302248742e+00 -6.497751258e+00 -6.497751258e+00 -1.4493e+00 +2.4443e+00 -1.7715e+00 +1.3101e+00 -8.4576e-02 +3.4519e+00 +9.0836e-01 -1.8058e+00 -2.8723e+00 -3.6234e+00
14181 +3.968501591e+00 +3.968501591e+00 -8.831498409e+00 -8.831498409e+00 -1.4500e+00 +2.4365e+00 -1.6694e+00 +1.0751e+00 -2.6345e-02 +3.5726e+00 +1.1392e+00 -1.8314e+00 -3.1946e+00 -3.6481e+00
% function evaluation | noise-free fitness - Fopt (-1.061000000000e+01) | best noise-free fitness - Fopt | measured fitness | best measured fitness | x1 | x2...
1 +5.781512204e+05 +5.781512204e+05 +5.781406104e+05 +5.781406104e+05 -3.6441e+00 +2.8778e-01 +8.1250e-01 -1.6497e+00 +1.6635e+00 +1.8912e-01 +1.9674e+00 -2.4317e+00 +1.3046e-01 -1.7103e+00
2 +2.985596809e+05 +2.985596809e+05 +2.985490709e+05 +2.985490709e+05 +1.5294e+00 -1.4897e+00 +2.1702e+00 -1.4058e+00 +3.8890e+00 -8.3041e-01 +2.4061e+00 +1.8640e+00 -1.6471e+00 +2.3169e-01
16 +1.715560864e+05 +1.715560864e+05 +1.715454764e+05 +1.715454764e+05 -5.0024e-01 +2.2974e+00 -1.3045e+00 +2.9900e+00 +1.8317e+00 +3.7010e+00 +3.3134e+00 -1.5909e+00 -2.8865e+00 +1.1772e+00
26 +8.329042406e+04 +8.329042406e+04 +8.327981406e+04 +8.327981406e+04 +2.3346e+00 -1.5138e-01 -1.6975e+00 +2.8797e+00 +4.4583e-01 +5.0154e-02 +1.8334e+00 +4.8666e-01 -2.4906e+00 +1.2739e+00
672 +6.301125875e+04 +6.301125875e+04 +6.300064875e+04 +6.300064875e+04 +2.4608e+00 -2.0088e-01 -1.7212e+00 +3.1476e+00 +7.5073e-01 +3.7624e-01 +1.7571e+00 +3.4056e-01 -2.5052e+00 +1.4871e+00
1547 +3.980890677e+04 +3.980890677e+04 +3.979829677e+04 +3.979829677e+04 +2.7365e+00 -4.0421e-01 -1.7522e+00 +3.3064e+00 +9.6348e-01 +4.8592e-01 +1.9231e+00 +6.1349e-01 -2.7051e+00 +1.5287e+00
2196 +2.421760597e+04 +2.421760597e+04 +2.420699597e+04 +2.420699597e+04 +2.8466e+00 -2.0095e-01 -1.4977e+00 +3.6949e+00 +1.2965e+00 +5.5492e-01 +2.3147e+00 +4.2463e-01 -2.5507e+00 +1.6911e+00
2634 +1.561764063e+04 +1.561764063e+04 +1.560703063e+04 +1.560703063e+04 -4.8035e-01 +1.2906e+00 -3.1162e+00 +3.3998e+00 +4.1346e+00 +2.5118e-01 +2.0628e+00 +1.0435e+00 -1.5325e+00 +6.2582e-01
3115 +8.674611007e+03 +8.674611007e+03 +8.664001007e+03 +8.664001007e+03 -5.4073e-01 +1.1032e+00 -3.1025e+00 +3.5867e+00 +4.3308e+00 +2.8789e-01 +1.9136e+00 +9.0168e-01 -1.6589e+00 +3.8797e-01
3355 +5.943146890e+03 +5.943146890e+03 +5.932536890e+03 +5.932536890e+03 -4.1644e-01 +1.0951e+00 -3.1163e+00 +3.6700e+00 +4.5007e+00 +2.9686e-01 +2.0571e+00 +9.1796e-01 -1.7553e+00 +4.1808e-01
3620 +3.707068852e+03 +3.707068852e+03 +3.696458852e+03 +3.696458852e+03 -4.4813e-01 +9.9463e-01 -3.0792e+00 +3.8042e+00 +4.5394e+00 +2.6705e-01 +1.8855e+00 +1.0596e+00 -1.5435e+00 +4.2434e-01
3751 +2.436565609e+03 +2.436565609e+03 +2.425955609e+03 +2.425955609e+03 -4.5712e-01 +9.2731e-01 -3.1766e+00 +3.8041e+00 +4.7250e+00 +3.0743e-01 +1.8786e+00 +9.2712e-01 -1.6487e+00 +3.6794e-01
3880 +1.185690847e+03 +1.185690847e+03 +1.175080847e+03 +1.175080847e+03 -3.6732e-01 +8.3655e-01 -3.1065e+00 +3.9255e+00 +4.5592e+00 +4.7424e-01 +2.0606e+00 +1.0725e+00 -1.8823e+00 +2.6432e-01
4027 +6.032793336e+02 +6.032793336e+02 +5.926693336e+02 +5.926693336e+02 -4.6386e-01 +8.0595e-01 -3.0995e+00 +4.0153e+00 +4.6231e+00 +3.9300e-01 +2.1549e+00 +1.1354e+00 -1.9049e+00 +2.0031e-01
4132 +3.562705148e+02 +3.562705148e+02 +3.456605148e+02 +3.456605148e+02 -3.0432e-01 +9.5693e-01 -3.1314e+00 +4.0944e+00 +4.6962e+00 +4.2467e-01 +2.0333e+00 +1.1648e+00 -1.9044e+00 +2.8392e-01
4266 +2.304219625e+02 +2.304219625e+02 +2.198119625e+02 +2.198119625e+02 -3.7127e-01 +1.0223e+00 -3.1508e+00 +4.1863e+00 +4.7334e+00 +3.6854e-01 +2.0562e+00 +1.1894e+00 -1.9002e+00 +2.9469e-01
4614 +7.236260740e+01 +7.236260740e+01 +6.175260740e+01 +6.175260740e+01 -3.5006e-01 +7.8973e-01 -3.3062e+00 +4.2430e+00 +4.7504e+00 +3.6186e-01 +2.0732e+00 +1.0682e+00 -1.9804e+00 +2.3105e-01
5072 +4.396210616e+01 +4.396210616e+01 +3.335210616e+01 +3.335210616e+01 +3.3572e+00 -5.3587e-01 -1.8159e+00 +4.9094e+00 +1.7977e+00 +8.3375e-01 +2.4136e+00 +7.3546e-01 -2.5915e+00 +1.3679e+00
5075 +3.883304193e+01 +3.883304193e+01 +2.822304193e+01 +2.822304193e+01 +3.1509e+00 -6.1276e-01 -1.7490e+00 +4.9418e+00 +1.9017e+00 +7.6953e-01 +2.5770e+00 +7.2089e-01 -2.5638e+00 +1.2595e+00
6077 +2.507610285e+01 +2.507610285e+01 +1.446610285e+01 +1.446610285e+01 +3.1691e+00 -7.2756e-01 -1.8121e+00 +4.9018e+00 +2.0091e+00 +6.7349e-01 +2.6037e+00 +1.0211e+00 -2.1941e+00 +1.5397e+00
7841 +1.549549495e+01 +1.549549495e+01 +4.885494952e+00 +4.885494952e+00 +2.9917e+00 -1.2729e+00 -1.8083e+00 +4.6652e+00 +2.0991e+00 +3.6548e-01 +2.5741e+00 +1.3434e+00 -1.5066e+00 +1.7621e+00
9862 +9.798121396e+00 +9.798121396e+00 -8.118786044e-01 -8.118786044e-01 +2.6331e+00 -1.5466e+00 -1.5957e+00 +4.1833e+00 +2.4747e+00 +5.0513e-01 +2.1411e+00 +2.0148e+00 -1.3488e+00 +1.9091e+00
11382 +5.789567813e+00 +5.789567813e+00 -4.820432187e+00 -4.820432187e+00 +2.5697e+00 -1.6270e+00 -1.5213e+00 +4.0451e+00 +2.9819e+00 +3.6074e-01 +1.8912e+00 +2.2679e+00 -1.0496e+00 +1.9673e+00
12491 +3.722342607e+00 +3.722342607e+00 -6.887657393e+00 -6.887657393e+00 +2.4535e+00 -1.8653e+00 -1.2971e+00 +3.7867e+00 +3.2447e+00 +5.3949e-01 +1.8203e+00 +2.3395e+00 -1.0228e+00 +2.0761e+00
13281 +2.488029779e+00 +2.488029779e+00 -8.121970221e+00 -8.121970221e+00 +2.4955e+00 -2.0466e+00 -1.2844e+00 +3.5999e+00 +3.4621e+00 +5.0728e-01 +1.7560e+00 +2.4947e+00 -9.5766e-01 +2.1173e+00
14664 +1.486808914e+00 +1.486808914e+00 -9.123191086e+00 -9.123191086e+00 +2.5024e+00 -2.0220e+00 -1.2434e+00 +3.6238e+00 +3.5488e+00 +4.6592e-01 +1.5129e+00 +2.9638e+00 -9.2045e-01 +2.2906e+00
% function evaluation | noise-free fitness - Fopt (-1.844000000000e+02) | best noise-free fitness - Fopt | measured fitness | best measured fitness | x1 | x2...
1 +3.362630899e+05 +3.362630899e+05 +3.360786899e+05 +3.360786899e+05 +1.7594e-01 -3.0897e+00 +6.3356e-01 +3.3228e+00 +6.3031e-01 +2.7404e+00 -1.7342e+00 -2.2628e+00 +1.7923e+00 +2.5987e+00
7 +2.280842553e+05 +2.280842553e+05 +2.278998553e+05 +2.278998553e+05 +3.0632e+00 +8.4402e-01 +1.5562e+00 -3.4318e+00 -8.0861e-01 +6.1760e-01 -1.0127e+00 +7.1697e-02 +4.6969e-01 +2.6667e-01
8 +1.273061629e+05 +1.273061629e+05 +1.271217629e+05 +1.271217629e+05 +3.2591e+00 -1.4329e+00 +2.5350e+00 -7.5114e-01 +2.7074e+00 +1.5304e+00 +3.5221e+00 -3.5215e+00 -2.0800e+00 +2.7101e+00
35 +9.000904151e+04 +9.000904151e+04 +8.982464151e+04 +8.982464151e+04 +2.3380e+00 -9.8477e-01 +2.6709e+00 -1.8750e+00 -1.4661e+00 +1.6316e+00 +2.4334e+00 -2.9051e+00 -2.5264e+00 -2.6177e+00
128 +6.298558496e+04 +6.298558496e+04 +6.280118496e+04 +6.280118496e+04 -1.6120e+00 -2.1523e+00 +1.5926e-01 -2.1205e+00 +2.9994e+00 +2.1559e+00 +7.5679e-01 +3.8014e-01 -1.2996e+00 -7.6971e-01
856 +3.741291137e+04 +3.741291137e+04 +3.722851137e+04 +3.722851137e+04 +1.0134e+00 -2.1680e+00 +1.0931e+00 -1.4559e+00 -4.1729e-01 +1.7828e+00 +1.4300e+00 -2.0022e+00 -1.5446e+00 -1.9483e+00
1973 +2.468621822e+04 +2.468621822e+04 +2.450181822e+04 +2.450181822e+04 +6.1257e-01 -2.3085e+00 +1.2205e+00 -1.6244e+00 -7.0352e-01 +1.4830e+00 +1.3116e+00 -1.6848e+00 -1.7235e+00 -1.5498e+00
2752 +1.513001411e+04 +1.513001411e+04 +1.494561411e+04 +1.494561411e+04 +3.2292e-01 -2.3501e+00 +1.1893e+00 -1.7929e+00 -8.4553e-01 +1.2288e+00 +1.4944e+00 -1.6177e+00 -1.9491e+00 -1.4940e+00
3484 +8.511100337e+03 +8.511100337e+03 +8.326700337e+03 +8.326700337e+03 +8.3203e-02 -2.5336e+00 +1.3850e+00 -1.8920e+00 -8.7893e-01 +1.1422e+00 +1.6361e+00 -1.2692e+00 -2.1570e+00 -1.3719e+00
3873 +6.040466779e+03 +6.040466779e+03 +5.856066779e+03 +5.856066779e+03 -1.0475e-01 -2.7439e+00 +1.3678e+00 -2.1172e+00 -8.6614e-01 +1.1036e+00 +1.6520e+00 -1.3916e+00 -2.2540e+00 -1.2339e+00
4138 +3.838235860e+03 +3.838235860e+03 +3.653835860e+03 +3.653835860e+03 -1.0645e-01 -2.7944e+00 +1.2855e+00 -2.1123e+00 -9.3967e-01 +1.1371e+00 +1.8680e+00 -1.3782e+00 -2.4404e+00 -1.2148e+00
4606 +2.185128459e+03 +2.185128459e+03 +2.000728459e+03 +2.000728459e+03 -3.9491e-01 -2.9767e+00 +1.4251e+00 -2.2042e+00 -9.0493e-01 +9.9984e-01 +1.7458e+00 -1.4068e+00 -2.4845e+00 -1.1997e+00
4870 +1.331983588e+03 +1.331983588e+03 +1.147583588e+03 +1.147583588e+03 -4.8432e-01 -2.8788e+00 +1.4761e+00 -2.2363e+00 -9.0548e-01 +8.0564e-01 +1.8089e+00 -1.3818e+00 -2.5388e+00 -1.1642e+00
5018 +9.776411945e+02 +9.776411945e+02 +7.932411945e+02 +7.932411945e+02 -5.1103e-01 -3.0408e+00 +1.4044e+00 -2.3018e+00 -8.9115e-01 +8.5940e-01 +1.8783e+00 -1.4445e+00 -2.6184e+00 -1.1520e+00
5255 +4.406976059e+02 +4.406976059e+02 +2.562976059e+02 +2.562976059e+02 -6.4073e-01 -3.1314e+00 +1.4992e+00 -2.4065e+00 -8.9603e-01 +7.7750e-01 +1.8938e+00 -1.3907e+00 -2.6592e+00 -1.0077e+00
5389 +3.945459880e+02 +3.945459880e+02 +2.101459880e+02 +2.101459880e+02 -6.9406e-01 -3.2421e+00 +1.3182e+00 -2.2309e+00 -9.6097e-01 +6.6758e-01 +1.9085e+00 -1.5073e+00 -2.6438e+00 -1.1827e+00
5393 +2.360178358e+02 +2.360178358e+02 +5.161783575e+01 +5.161783575e+01 -6.8670e-01 -3.2390e+00 +1.3619e+00 -2.4046e+00 -8.9322e-01 +6.3860e-01 +1.9498e+00 -1.4609e+00 -2.5769e+00 -1.1243e+00
5524 +1.113024360e+02 +1.113024360e+02 -7.309756404e+01 -7.309756404e+01 -7.8339e-01 -3.3046e+00 +1.3397e+00 -2.4749e+00 -8.6587e-01 +5.4299e-01 +2.0270e+00 -1.5455e+00 -2.4863e+00 -1.0568e+00
5642 +6.820737398e+01 +6.820737398e+01 -1.161926260e+02 -1.161926260e+02 -8.1218e-01 -3.2067e+00 +1.2942e+00 -2.4514e+00 -9.1341e-01 +4.7574e-01 +2.0582e+00 -1.5604e+00 -2.4314e+00 -1.0088e+00
5779 +6.235807865e+01 +6.235807865e+01 -1.220419213e+02 -1.220419213e+02 -8.9665e-01 -3.4725e+00 +1.4136e+00 -2.4150e+00 -7.7159e-01 +4.5264e-01 +2.0964e+00 -1.4508e+00 -2.5533e+00 -9.4105e-01
7045 +3.841719482e+01 +3.841719482e+01 -1.459828052e+02 -1.459828052e+02 -1.0984e+00 -3.2092e+00 +1.4252e+00 -2.6239e+00 -7.1672e-01 +2.1875e-01 +2.0417e+00 -1.6290e+00 -2.3164e+00 -1.2540e+00
8410 +2.466126602e+01 +2.466126602e+01 -1.597387340e+02 -1.597387340e+02 -1.4770e+00 -3.1874e+00 +1.6485e+00 -2.9970e+00 -3.2507e-01 -3.8083e-02 +2.2960e+00 -1.6453e+00 -1.9530e+00 -1.3171e+00
9926 +1.444564438e+01 +1.444564438e+01 -1.699543556e+02 -1.699543556e+02 -1.9439e+00 -3.2422e+00 +1.6149e+00 -3.1595e+00 -1.1578e-01 -4.0260e-01 +1.9883e+00 -1.6348e+00 -1.4561e+00 -1.7395e+00
11682 +9.728648804e+00 +9.728648804e+00 -1.746713512e+02 -1.746713512e+02 -2.0247e+00 -3.3725e+00 +1.7644e+00 -3.2309e+00 +3.2324e-02 -8.2914e-01 +2.0612e+00 -1.7512e+00 -7.1948e-01 -1.7853e+00
13206 +6.291238015e+00 +6.291238015e+00 -1.781087620e+02 -1.781087620e+02 -2.3317e+00 -3.2931e+00 +2.1457e+00 -3.3832e+00 +7.1487e-03 -9.9526e-01 +2.2384e+00 -1.8014e+00 -9.5659e-02 -1.6749e+00
14200 +3.949493111e+00 +3.949493111e+00 -1.804505069e+02 -1.804505069e+02 -2.4020e+00 -3.5332e+00 +2.2370e+00 -3.1746e+00 -1.3429e-02 -1.1515e+00 +2.2022e+00 -1.7651e+00 +2.7103e-01 -1.7155e+00
% function evaluation | noise-free fitness - Fopt (-5.188000000000e+01) | best noise-free fitness - Fopt | measured fitness | best measured fitness | x1 | x2...
1 +5.232535527e+05 +5.232535527e+05 +5.232016727e+05 +5.232016727e+05 +2.4839e+00 +2.8266e+00 +1.3288e+00 +1.5510e+00 -3.6557e+00 +2.4578e+00 -3.9367e+00 -3.3267e-01 -1.2753e+00 +2.5069e+00
2 +2.858378591e+05 +2.858378591e+05 +2.857859791e+05 +2.857859791e+05 +3.6615e+00 -1.7643e+00 +1.2664e+00 -9.6008e-01 +1.9642e+00 -2.8773e+00 -2.8365e+00 +1.1501e+00 -5.4491e-01 +5.6263e-02
4 +1.003676094e+05 +1.003676094e+05 +1.003157294e+05 +1.003157294e+05 -1.2040e+00 +4.1740e-01 -3.9772e-01 -2.2163e-01 +2.5612e+00 -3.2721e+00 +2.9267e+00 +3.6599e+00 +1.0031e+00 +2.4040e+00
18 +6.537844257e+04 +6.537844257e+04 +6.532656257e+04 +6.532656257e+04 -2.2034e+00 +1.8730e+00 -1.7076e+00 +2.8151e+00 +1.4393e+00 -2.7592e+00 +7.6373e-01 +2.3098e-01 -3.5995e+00 +1.5623e+00
66 +1.177749776e+04 +1.177749776e+04 +1.172561776e+04 +1.172561776e+04 -1.3516e+00 +3.1591e+00 +1.7660e+00 +3.8469e+00 -5.2780e-01 -2.7017e+00 +3.9034e+00 -1.8175e-01 +3.3294e+00 +2.5509e+00
87 +9.551040363e+03 +9.551040363e+03 +9.499160363e+03 +9.499160363e+03 -1.4371e+00 +3.1516e+00 +1.7900e+00 +3.9290e+00 -5.7219e-01 -2.6407e+00 +3.9499e+00 -2.3106e-01 +3.2958e+00 +2.6173e+00
465 +6.176874257e+03 +6.176874257e+03 +6.124994257e+03 +6.124994257e+03 -1.4499e+00 +3.0120e+00 +1.7953e+00 +4.0357e+00 -2.2254e-01 -2.6402e+00 +3.8603e+00 -2.2242e-01 +3.4061e+00 +2.7652e+00
591 +3.645723707e+03 +3.645723707e+03 +3.593843707e+03 +3.593843707e+03 -1.3997e+00 +2.7797e+00 +1.9831e+00 +4.0806e+00 -2.2976e-01 -2.6132e+00 +3.9076e+00 -3.3507e-01 +3.1851e+00 +2.7748e+00
852 +2.225823897e+03 +2.225823897e+03 +2.173943897e+03 +2.173943897e+03 -1.4996e+00 +2.8241e+00 +1.9222e+00 +4.0297e+00 -1.3890e-01 -2.5265e+00 +3.9769e+00 -2.9637e-01 +3.2549e+00 +2.9165e+00
988 +1.423323349e+03 +1.423323349e+03 +1.371443349e+03 +1.371443349e+03 -1.6025e+00 +2.6710e+00 +2.0973e+00 +4.0503e+00 -3.7705e-01 -2.6458e+00 +4.0218e+00 -2.3214e-01 +3.1334e+00 +2.9072e+00
1111 +7.081789872e+02 +7.081789872e+02 +6.562989872e+02 +6.562989872e+02 -1.7286e+00 +2.6840e+00 +1.9772e+00 +4.1377e+00 -2.1095e-01 -2.4611e+00 +4.1727e+00 -1.9383e-01 +3.0597e+00 +2.8150e+00
1243 +2.147633371e+02 +2.147633371e+02 +1.628833371e+02 +1.628833371e+02 -1.7462e+00 +2.4690e+00 +2.1416e+00 +4.0816e+00 -2.2176e-01 -2.4485e+00 +4.0641e+00 -4.2502e-01 +3.3216e+00 +2.8992e+00
2413 +1.250157053e+02 +1.250157053e+02 +7.313570526e+01 +7.313570526e+01 +9.9875e-01 -1.2350e+00 +3.6301e-01 +1.9191e-01 -1.0238e-01 -2.0429e+00 +1.0523e+00 -1.8799e+00 +1.3852e+00 +3.4769e+00
2668 +8.368737968e+01 +8.368737968e+01 +3.180737968e+01 +3.180737968e+01 +9.5976e-01 -1.1849e+00 +3.1243e-01 +2.4326e-01 -1.6700e-01 -2.1336e+00 +9.8483e-01 -2.0550e+00 +1.4284e+00 +3.3714e+00
3921 +6.308635779e+01 +6.308635779e+01 +1.120635779e+01 +1.120635779e+01 +1.0917e+00 -1.4404e+00 -8.0904e-02 +5.2068e-01 +3.9940e-01 -2.0564e+00 +1.3088e+00 -1.9166e+00 +1.7844e+00 +3.1748e+00
6286 +3.975372434e+01 +3.975372434e+01 -1.212627566e+01 -1.212627566e+01 +1.2063e+00 -1.3828e+00 -6.1647e-01 +1.1019e+00 +1.0599e+00 -1.7477e+00 +1.4900e+00 -1.7460e+00 +2.2049e+00 +2.4215e+00
8056 +2.507798398e+01 +2.507798398e+01 -2.680201602e+01 -2.680201602e+01 +1.3121e+00 -1.9085e+00 -9.7307e-01 +1.2759e+00 +1.5784e+00 -1.9266e+00 +1.2073e+00 -1.6070e+00 +2.1147e+00 +1.7590e+00
9956 +1.543603131e+01 +1.543603131e+01 -3.644396869e+01 -3.644396869e+01 +1.4639e+00 -2.2434e+00 -6.4603e-01 +1.8475e+00 +1.9337e+00 -1.6383e+00 +1.2340e+00 -1.8207e+00 +2.1103e+00 +1.0558e+00
12206 +9.729818487e+00 +9.729818487e+00 -4.215018151e+01 -4.215018151e+01 +1.3340e+00 -2.4954e+00 -4.6215e-01 +2.0331e+00 +2.4622e+00 -1.8313e+00 +1.2765e+00 -2.0963e+00 +2.1839e+00 +3.2820e-01
13707 +6.132044417e+00 +6.132044417e+00 -4.574795558e+01 -4.574795558e+01 +1.3444e+00 -2.7117e+00 -3.1668e-01 +2.1913e+00 +2.7232e+00 -1.7303e+00 +1.0479e+00 -2.2815e+00 +2.2333e+00 -2.1305e-01
14751 +3.780930638e+00 +3.780930638e+00 -4.809906936e+01 -4.809906936e+01 +1.3723e+00 -2.4077e+00 -2.8627e-01 +2.3970e+00 +2.8802e+00 -1.8578e+00 +1.1355e+00 -2.3889e+00 +2.1097e+00 -5.8564e-01
% function evaluation | noise-free fitness - Fopt (6.980000000000e+01) | best noise-free fitness - Fopt | measured fitness | best measured fitness | x1 | x2...
1 +1.795427835e+05 +1.795427835e+05 +1.796125835e+05 +1.796125835e+05 +2.7517e+00 +2.5945e+00 +3.2337e+00 +1.4697e+00 +1.8931e+00 +1.0006e-01 -1.5790e+00 -2.8702e+00 +2.2104e+00 -4.9922e-01
7 +1.186172244e+05 +1.186172244e+05 +1.186870244e+05 +1.186870244e+05 +3.4868e+00 +1.4542e+00 +1.2760e+00 -3.6880e+00 +3.4284e+00 +2.2970e+00 +2.2248e+00 -2.3240e-01 -2.7853e+00 -5.1685e-02
11 +1.323765435e+04 +1.323765435e+04 +1.330745435e+04 +1.330745435e+04 +3.1622e+00 +1.7711e-01 -3.0142e-01 -3.0452e+00 +4.9731e-01 +2.2666e+00 -4.2373e-01 -3.8656e+00 -2.7031e+00 -2.4088e+00
79 +9.139928487e+03 +9.139928487e+03 +9.209728487e+03 +9.209728487e+03 -2.3314e+00 +9.4892e-01 -1.0808e+00 -8.0806e-01 -1.3310e+00 -2.8864e+00 +2.9116e+00 -1.5118e+00 -2.1638e+00 -9.2876e-01
227 +5.937078640e+03 +5.937078640e+03 +6.006878640e+03 +6.006878640e+03 -2.4264e+00 -5.6726e-01 +6.3496e-01 +1.2527e+00 -2.1661e+00 -1.5038e+00 +1.0537e+00 -1.6011e+00 -1.8696e+00 -1.8622e+00
353 +3.711260989e+03 +3.711260989e+03 +3.781060989e+03 +3.781060989e+03 -2.0604e+00 +8.9048e-01 -9.8205e-01 -7.6540e-01 -1.2612e+00 -2.8252e+00 +2.1164e+00 -1.4703e+00 -2.0446e+00 -9.1535e-01
489 +3.856770238e+02 +3.856770238e+02 +4.554770238e+02 +4.554770238e+02 -2.1000e+00 -5.8639e-02 -1.5112e-01 -1.0070e-01 -1.7849e+00 -1.7184e+00 +1.4967e+00 -1.5379e+00 -2.1023e+00 -1.7861e+00
592 +2.157887859e+02 +2.157887859e+02 +2.855887859e+02 +2.855887859e+02 -2.0598e+00 +1.6920e-02 -1.7819e-01 -1.6098e-01 -1.7202e+00 -1.6953e+00 +1.5356e+00 -1.5381e+00 -2.1667e+00 -1.8727e+00
721 +1.077947845e+02 +1.077947845e+02 +1.775947845e+02 +1.775947845e+02 -2.0434e+00 -1.7918e-01 -1.8395e-01 -1.1087e-01 -1.7414e+00 -1.6402e+00 +1.5060e+00 -1.6049e+00 -2.1160e+00 -1.7990e+00
1124 +9.973295398e+01 +9.973295398e+01 +1.695329540e+02 +1.695329540e+02 -2.1008e+00 -2.7628e-01 -1.8521e-01 -2.0592e-01 -1.7121e+00 -1.8480e+00 +1.4187e+00 -1.7063e+00 -2.0954e+00 -1.9389e+00
3491 +6.221501671e+01 +6.221501671e+01 +1.320150167e+02 +1.320150167e+02 -2.0854e+00 -5.7532e-01 +5.4457e-01 -5.5515e-01 -2.0344e+00 -2.2962e+00 +9.3931e-01 -1.5761e+00 -1.8769e+00 -2.4169e+00
5641 +3.811447854e+01 +3.811447854e+01 +1.079144785e+02 +1.079144785e+02 -2.2309e+00 -8.4473e-01 +1.4560e+00 -7.9467e-01 -2.1205e+00 -2.3856e+00 +4.8121e-01 -1.8134e+00 -1.4910e+00 -2.9642e+00
6892 +2.447783386e+01 +2.447783386e+01 +9.427783386e+01 +9.427783386e+01 -2.1132e+00 -1.1456e+00 +1.8399e+00 -8.2385e-01 -2.4725e+00 -2.3555e+00 +2.5749e-01 -1.6568e+00 -1.3002e+00 -3.1242e+00
8142 +1.578490088e+01 +1.578490088e+01 +8.558490088e+01 +8.558490088e+01 -2.3862e+00 -1.1314e+00 +2.2385e+00 -8.9482e-01 -2.7728e+00 -2.4997e+00 -2.7637e-02 -1.8281e+00 -1.0666e+00 -3.3497e+00
9525 +9.432812405e+00 +9.432812405e+00 +7.923281240e+01 +7.923281240e+01 -2.3028e+00 -1.2955e+00 +2.6374e+00 -7.2824e-01 -2.9136e+00 -2.7418e+00 -1.3861e-01 -1.9435e+00 -7.6471e-01 -3.5820e+00
10907 +6.099844932e+00 +6.099844932e+00 +7.589984493e+01 +7.589984493e+01 -2.4705e+00 -1.2938e+00 +2.6864e+00 -7.7695e-01 -3.4438e+00 -2.8654e+00 -3.6438e-01 -2.0810e+00 -6.2737e-01 -4.0218e+00
11556 +3.809564575e+00 +3.809564575e+00 +7.360956457e+01 +7.360956457e+01 -2.4052e+00 -1.3946e+00 +3.1538e+00 -6.8412e-01 -3.2768e+00 -2.5854e+00 -5.8214e-01 -2.1863e+00 -6.2413e-01 -3.9382e+00
12152 +2.495007157e+00 +2.495007157e+00 +7.229500716e+01 +7.229500716e+01 -2.4089e+00 -1.4029e+00 +3.3175e+00 -6.3680e-01 -3.4065e+00 -2.6682e+00 -7.3515e-01 -2.1195e+00 -5.5030e-01 -4.0448e+00
12682 +1.443623306e+00 +1.443623306e+00 +7.124362331e+01 +7.124362331e+01 -2.5529e+00 -1.4585e+00 +3.3793e+00 -6.6084e-01 -3.2175e+00 -2.6323e+00 -7.7875e-01 -2.2948e+00 -3.1236e-01 -4.0570e+00
13062 +8.275678621e-01 +8.275678621e-01 +7.062756786e+01 +7.062756786e+01 -2.5565e+00 -1.5954e+00 +3.4971e+00 -6.5928e-01 -3.3115e+00 -2.6174e+00 -9.0935e-01 -2.2478e+00 -1.6277e-01 -4.0033e+00
14324 +3.036074443e-01 +3.036074443e-01 +7.010360744e+01 +7.010360744e+01 -2.4155e+00 -1.4372e+00 +3.7178e+00 -4.1771e-01 -3.1332e+00 -2.6519e+00 -9.9632e-01 -2.3898e+00 +5.4370e-02 -3.9801e+00
% function evaluation | noise-free fitness - Fopt (1.105400000000e+02) | best noise-free fitness - Fopt | measured fitness | best measured fitness | x1 | x2...
1 +4.958131209e+05 +4.958131209e+05 +4.959236609e+05 +4.959236609e+05 +2.5508e+00 -1.9065e-01 +1.4747e+00 -2.5819e+00 -1.8480e+00 -3.9342e+00 +2.7557e+00 +9.5404e-01 +6.0269e-01 +3.7106e+00
4 +3.124671768e+05 +3.124671768e+05 +3.125777168e+05 +3.125777168e+05 -3.4041e-01 -3.0473e+00 -3.5779e+00 +3.4340e-01 -3.7015e-01 +3.4928e+00 -5.2816e-01 -2.0125e+00 -3.7487e+00 -2.0266e+00
5 +8.294999391e+04 +8.294999391e+04 +8.306053391e+04 +8.306053391e+04 -1.1305e+00 -1.2274e+00 -1.7238e+00 -3.7455e+00 +2.0486e-01 -2.8168e+00 -2.1662e+00 -2.9807e+00 -1.7721e+00 -3.6541e+00
12 +2.644650550e+04 +2.644650550e+04 +2.655704550e+04 +2.655704550e+04 +1.5041e-01 -8.2484e-01 +3.2577e+00 +1.0068e+00 +1.2418e+00 -2.7216e+00 -7.6011e-01 -1.6952e+00 -2.2437e+00 -3.3506e+00
24 +2.128681909e+04 +2.128681909e+04 +2.139735909e+04 +2.139735909e+04 +1.4958e-01 -7.7769e-01 +3.2713e+00 +9.7755e-01 +1.2530e+00 -2.6242e+00 -7.1751e-01 -1.7081e+00 -2.1461e+00 -3.3562e+00
88 +4.421231348e+03 +4.421231348e+03 +4.531771348e+03 +4.531771348e+03 -1.6078e+00 +9.3931e-01 +2.1516e+00 +7.1189e-01 -3.7457e+00 +2.5623e+00 -1.9598e+00 -2.0917e+00 -2.8387e+00 -4.0429e+00
93 +5.999430081e+02 +5.999430081e+02 +7.104830081e+02 +7.104830081e+02 +2.1855e+00 +1.5254e+00 +2.5274e+00 -1.3349e+00 -1.3966e+00 +1.5130e+00 +1.9645e-01 -2.4742e+00 -1.9266e-01 -9.3938e-01
122 +1.440143136e+02 +1.440143136e+02 +2.545543136e+02 +2.545543136e+02 -6.3256e-01 +1.2908e-03 -7.0497e-01 -1.1831e-01 -3.4192e+00 -1.9375e+00 -1.1641e+00 -2.6062e+00 -8.8303e-02 -1.1942e+00
246 +6.799669484e+01 +6.799669484e+01 +1.785366948e+02 +1.785366948e+02 -6.6721e-01 -8.8181e-03 -7.3163e-01 -2.0488e-01 -3.3891e+00 -1.9421e+00 -1.0972e+00 -2.6473e+00 -1.8468e-01 -1.1068e+00
388 +5.979888608e+01 +5.979888608e+01 +1.703388861e+02 +1.703388861e+02 +1.4825e+00 -1.4266e-01 -2.4070e-01 +3.2150e-02 -3.4501e+00 -1.0848e+00 -1.1108e+00 -2.5788e+00 +5.7413e-01 -1.2973e+00
2276 +3.947747476e+01 +3.947747476e+01 +1.500174748e+02 +1.500174748e+02 +1.4412e+00 +3.7226e-01 -1.1881e-01 +1.5272e-01 -2.8623e+00 -1.4675e+00 -1.1207e+00 -1.6597e+00 +7.9682e-01 -9.9417e-01
4186 +2.491432048e+01 +2.491432048e+01 +1.354543205e+02 +1.354543205e+02 +9.5366e-01 +2.3316e-01 -2.7353e-01 +3.8831e-01 -2.9288e+00 -1.8554e+00 -9.8977e-01 -7.9202e-01 +6.3161e-01 -6.5865e-01
7204 +1.531073780e+01 +1.531073780e+01 +1.258507378e+02 +1.258507378e+02 +1.0140e+00 +5.1765e-03 -1.1132e-01 +1.0227e+00 -2.2754e+00 -1.9889e+00 -7.5487e-01 +4.6989e-02 +7.3273e-01 -5.5161e-01
10218 +9.829329429e+00 +9.829329429e+00 +1.203693294e+02 +1.203693294e+02 +4.1000e-01 +9.2432e-03 +1.2577e-01 +1.4218e+00 -1.7166e+00 -2.3893e+00 -5.0940e-01 +6.3300e-01 +7.1459e-01 -6.9784e-01
11860 +6.144006742e+00 +6.144006742e+00 +1.166840067e+02 +1.166840067e+02 +2.2575e-01 -3.1022e-01 +6.5288e-01 +1.5498e+00 -1.6263e+00 -2.5059e+00 -3.0746e-01 +1.0703e+00 +7.9793e-01 -5.1237e-01
13067 +3.844464722e+00 +3.844464722e+00 +1.143844647e+02 +1.143844647e+02 -9.6103e-02 -4.7626e-01 +9.2514e-01 +1.7814e+00 -1.4624e+00 -2.3261e+00 +3.5480e-02 +1.4855e+00 +1.3269e+00 -5.7027e-01
14181 +2.488869750e+00 +2.488869750e+00 +1.130288697e+02 +1.130288697e+02 -9.7576e-02 -5.9213e-01 +9.6001e-01 +1.9844e+00 -1.3749e+00 -2.6438e+00 -7.3764e-02 +1.6133e+00 +1.3773e+00 -4.5555e-01
14581 +1.521838837e+00 +1.521838837e+00 +1.120618388e+02 +1.120618388e+02 -3.3362e-01 -6.2974e-01 +1.1406e+00 +2.0475e+00 -1.1894e+00 -2.6412e+00 +1.3857e-01 +1.8173e+00 +1.4464e+00 -4.3093e-01
% function evaluation | noise-free fitness - Fopt (6.121000000000e+02) | best noise-free fitness - Fopt | measured fitness | best measured fitness | x1 | x2...
1 +1.117102646e+05 +1.117102646e+05 +1.123223646e+05 +1.123223646e+05 -1.2685e+00 +2.2485e+00 -1.8674e+00 -3.1093e+00 +1.4608e+00 +3.9150e+00 +1.0268e+00 +6.9658e-01 -1.3351e+00 -1.5748e+00
30 +3.379842809e+04 +3.379842809e+04 +3.441052809e+04 +3.441052809e+04 -1.9832e+00 +5.4009e-01 -2.0572e+00 -3.8451e+00 +2.7508e+00 +1.8995e+00 +2.1517e+00 +1.1455e+00 +1.2037e-01 -1.6383e+00
462 +2.487025113e+04 +2.487025113e+04 +2.548235113e+04 +2.548235113e+04 -1.6495e+00 +3.1835e+00 +1.2379e+00 -1.5513e+00 +2.0647e+00 +1.6133e+00 +2.6683e+00 +1.6455e+00 -1.7811e+00 +2.0599e-01
853 +1.381205041e+04 +1.381205041e+04 +1.442415041e+04 +1.442415041e+04 -1.6332e+00 +3.0158e+00 +1.3441e+00 -1.7743e+00 +1.9777e+00 +1.5622e+00 +2.8500e+00 +1.9884e+00 -1.7609e+00 +1.1767e-02
1115 +9.002454056e+03 +9.002454056e+03 +9.614554056e+03 +9.614554056e+03 -1.5550e+00 +2.9035e+00 +1.4437e+00 -1.7567e+00 +1.8241e+00 +1.5169e+00 +3.0660e+00 +1.9529e+00 -1.8212e+00 -1.0000e-01
1590 +6.237376609e+03 +6.237376609e+03 +6.849476609e+03 +6.849476609e+03 -1.5856e+00 +2.8849e+00 +1.3160e+00 -1.8388e+00 +1.8189e+00 +1.3962e+00 +3.1981e+00 +2.0779e+00 -1.8181e+00 -1.6045e-01
1845 +3.940674161e+03 +3.940674161e+03 +4.552774161e+03 +4.552774161e+03 -1.7004e+00 +2.7530e+00 +1.2691e+00 -1.9420e+00 +1.7675e+00 +1.4188e+00 +3.2732e+00 +2.2059e+00 -1.8395e+00 -2.5677e-01
2104 +2.333136278e+03 +2.333136278e+03 +2.945236278e+03 +2.945236278e+03 -1.5892e+00 +2.8806e+00 +1.2567e+00 -1.6585e+00 +1.6130e+00 +1.3144e+00 +3.5549e+00 +2.0738e+00 -1.9723e+00 -2.4839e-01
2247 +1.181153833e+03 +1.181153833e+03 +1.793253833e+03 +1.793253833e+03 -1.7022e+00 +2.7537e+00 +1.1542e+00 -1.7999e+00 +1.6030e+00 +1.2157e+00 +3.4292e+00 +2.2622e+00 -1.8971e+00 -4.4556e-01
2386 +7.783385037e+02 +7.783385037e+02 +1.390438504e+03 +1.390438504e+03 -1.7694e+00 +2.7937e+00 +1.0607e+00 -1.8711e+00 +1.5817e+00 +1.1239e+00 +3.4855e+00 +2.3399e+00 -1.9008e+00 -3.5542e-01
2508 +6.099749492e+02 +6.099749492e+02 +1.222074949e+03 +1.222074949e+03 -1.7134e+00 +2.9560e+00 +1.0611e+00 -1.7673e+00 +1.5301e+00 +1.3287e+00 +3.3726e+00 +2.1828e+00 -2.0400e+00 -3.7447e-01
2512 +3.926975590e+02 +3.926975590e+02 +1.004797559e+03 +1.004797559e+03 -1.8522e+00 +2.7790e+00 +1.0182e+00 -1.9209e+00 +1.5294e+00 +1.1978e+00 +3.4585e+00 +2.3053e+00 -1.9287e+00 -4.5365e-01
2622 +2.303731374e+02 +2.303731374e+02 +8.424731374e+02 +8.424731374e+02 -1.9429e+00 +2.7458e+00 +9.8947e-01 -1.9140e+00 +1.5996e+00 +1.1000e+00 +3.4745e+00 +2.3766e+00 -1.9276e+00 -3.7921e-01
2624 +1.513224321e+02 +1.513224321e+02 +7.634224321e+02 +7.634224321e+02 -1.9060e+00 +2.8211e+00 +9.6763e-01 -1.9189e+00 +1.5328e+00 +1.2858e+00 +3.4563e+00 +2.3709e+00 -1.9817e+00 -4.5730e-01
2752 +6.770404386e+01 +6.770404386e+01 +6.798040439e+02 +6.798040439e+02 -1.9231e+00 +2.8817e+00 +8.7211e-01 -1.8390e+00 +1.4922e+00 +1.2699e+00 +3.4635e+00 +2.3800e+00 -1.8901e+00 -3.7359e-01
3091 +5.446969542e+01 +5.446969542e+01 +6.665696954e+02 +6.665696954e+02 -2.0019e+00 +2.7003e+00 +8.4055e-01 -1.8562e+00 +1.4597e+00 +1.2581e+00 +3.4156e+00 +2.3972e+00 -1.9476e+00 -6.9627e-01
3880 +3.942774415e+01 +3.942774415e+01 +6.515277442e+02 +6.515277442e+02 -1.8631e+00 +2.6949e+00 +1.0758e+00 -1.9370e+00 +1.3163e+00 +9.0859e-01 +3.1869e+00 +2.6131e+00 -2.0601e+00 -5.9467e-01
5383 +2.454719726e+01 +2.454719726e+01 +6.366471973e+02 +6.366471973e+02 -2.1443e+00 +2.6668e+00 +1.3879e+00 -1.9212e+00 +1.3693e+00 +2.3773e-01 +2.9249e+00 +3.0790e+00 -2.1104e+00 -7.6734e-01
6892 +1.576612963e+01 +1.576612963e+01 +6.278661296e+02 +6.278661296e+02 -1.9244e+00 +2.1808e+00 +1.7394e+00 -1.6742e+00 +1.3538e+00 -2.5458e-01 +2.5179e+00 +3.1005e+00 -2.2933e+00 -6.5487e-01
8402 +9.953728146e+00 +9.953728146e+00 +6.220537281e+02 +6.220537281e+02 -2.0904e+00 +1.8228e+00 +2.0942e+00 -1.7657e+00 +1.3332e+00 -7.1372e-01 +2.1408e+00 +3.3009e+00 -2.2172e+00 -9.7497e-01
9660 +6.241636011e+00 +6.241636011e+00 +6.183416360e+02 +6.183416360e+02 -2.2450e+00 +1.7890e+00 +2.4067e+00 -1.7787e+00 +1.3062e+00 -1.1742e+00 +2.0244e+00 +2.9390e+00 -2.2934e+00 -1.2983e+00
10644 +3.862969101e+00 +3.862969101e+00 +6.159629691e+02 +6.159629691e+02 -2.4026e+00 +1.5328e+00 +2.5345e+00 -1.9360e+00 +1.1643e+00 -1.5050e+00 +1.8363e+00 +3.0343e+00 -1.9545e+00 -1.3436e+00
11434 +2.428874332e+00 +2.428874332e+00 +6.145288743e+02 +6.145288743e+02 -2.4820e+00 +1.4457e+00 +2.7606e+00 -1.8446e+00 +1.2495e+00 -1.5032e+00 +1.6069e+00 +2.7360e+00 -1.9142e+00 -1.7320e+00
12151 +1.466765320e+00 +1.466765320e+00 +6.135667653e+02 +6.135667653e+02 -2.3259e+00 +1.4104e+00 +2.7380e+00 -1.8079e+00 +1.2317e+00 -1.7075e+00 +1.4837e+00 +2.7685e+00 -2.0718e+00 -1.9048e+00
12958 +7.984942913e-01 +7.984942913e-01 +6.128984943e+02 +6.128984943e+02 -2.4501e+00 +1.2787e+00 +2.9460e+00 -1.8251e+00 +1.2249e+00 -1.8234e+00 +1.3617e+00 +2.6227e+00 -1.8506e+00 -2.0378e+00
14328 +5.030150373e-01 +5.030150373e-01 +6.126030150e+02 +6.126030150e+02 -2.4949e+00 +1.1626e+00 +3.0479e+00 -1.8473e+00 +1.2377e+00 -1.8945e+00 +1.2985e+00 +2.5967e+00 -1.8532e+00 -1.9548e+00
% function evaluation | noise-free fitness - Fopt (-4.657200000000e+02) | best noise-free fitness - Fopt | measured fitness | best measured fitness | x1 | x2...
1 +2.641967107e+05 +2.641967107e+05 +2.637309907e+05 +2.637309907e+05 +1.0978e+00 +3.2213e+00 +3.6661e+00 -1.0812e+00 -3.8820e-01 -1.0175e+00 +1.5097e+00 -2.2990e+00 +1.4712e+00 -3.1155e+00
6 +1.640236636e+05 +1.640236636e+05 +1.635579436e+05 +1.635579436e+05 -2.5972e-01 +3.1469e+00 -2.7728e+00 +1.3644e+00 +8.5141e-01 +8.2843e-01 +1.8266e+00 +6.1313e-01 +3.9200e+00 +1.4929e+00
56 +1.499813285e+05 +1.499813285e+05 +1.495156085e+05 +1.495156085e+05 +2.9662e+00 +3.0600e-01 +7.1845e-01 -7.5142e-01 +6.7822e-01 -7.6859e-01 +2.5133e+00 -3.4404e-02 +2.0994e+00 -3.8013e+00
61 +3.823797443e+04 +3.823797443e+04 +3.777225443e+04 +3.777225443e+04 -3.1692e+00 +3.4987e+00 +1.7196e-01 +3.2924e+00 +2.6005e+00 +3.0281e+00 +1.1037e+00 -1.0565e+00 -1.6145e+00 -1.0382e+00
96 +1.978154668e+04 +1.978154668e+04 +1.931582668e+04 +1.931582668e+04 -1.3831e+00 +1.7082e+00 +5.2024e-02 -3.2358e-02 +2.6585e+00 +3.7525e+00 +3.0172e+00 +1.8503e-01 +2.2483e+00 -1.6354e+00
227 +1.414811600e+04 +1.414811600e+04 +1.368239600e+04 +1.368239600e+04 -2.6566e-01 +3.3710e+00 +2.5596e-01 +3.0409e+00 +2.9024e+00 +3.3749e+00 +1.2874e+00 -1.2121e-01 +1.6357e-01 -1.3513e+00
340 +7.819844351e+03 +7.819844351e+03 +7.354124351e+03 +7.354124351e+03 -8.9140e-01 +2.0514e+00 +3.1551e-01 +2.2570e-01 +2.8711e+00 +3.5900e+00 +3.1000e+00 -9.2249e-04 +1.5583e+00 -1.4061e+00
606 +6.245991230e+03 +6.245991230e+03 +5.780271230e+03 +5.780271230e+03 -9.2577e-01 +2.1516e+00 +2.5667e-01 +1.6450e-01 +2.9809e+00 +3.5730e+00 +3.0411e+00 -1.4263e-01 +1.4105e+00 -1.4546e+00
851 +3.702966839e+03 +3.702966839e+03 +3.237246839e+03 +3.237246839e+03 -8.3197e-01 +1.9388e+00 +3.7625e-01 +2.9582e-01 +3.0585e+00 +3.4539e+00 +2.9528e+00 -2.5741e-01 +1.4161e+00 -1.5184e+00
982 +2.344926384e+03 +2.344926384e+03 +1.879206384e+03 +1.879206384e+03 -7.2879e-01 +2.0508e+00 +3.8148e-01 +1.0132e-01 +3.1515e+00 +3.4880e+00 +3.1147e+00 -3.5565e-01 +1.4721e+00 -1.3135e+00
1269 +1.476553392e+03 +1.476553392e+03 +1.010833392e+03 +1.010833392e+03 -8.1217e-01 +1.9960e+00 +1.2813e-01 -1.2297e-01 +3.2821e+00 +3.4198e+00 +2.9646e+00 -4.1375e-01 +1.4084e+00 -1.3770e+00
1598 +8.182757019e+02 +8.182757019e+02 +3.525557019e+02 +3.525557019e+02 -8.0543e-01 +2.0228e+00 +1.6435e-01 +3.8395e-02 +3.2037e+00 +3.4012e+00 +3.0103e+00 -6.1598e-01 +1.4312e+00 -1.3505e+00
1714 +5.164882515e+02 +5.164882515e+02 +5.076825150e+01 +5.076825150e+01 -7.2826e-01 +1.9976e+00 +1.2680e-01 -1.4813e-01 +3.2662e+00 +3.4456e+00 +3.0033e+00 -5.8763e-01 +1.3871e+00 -1.4343e+00
1844 +2.182665159e+02 +2.182665159e+02 -2.474534841e+02 -2.474534841e+02 -5.0245e-01 +2.0248e+00 +1.7344e-01 -2.7172e-02 +3.1525e+00 +3.6157e+00 +3.2477e+00 -7.6432e-01 +1.2635e+00 -1.4412e+00
1971 +1.176704741e+02 +1.176704741e+02 -3.480495259e+02 -3.480495259e+02 -6.4756e-01 +1.8918e+00 +5.8491e-02 -1.3757e-01 +3.3752e+00 +3.4570e+00 +2.8067e+00 -6.8148e-01 +1.3684e+00 -1.3009e+00
1997 +4.518490965e+01 +4.518490965e+01 -4.205350904e+02 -4.205350904e+02 -7.0810e-01 +1.8579e+00 +8.8695e-02 -8.4469e-02 +3.3740e+00 +3.3628e+00 +2.9384e+00 -7.6643e-01 +1.4132e+00 -1.3252e+00
2119 +3.865869063e+01 +3.865869063e+01 -4.270613094e+02 -4.270613094e+02 -5.1780e-01 +2.0174e+00 +1.3661e-01 +1.3930e-01 +3.3644e+00 +3.3085e+00 +3.1515e+00 -8.7608e-01 +1.4202e+00 -1.4166e+00
3355 +2.461575857e+01 +2.461575857e+01 -4.411042414e+02 -4.411042414e+02 -6.6074e-01 +1.6204e+00 +3.5396e-01 +2.6356e-01 +3.4302e+00 +3.2600e+00 +2.7521e+00 -1.2034e+00 +1.4075e+00 -1.6137e+00
4136 +1.509273355e+01 +1.509273355e+01 -4.506272665e+02 -4.506272665e+02 -8.0056e-01 +1.5394e+00 +6.2757e-01 +6.7891e-01 +3.4603e+00 +2.9315e+00 +2.3872e+00 -1.3611e+00 +1.5857e+00 -1.9083e+00
5774 +9.624159888e+00 +9.624159888e+00 -4.560958401e+02 -4.560958401e+02 -6.0568e-01 +1.5423e+00 +9.9059e-01 +1.1577e+00 +3.1746e+00 +3.0030e+00 +1.8512e+00 -1.6645e+00 +1.5150e+00 -2.0723e+00
7024 +6.247185094e+00 +6.247185094e+00 -4.594728149e+02 -4.594728149e+02 -8.8121e-01 +1.3793e+00 +9.4712e-01 +1.3790e+00 +2.7156e+00 +2.8468e+00 +1.7905e+00 -1.6482e+00 +1.5602e+00 -2.5519e+00
7751 +3.707867047e+00 +3.707867047e+00 -4.620121330e+02 -4.620121330e+02 -1.0493e+00 +1.3977e+00 +1.1819e+00 +1.6137e+00 +2.8520e+00 +2.9079e+00 +1.5107e+00 -1.7384e+00 +1.5087e+00 -2.5427e+00
8537 +1.996405468e+00 +1.996405468e+00 -4.637235945e+02 -4.637235945e+02 -1.3516e+00 +1.3039e+00 +1.1838e+00 +1.9233e+00 +2.6347e+00 +2.7199e+00 +1.5517e+00 -1.5834e+00 +1.6731e+00 -2.5686e+00
9143 +1.430351065e+00 +1.430351065e+00 -4.642896489e+02 -4.642896489e+02 -1.4307e+00 +1.2469e+00 +1.1981e+00 +2.0009e+00 +2.7202e+00 +2.7708e+00 +1.5630e+00 -1.5562e+00 +1.5955e+00 -2.7170e+00
10052 +8.734417357e-01 +8.734417357e-01 -4.648465583e+02 -4.648465583e+02 -1.5897e+00 +1.2296e+00 +1.3111e+00 +2.1517e+00 +2.6020e+00 +2.8084e+00 +1.4265e+00 -1.6190e+00 +1.4273e+00 -2.6749e+00
10650 +6.021251299e-01 +6.021251299e-01 -4.651178749e+02 -4.651178749e+02 -1.6318e+00 +1.1582e+00 +1.3587e+00 +2.1978e+00 +2.4919e+00 +2.7769e+00 +1.3036e+00 -1.6571e+00 +1.4591e+00 -2.6378e+00
11186 +2.795528496e-01 +2.795528496e-01 -4.654404472e+02 -4.654404472e+02 -1.7000e+00 +1.1961e+00 +1.3882e+00 +2.3780e+00 +2.6092e+00 +2.7211e+00 +1.3320e+00 -1.5263e+00 +1.5172e+00 -2.5896e+00
13671 +1.710231746e-01 +1.710231746e-01 -4.655489768e+02 -4.655489768e+02 -1.7080e+00 +1.1037e+00 +1.3396e+00 +2.3437e+00 +2.5239e+00 +2.6617e+00 +1.2832e+00 -1.5554e+00 +1.5371e+00 -2.6402e+00
% function evaluation | noise-free fitness - Fopt (1.306000000000e+01) | best noise-free fitness - Fopt | measured fitness | best measured fitness | x1 | x2...
1 +5.671147460e+05 +5.671147460e+05 +5.671278060e+05 +5.671278060e+05 -1.8386e+00 +3.8737e+00 -2.1830e+00 +1.4362e+00 -3.8256e+00 +3.7826e+00 +1.9642e+00 -2.2383e+00 +8.6483e-03 -3.6534e+00
2 +3.427404380e+04 +3.427404380e+04 +3.428710380e+04 +3.428710380e+04 +1.9079e+00 +2.6695e+00 -7.8054e-01 -3.3212e-01 -2.0461e+00 -4.7129e-01 -1.6316e+00 +3.4391e+00 -2.3040e+00 -2.4729e-01
77 +2.215127348e+03 +2.215127348e+03 +2.228187348e+03 +2.228187348e+03 -1.5662e+00 +1.4650e-01 +8.5994e-01 -2.5229e+00 -1.8948e+00 +2.8794e+00 +2.0848e+00 +7.8941e-01 -3.4103e+00 +3.5310e-02
227 +1.047599573e+03 +1.047599573e+03 +1.060659573e+03 +1.060659573e+03 -1.5063e+00 +6.0992e-02 +9.3505e-01 -2.5653e+00 -1.9325e+00 +2.8512e+00 +2.0682e+00 +8.3788e-01 -3.3997e+00 +8.8026e-02
332 +4.043941784e+02 +4.043941784e+02 +4.174541784e+02 +4.174541784e+02 -1.5241e+00 -3.8595e-02 +9.9479e-01 -2.6373e+00 -1.9365e+00 +2.7949e+00 +2.0323e+00 +8.6483e-01 -3.4700e+00 +1.5971e-01
461 +2.583057976e+02 +2.583057976e+02 +2.713657976e+02 +2.713657976e+02 -1.3539e+00 -6.2085e-02 +9.8588e-01 -2.5341e+00 -2.0502e+00 +3.0233e+00 +2.0341e+00 +9.0492e-01 -3.3909e+00 +1.3328e-01
462 +2.264091277e+02 +2.264091277e+02 +2.394691277e+02 +2.394691277e+02 -1.5108e+00 -1.2639e-01 +1.0922e+00 -2.7277e+00 -1.9035e+00 +2.7604e+00 +2.0865e+00 +7.8275e-01 -3.4053e+00 +1.0829e-01
468 +1.265217900e+02 +1.265217900e+02 +1.395817900e+02 +1.395817900e+02 -1.4454e+00 +1.5474e-02 +1.0056e+00 -2.6664e+00 -2.0036e+00 +2.8171e+00 +1.9400e+00 +9.5963e-01 -3.4393e+00 +1.3890e-01
2102 +9.921027606e+01 +9.921027606e+01 +1.122702761e+02 +1.122702761e+02 -9.5948e-01 -3.4815e-01 +7.3637e-01 -3.0565e+00 -1.6159e+00 +3.1351e+00 +1.6931e+00 +7.3145e-01 -2.9015e+00 -1.9521e-01
4602 +6.302973364e+01 +6.302973364e+01 +7.608973364e+01 +7.608973364e+01 -4.7628e-01 -9.0405e-01 +1.0686e+00 -3.1721e+00 -9.2914e-01 +3.2459e+00 +1.1342e+00 +5.7098e-01 -2.2222e+00 -8.1369e-01
6763 +3.929794356e+01 +3.929794356e+01 +5.235794356e+01 +5.235794356e+01 -2.2890e-01 -1.3117e+00 +1.0443e+00 -3.3640e+00 -2.0011e-01 +3.0593e+00 +3.2899e-01 +5.6641e-01 -1.2682e+00 -1.2484e+00
8407 +2.492021449e+01 +2.492021449e+01 +3.798021449e+01 +3.798021449e+01 +1.3420e-01 -1.8209e+00 +8.7103e-01 -3.3092e+00 -3.9580e-02 +3.4963e+00 +7.5836e-03 +3.4861e-01 -8.4288e-01 -1.3843e+00
10063 +1.548728289e+01 +1.548728289e+01 +2.854728289e+01 +2.854728289e+01 +5.5651e-01 -2.0001e+00 +7.5951e-01 -3.3448e+00 +3.0505e-01 +3.4349e+00 -4.3493e-01 +4.1254e-01 -6.1970e-01 -2.0204e+00
11448 +9.756109276e+00 +9.756109276e+00 +2.281610928e+01 +2.281610928e+01 +9.0691e-01 -2.1483e+00 +5.6631e-01 -3.2824e+00 +4.6563e-01 +3.5225e+00 -8.8082e-01 +5.0571e-01 -8.3643e-02 -2.2174e+00
12680 +6.130301826e+00 +6.130301826e+00 +1.919030183e+01 +1.919030183e+01 +1.0452e+00 -2.2354e+00 +8.2133e-01 -3.3996e+00 +8.6475e-01 +3.8002e+00 -1.0403e+00 +5.2851e-01 +3.0357e-01 -2.2601e+00
13333 +3.873153035e+00 +3.873153035e+00 +1.693315304e+01 +1.693315304e+01 +1.3494e+00 -2.3001e+00 +7.9366e-01 -3.2822e+00 +9.6981e-01 +3.7805e+00 -1.2581e+00 +5.2025e-01 +4.1028e-01 -2.4882e+00
14060 +2.149325016e+00 +2.149325016e+00 +1.520932502e+01 +1.520932502e+01 +1.5591e+00 -2.2892e+00 +7.3672e-01 -3.2553e+00 +1.0737e+00 +3.8848e+00 -1.3146e+00 +4.7814e-01 +5.6952e-01 -2.8623e+00
14319 +1.418690393e+00 +1.418690393e+00 +1.447869039e+01 +1.447869039e+01 +1.6436e+00 -2.3075e+00 +7.1112e-01 -3.2322e+00 +1.1213e+00 +3.9359e+00 -1.2279e+00 +5.5761e-01 +6.6815e-01 -2.9359e+00
% function evaluation | noise-free fitness - Fopt (2.655000000000e+01) | best noise-free fitness - Fopt | measured fitness | best measured fitness | x1 | x2...
1 +1.305034087e+05 +1.305034087e+05 +1.305299587e+05 +1.305299587e+05 +1.2861e+00 -3.5640e+00 -1.7821e+00 -3.0871e+00 +1.0685e-01 +2.3209e-01 +6.4186e-02 -1.5843e+00 -2.2786e+00 +1.9711e+00
2 +6.260189262e+04 +6.260189262e+04 +6.262844262e+04 +6.262844262e+04 +1.2162e+00 -1.4612e+00 +2.2731e+00 -2.9982e+00 -2.1428e+00 +2.9375e+00 -1.4351e-01 +2.6196e+00 +1.8112e+00 -1.4035e-01
21 +2.066976931e+02 +2.066976931e+02 +2.332476931e+02 +2.332476931e+02 +1.6651e+00 +9.9323e-01 -2.0544e+00 -1.4139e+00 -3.2733e+00 -2.7188e+00 -2.9221e+00 -4.9471e-01 +2.9761e+00 -1.0977e-01
214 +1.495077226e+02 +1.495077226e+02 +1.760577226e+02 +1.760577226e+02 +3.7929e-01 -1.1570e-01 +2.1329e-01 -2.3097e+00 -2.3833e+00 +6.9818e-01 -1.6702e+00 +1.7622e+00 +3.5380e+00 +8.5056e-01
738 +9.882121650e+01 +9.882121650e+01 +1.253712165e+02 +1.253712165e+02 +4.7438e-01 +7.8200e-02 +2.6469e-01 -2.0610e+00 -2.2378e+00 +9.8337e-01 -1.4700e+00 +1.6286e+00 +3.4573e+00 +6.8139e-01
3231 +6.215053572e+01 +6.215053572e+01 +8.870053572e+01 +8.870053572e+01 +1.0479e+00 -2.7395e-01 +5.5360e-01 -1.4507e+00 -1.7490e+00 +1.4513e+00 -1.3027e+00 +1.2115e+00 +2.8222e+00 +2.6927e-01
5409 +3.969694810e+01 +3.969694810e+01 +6.624694810e+01 +6.624694810e+01 +1.5471e+00 -5.2985e-01 +4.5934e-01 -1.1371e+00 -1.3818e+00 +1.9383e+00 -1.4324e+00 +1.0896e+00 +1.9202e+00 -1.0352e-01
7173 +2.506572003e+01 +2.506572003e+01 +5.161572003e+01 +5.161572003e+01 +2.1308e+00 -8.6165e-01 +6.6978e-01 -8.5457e-01 -1.2856e+00 +2.2709e+00 -1.6668e+00 +6.6058e-01 +1.5320e+00 -3.5518e-03
8681 +1.548654109e+01 +1.548654109e+01 +4.203654109e+01 +4.203654109e+01 +2.3925e+00 -1.3980e+00 +6.2531e-01 -6.7411e-01 -9.8387e-01 +2.5717e+00 -1.6819e+00 +7.8981e-01 +9.4862e-01 -2.9962e-01
10043 +9.739980076e+00 +9.739980076e+00 +3.628998008e+01 +3.628998008e+01 +2.7215e+00 -1.4269e+00 +7.1279e-01 -5.5286e-01 -7.3297e-01 +2.6480e+00 -1.5446e+00 +5.3827e-01 +4.4280e-01 -5.1593e-01
11035 +6.237334559e+00 +6.237334559e+00 +3.278733456e+01 +3.278733456e+01 +2.7995e+00 -1.6113e+00 +5.8356e-01 -4.3473e-01 -4.7744e-01 +2.8754e+00 -1.8378e+00 +1.1827e-01 +8.1154e-02 -6.4786e-01
11566 +3.586976163e+00 +3.586976163e+00 +3.013697616e+01 +3.013697616e+01 +2.8639e+00 -1.5532e+00 +5.7835e-01 -2.1521e-01 -4.3626e-01 +3.0412e+00 -1.5515e+00 +2.3070e-01 -1.6831e-01 -7.8528e-01
12411 +2.426265937e+00 +2.426265937e+00 +2.897626594e+01 +2.897626594e+01 +2.8134e+00 -1.5918e+00 +6.7829e-01 -7.1899e-02 -1.8667e-01 +3.0897e+00 -1.6233e+00 +7.3058e-02 -3.3571e-01 -7.2890e-01
12687 +1.494931246e+00 +1.494931246e+00 +2.804493125e+01 +2.804493125e+01 +2.8958e+00 -1.7718e+00 +9.5980e-01 -2.2260e-01 -1.2553e-01 +3.0332e+00 -1.6981e+00 +2.3298e-02 -5.1153e-01 -8.0768e-01
13942 +7.390300341e-01 +7.390300341e-01 +2.728903003e+01 +2.728903003e+01 +2.7246e+00 -1.8597e+00 +9.2065e-01 -1.9736e-01 -4.1531e-02 +3.0978e+00 -1.6218e+00 -3.1904e-02 -7.1916e-01 -8.5013e-01
14701 +5.793150493e-01 +5.793150493e-01 +2.712931505e+01 +2.712931505e+01 +2.7588e+00 -1.7630e+00 +8.3645e-01 -1.5596e-01 +1.3473e-01 +3.1490e+00 -1.5015e+00 -1.9004e-02 -7.5289e-01 -9.1972e-01
