% function evaluation | noise-free fitness - Fopt (3.590000000000e+01) | best noise-free fitness - Fopt | measured fitness | best measured fitness | x1 | x2...
1 +1.193887063e+05 +1.193887063e+05 +1.194246063e+05 +1.194246063e+05 -1.8426e+00 +2.2796e+00 +3.4780e+00 -1.8361e+00 -1.2928e-01
2 +7.545400351e+04 +7.545400351e+04 +7.548990351e+04 +7.548990351e+04 -7.6855e-01 +5.3329e-01 -2.1281e+00 +9.8177e-01 +8.0456e-01
5 +1.782756613e+04 +1.782756613e+04 +1.786346613e+04 +1.786346613e+04 -7.4204e-01 +3.4741e+00 +3.6256e+00 -8.0826e-01 -3.1260e+00
8 +6.713143143e+03 +6.713143143e+03 +6.749043143e+03 +6.749043143e+03 -6.6951e-01 -1.5106e+00 +2.9840e+00 +2.0103e+00 -2.8439e+00
16 +3.069070706e+01 +3.069070706e+01 +6.659070706e+01 +6.659070706e+01 +4.0649e-01 +1.7914e+00 +3.1653e+00 +1.1160e+00 -3.8391e+00
299 +2.499413755e+01 +2.499413755e+01 +6.089413755e+01 +6.089413755e+01 +3.9417e-01 +1.5565e+00 +3.1999e+00 +1.3204e+00 -3.6071e+00
1798 +1.534778314e+01 +1.534778314e+01 +5.124778314e+01 +5.124778314e+01 +9.4480e-01 +1.2555e+00 +2.9035e+00 +1.7456e+00 -3.1265e+00
3047 +9.469727298e+00 +9.469727298e+00 +4.536972730e+01 +4.536972730e+01 +1.3557e+00 +1.2450e+00 +2.8378e+00 +2.0048e+00 -2.5114e+00
3826 +6.151567883e+00 +6.151567883e+00 +4.205156788e+01 +4.205156788e+01 +1.6556e+00 +1.0955e+00 +2.6746e+00 +2.2379e+00 -2.2580e+00
4561 +3.980650682e+00 +3.980650682e+00 +3.988065068e+01 +3.988065068e+01 +1.8493e+00 +1.0106e+00 +2.7014e+00 +2.5701e+00 -2.1526e+00
5204 +2.369581738e+00 +2.369581738e+00 +3.826958174e+01 +3.826958174e+01 +2.1460e+00 +1.0751e+00 +2.5199e+00 +2.7463e+00 -1.9161e+00
5740 +1.457758271e+00 +1.457758271e+00 +3.735775827e+01 +3.735775827e+01 +2.2909e+00 +9.9790e-01 +2.5339e+00 +2.9062e+00 -1.8770e+00
6451 +9.827612881e-01 +9.827612881e-01 +3.688276129e+01 +3.688276129e+01 +2.3442e+00 +1.0474e+00 +2.5277e+00 +3.1322e+00 -1.7159e+00
7110 +4.853864309e-01 +4.853864309e-01 +3.638538643e+01 +3.638538643e+01 +2.5808e+00 +1.1728e+00 +2.6526e+00 +3.3054e+00 -1.7357e+00
7241 +3.615630107e-01 +3.615630107e-01 +3.626156301e+01 +3.626156301e+01 +2.5610e+00 +1.0991e+00 +2.5596e+00 +3.3323e+00 -1.6220e+00
% function evaluation | noise-free fitness - Fopt (3.137000000000e+01) | best noise-free fitness - Fopt | measured fitness | best measured fitness | x1 | x2...
1 +1.042636990e+05 +1.042636990e+05 +1.042950690e+05 +1.042950690e+05 -9.0149e-01 +2.0823e+00 +8.4153e-01 -3.8989e+00 -8.4609e-01
3 +1.455215874e+04 +1.455215874e+04 +1.458352874e+04 +1.458352874e+04 -3.9833e+00 +1.0600e-01 +2.0886e+00 -1.3476e+00 +3.2794e+00
45 +8.333089491e+01 +8.333089491e+01 +1.147008949e+02 +1.147008949e+02 +2.9069e-01 +1.8577e+00 -3.4178e+00 -2.4455e+00 +2.3922e-01
333 +6.086332010e+01 +6.086332010e+01 +9.223332010e+01 +9.223332010e+01 +4.0407e-01 +1.5543e-01 -3.3280e+00 -1.2771e+00 -1.0627e+00
2363 +3.898040493e+01 +3.898040493e+01 +7.035040493e+01 +7.035040493e+01 +3.6039e-01 +8.1335e-01 -3.5596e+00 -2.3371e-01 -1.4511e+00
3612 +2.495826640e+01 +2.495826640e+01 +5.632826640e+01 +5.632826640e+01 +1.2812e-01 +1.0577e+00 -3.7534e+00 +4.1560e-01 -1.5838e+00
5129 +1.511431654e+01 +1.511431654e+01 +4.648431654e+01 +4.648431654e+01 +1.9326e-01 +1.5709e+00 -3.9706e+00 +1.1455e+00 -1.7532e+00
6373 +8.761325999e+00 +8.761325999e+00 +4.013132600e+01 +4.013132600e+01 +1.0108e-01 +1.8628e+00 -3.9788e+00 +1.8329e+00 -1.7412e+00
7023 +6.105107975e+00 +6.105107975e+00 +3.747510798e+01 +3.747510798e+01 +1.0654e-01 +1.9910e+00 -4.0874e+00 +2.2444e+00 -1.5243e+00
% function evaluation | noise-free fitness - Fopt (-1.000000000000e+03) | best noise-free fitness - Fopt | measured fitness | best measured fitness | x1 | x2...
1 +2.894068198e+05 +2.894068198e+05 +2.884068198e+05 +2.884068198e+05 -1.3216e+00 +1.6030e+00 -1.2598e+00 -1.0490e+00 -5.1141e-01
2 +5.923185924e+04 +5.923185924e+04 +5.823185924e+04 +5.823185924e+04 -6.0893e-01 +2.1376e+00 +3.0281e+00 +2.2315e+00 +3.0374e+00
15 +6.693144296e+03 +6.693144296e+03 +5.693144296e+03 +5.693144296e+03 -2.4614e+00 -1.5365e+00 +3.0636e+00 +2.8503e+00 +1.4472e+00
153 +6.113055156e+03 +6.113055156e+03 +5.113055156e+03 +5.113055156e+03 -2.4535e+00 -1.6101e+00 +3.1740e+00 +2.9797e+00 +1.4672e+00
411 +3.882115337e+03 +3.882115337e+03 +2.882115337e+03 +2.882115337e+03 -2.5811e+00 -1.8044e+00 +3.1857e+00 +3.0221e+00 +1.3521e+00
545 +2.251608191e+03 +2.251608191e+03 +1.251608191e+03 +1.251608191e+03 -2.5773e+00 -1.6312e+00 +3.4149e+00 +2.9292e+00 +1.3028e+00
802 +1.261533829e+03 +1.261533829e+03 +2.615338285e+02 +2.615338285e+02 -2.5608e+00 -1.7202e+00 +3.5003e+00 +2.9370e+00 +1.1806e+00
931 +7.154233631e+02 +7.154233631e+02 -2.845766369e+02 -2.845766369e+02 -2.5929e+00 -1.8354e+00 +3.6175e+00 +3.0380e+00 +1.1615e+00
936 +5.568757555e+02 +5.568757555e+02 -4.431242445e+02 -4.431242445e+02 -2.5597e+00 -1.8215e+00 +3.6535e+00 +3.0276e+00 +1.1408e+00
1066 +2.964625367e+02 +2.964625367e+02 -7.035374633e+02 -7.035374633e+02 -2.7162e+00 -1.9806e+00 +3.6640e+00 +3.0534e+00 +1.1450e+00
1192 +2.141954608e+02 +2.141954608e+02 -7.858045392e+02 -7.858045392e+02 -2.7084e+00 -1.9469e+00 +3.6701e+00 +3.0206e+00 +1.0947e+00
1194 +1.005986347e+02 +1.005986347e+02 -8.994013653e+02 -8.994013653e+02 -2.7447e+00 -2.0298e+00 +3.7434e+00 +3.0710e+00 +1.1288e+00
1207 +9.983592065e+01 +9.983592065e+01 -9.001640793e+02 -9.001640793e+02 -2.6566e+00 -2.0204e+00 +3.7583e+00 +3.0583e+00 +1.1288e+00
1531 +4.078329380e+01 +4.078329380e+01 -9.592167062e+02 -9.592167062e+02 -2.6567e+00 -2.0824e+00 +3.8047e+00 +3.1132e+00 +1.0436e+00
1663 +3.853052914e+01 +3.853052914e+01 -9.614694709e+02 -9.614694709e+02 -2.5851e+00 -2.0973e+00 +3.8636e+00 +3.1250e+00 +9.6634e-01
2118 +2.332715671e+01 +2.332715671e+01 -9.766728433e+02 -9.766728433e+02 -9.8951e-01 -3.0435e+00 +3.0740e+00 +1.3836e+00 +1.1305e+00
2637 +1.546355369e+01 +1.546355369e+01 -9.845364463e+02 -9.845364463e+02 -1.1716e+00 -3.1739e+00 +3.1873e+00 +1.4482e+00 +9.9531e-01
3952 +9.842168891e+00 +9.842168891e+00 -9.901578311e+02 -9.901578311e+02 -1.7141e+00 -2.9364e+00 +3.4875e+00 +2.8321e+00 -3.0695e-02
4687 +6.188253218e+00 +6.188253218e+00 -9.938117468e+02 -9.938117468e+02 -1.5677e+00 -3.0377e+00 +3.4463e+00 +2.7623e+00 -3.2540e-01
5085 +3.827427478e+00 +3.827427478e+00 -9.961725725e+02 -9.961725725e+02 -1.2101e+00 -3.2025e+00 +3.3303e+00 +2.6229e+00 -3.3235e-01
5732 +2.496191972e+00 +2.496191972e+00 -9.975038080e+02 -9.975038080e+02 -1.1190e+00 -3.3284e+00 +3.3208e+00 +2.8295e+00 -5.3247e-01
6326 +1.498427694e+00 +1.498427694e+00 -9.985015723e+02 -9.985015723e+02 -9.9353e-01 -3.3012e+00 +3.2898e+00 +2.9506e+00 -7.1867e-01
6974 +9.617843022e-01 +9.617843022e-01 -9.990382157e+02 -9.990382157e+02 -7.4377e-01 -3.3078e+00 +3.1759e+00 +3.1187e+00 -6.9003e-01
% function evaluation | noise-free fitness - Fopt (1.319200000000e+02) | best noise-free fitness - Fopt | measured fitness | best measured fitness | x1 | x2...
1 +1.060764648e+06 +1.060764648e+06 +1.060896568e+06 +1.060896568e+06 +2.8357e+00 -2.2600e+00 -1.7931e+00 +1.7462e+00 +3.4225e+00
2 +2.842519317e+05 +2.842519317e+05 +2.843838517e+05 +2.843838517e+05 -2.1566e+00 +3.1067e+00 -1.3114e+00 -3.7860e+00 -6.2528e-01
6 +1.100314187e+05 +1.100314187e+05 +1.101633387e+05 +1.101633387e+05 -2.0883e+00 +1.4047e+00 -3.0563e+00 +8.9196e-01 -1.2103e+00
154 +9.313740812e+04 +9.313740812e+04 +9.326932812e+04 +9.326932812e+04 -2.2665e+00 +1.2924e+00 -3.2090e+00 +8.6096e-01 -1.2785e+00
609 +6.308570459e+04 +6.308570459e+04 +6.321762459e+04 +6.321762459e+04 -2.9205e+00 +1.8963e+00 -2.4287e+00 +3.0344e-01 -1.0049e-01
1062 +3.873409199e+04 +3.873409199e+04 +3.886601199e+04 +3.886601199e+04 -2.8158e+00 +1.6573e+00 -3.5526e+00 +5.6972e-01 -1.3208e+00
1806 +2.099040190e+04 +2.099040190e+04 +2.112232190e+04 +2.112232190e+04 -3.1237e+00 +1.8435e+00 -3.6866e+00 +3.3071e-01 -1.3791e+00
2070 +1.544741444e+04 +1.544741444e+04 +1.557933444e+04 +1.557933444e+04 -3.2378e+00 +1.8952e+00 -3.7907e+00 +2.0335e-01 -1.4310e+00
2447 +9.311942458e+03 +9.311942458e+03 +9.443862458e+03 +9.443862458e+03 -3.3700e+00 +1.9002e+00 -3.7737e+00 +4.7791e-03 -1.4610e+00
3041 +4.924445063e+03 +4.924445063e+03 +5.056365063e+03 +5.056365063e+03 -3.5008e+00 +2.0528e+00 -3.8378e+00 -1.8508e-01 -1.3227e+00
3189 +3.738674189e+03 +3.738674189e+03 +3.870594189e+03 +3.870594189e+03 -3.5479e+00 +2.0020e+00 -3.8529e+00 -2.7657e-01 -1.3090e+00
3306 +2.371539158e+03 +2.371539158e+03 +2.503459158e+03 +2.503459158e+03 -3.6100e+00 +1.9659e+00 -3.9200e+00 -3.1621e-01 -1.4531e+00
3505 +1.291575466e+03 +1.291575466e+03 +1.423495466e+03 +1.423495466e+03 -4.3804e+00 +2.5956e+00 -2.9385e+00 -2.2520e-01 -2.6935e-01
3562 +9.863737886e+02 +9.863737886e+02 +1.118293789e+03 +1.118293789e+03 -3.7574e+00 +1.8986e+00 -3.8523e+00 -3.8651e-01 -1.5109e+00
3640 +5.341074717e+02 +5.341074717e+02 +6.660274717e+02 +6.660274717e+02 -4.4767e+00 +2.6443e+00 -2.9081e+00 -2.0688e-01 -3.3275e-01
3693 +3.286642628e+02 +3.286642628e+02 +4.605842628e+02 +4.605842628e+02 -3.8559e+00 +2.1490e+00 -3.8188e+00 -3.2193e-01 -1.6017e+00
3744 +1.211693238e+02 +1.211693238e+02 +2.530893238e+02 +2.530893238e+02 -4.5378e+00 +2.7201e+00 -2.8898e+00 -2.4304e-01 -3.8155e-01
3824 +4.355258411e+01 +4.355258411e+01 +1.754725841e+02 +1.754725841e+02 -3.9261e+00 +2.0842e+00 -3.7561e+00 -4.1839e-01 -1.5101e+00
3953 +2.545835594e+01 +2.545835594e+01 +1.573783559e+02 +1.573783559e+02 -4.0200e+00 +2.1470e+00 -3.7388e+00 -3.4789e-01 -1.5054e+00
4002 +2.732637241e+00 +2.732637241e+00 +1.346526372e+02 +1.346526372e+02 -4.6945e+00 +2.4481e+00 -3.0012e+00 -3.3345e-01 -5.6365e-01
4087 +3.554849770e-01 +3.554849770e-01 +1.322754850e+02 +1.322754850e+02 -4.0515e+00 +2.2273e+00 -3.7325e+00 -3.8298e-01 -1.4667e+00
4092 +1.133667967e-01 +1.133667967e-01 +1.320333668e+02 +1.320333668e+02 -4.0532e+00 +2.0706e+00 -3.6930e+00 -3.8902e-01 -1.5555e+00
4681 +8.001352606e-02 +8.001352606e-02 +1.320000135e+02 +1.320000135e+02 -4.0857e+00 +1.9858e+00 -3.6196e+00 -4.4822e-01 -1.3749e+00
4958 +4.359071064e-02 +4.359071064e-02 +1.319635907e+02 +1.319635907e+02 -4.0516e+00 +1.9795e+00 -3.6754e+00 -4.1545e-01 -1.5285e+00
5082 +3.867969141e-02 +3.867969141e-02 +1.319586797e+02 +1.319586797e+02 -4.0563e+00 +1.9474e+00 -3.6487e+00 -4.4963e-01 -1.5165e+00
% function evaluation | noise-free fitness - Fopt (5.908400000000e+02) | best noise-free fitness - Fopt | measured fitness | best measured fitness | x1 | x2...
1 +6.645806355e+05 +6.645806355e+05 +6.651714755e+05 +6.651714755e+05 -1.5126e+00 +1.6546e+00 +2.9951e+00 -3.9059e+00 -9.6171e-01
2 +5.943150388e+05 +5.943150388e+05 +5.949058788e+05 +5.949058788e+05 -1.4427e+00 +1.6177e+00 +9.3842e-01 -1.5991e+00 -3.8931e-01
4 +4.263356648e+04 +4.263356648e+04 +4.322440648e+04 +4.322440648e+04 +2.6578e+00 -2.2464e+00 -1.8143e-01 -3.9142e+00 -3.6968e+00
27 +3.817429474e+04 +3.817429474e+04 +3.876513474e+04 +3.876513474e+04 +2.6686e+00 -2.3169e+00 -1.4188e-01 -3.9753e+00 -3.6109e+00
60 +1.963571551e+04 +1.963571551e+04 +2.022655551e+04 +2.022655551e+04 +5.1171e-01 -3.3902e+00 -4.7362e-02 -3.2459e+00 -3.9212e+00
225 +1.569963048e+04 +1.569963048e+04 +1.629047048e+04 +1.629047048e+04 +5.7295e-01 -3.3833e+00 -2.0935e-01 -3.3260e+00 -3.8390e+00
411 +8.852491675e+03 +8.852491675e+03 +9.443331675e+03 +9.443331675e+03 +2.0918e+00 -2.2574e+00 -2.0460e+00 -3.9915e+00 -2.4320e+00
543 +4.746481129e+03 +4.746481129e+03 +5.337321129e+03 +5.337321129e+03 +1.9480e+00 -2.4072e+00 -2.1399e+00 -4.0468e+00 -2.4798e+00
681 +3.789949190e+03 +3.789949190e+03 +4.380789190e+03 +4.380789190e+03 +2.0577e+00 -2.4473e+00 -2.1619e+00 -4.0285e+00 -2.4750e+00
803 +2.478362878e+03 +2.478362878e+03 +3.069202878e+03 +3.069202878e+03 +1.9051e+00 -2.5549e+00 -2.1373e+00 -4.0715e+00 -2.5383e+00
933 +1.408443925e+03 +1.408443925e+03 +1.999283925e+03 +1.999283925e+03 +1.8261e+00 -2.6068e+00 -2.2057e+00 -4.1380e+00 -2.5576e+00
1069 +8.171382039e+02 +8.171382039e+02 +1.407978204e+03 +1.407978204e+03 +1.8729e+00 -2.6973e+00 -2.2096e+00 -4.0104e+00 -2.6037e+00
1191 +3.890532895e+02 +3.890532895e+02 +9.798932895e+02 +9.798932895e+02 +1.8830e+00 -2.7197e+00 -2.3037e+00 -4.1487e+00 -2.3955e+00
1193 +2.145236357e+02 +2.145236357e+02 +8.053636357e+02 +8.053636357e+02 +1.9000e+00 -2.7606e+00 -2.2941e+00 -4.1226e+00 -2.4198e+00
1531 +5.210333637e+01 +5.210333637e+01 +6.429433364e+02 +6.429433364e+02 +1.9541e+00 -2.8003e+00 -2.2609e+00 -4.1320e+00 -2.5714e+00
1536 +1.283330958e+01 +1.283330958e+01 +6.036733096e+02 +6.036733096e+02 +1.8825e+00 -2.8027e+00 -2.4051e+00 -4.0716e+00 -2.5257e+00
3044 +9.872628355e+00 +9.872628355e+00 +6.007126284e+02 +6.007126284e+02 +2.0584e+00 -3.0134e+00 -2.5202e+00 -3.6223e+00 -1.9519e+00
4084 +6.284533789e+00 +6.284533789e+00 +5.971245338e+02 +5.971245338e+02 +2.1423e+00 -3.1161e+00 -2.6522e+00 -3.0432e+00 -1.5728e+00
5332 +3.832831212e+00 +3.832831212e+00 +5.946728312e+02 +5.946728312e+02 +1.9724e+00 -3.2279e+00 -2.9285e+00 -2.6232e+00 -1.2030e+00
6205 +2.501010415e+00 +2.501010415e+00 +5.933410104e+02 +5.933410104e+02 +1.8661e+00 -3.2247e+00 -2.9143e+00 -2.3086e+00 -1.0229e+00
6860 +1.501153031e+00 +1.501153031e+00 +5.923411530e+02 +5.923411530e+02 +1.7947e+00 -3.3805e+00 -3.1071e+00 -2.0362e+00 -7.4460e-01
% function evaluation | noise-free fitness - Fopt (-1.280000000000e+01) | best noise-free fitness - Fopt | measured fitness | best measured fitness | x1 | x2...
1 +1.602826672e+05 +1.602826672e+05 +1.602698672e+05 +1.602698672e+05 +2.0196e-01 +3.9027e+00 -2.7548e+00 -1.8804e+00 -4.9810e-01
5 +1.309631715e+05 +1.309631715e+05 +1.309503715e+05 +1.309503715e+05 -1.2078e-01 +3.7586e+00 -3.1747e+00 +1.2283e+00 -1.7339e+00
11 +4.139483596e+04 +4.139483596e+04 +4.138203596e+04 +4.138203596e+04 +1.6260e+00 +2.6813e+00 -2.6236e+00 +2.8695e+00 +3.8619e+00
30 +3.954774194e+04 +3.954774194e+04 +3.953494194e+04 +3.953494194e+04 +1.7157e+00 +2.7149e+00 -2.5963e+00 +2.8186e+00 +3.9436e+00
41 +7.703804912e+01 +7.703804912e+01 +6.423804912e+01 +6.423804912e+01 -3.3091e+00 +3.7760e+00 +1.4713e+00 +1.3185e+00 +1.6880e+00
72 +6.063920220e+01 +6.063920220e+01 +4.783920220e+01 +4.783920220e+01 -3.3859e+00 +3.7938e+00 +1.5621e+00 +1.3015e+00 +1.5976e+00
92 +2.224457289e+01 +2.224457289e+01 +9.444572893e+00 +9.444572893e+00 -3.7675e+00 +3.5103e+00 -2.1624e+00 -7.6685e-01 +1.0975e+00
462 +1.480664106e+01 +1.480664106e+01 +2.006641064e+00 +2.006641064e+00 -3.5766e+00 +3.3987e+00 -2.0304e+00 -6.4968e-01 +8.5628e-01
982 +9.958104029e+00 +9.958104029e+00 -2.841895971e+00 -2.841895971e+00 -3.3041e+00 +3.0919e+00 -2.1423e+00 -8.4678e-01 +7.0830e-01
1731 +6.230034610e+00 +6.230034610e+00 -6.569965390e+00 -6.569965390e+00 -3.1072e+00 +2.7945e+00 -2.0253e+00 -6.8654e-01 +5.9340e-01
2366 +3.729499255e+00 +3.729499255e+00 -9.070500745e+00 -9.070500745e+00 -2.8147e+00 +2.6472e+00 -1.9029e+00 -5.1606e-01 +5.4048e-01
3093 +1.933848206e+00 +1.933848206e+00 -1.086615179e+01 -1.086615179e+01 -2.5891e+00 +2.4560e+00 -1.7309e+00 -4.1482e-01 +4.4921e-01
3238 +1.414909653e+00 +1.414909653e+00 -1.138509035e+01 -1.138509035e+01 -2.5022e+00 +2.4774e+00 -1.7066e+00 -3.9295e-01 +3.5138e-01
3890 +9.505311905e-01 +9.505311905e-01 -1.184946881e+01 -1.184946881e+01 -2.3165e+00 +2.3905e+00 -1.7095e+00 -3.1011e-01 +4.1882e-01
4262 +5.329950680e-01 +5.329950680e-01 -1.226700493e+01 -1.226700493e+01 -2.2043e+00 +2.3027e+00 -1.6559e+00 -2.0934e-01 +3.3710e-01
4286 +3.713103024e-01 +3.713103024e-01 -1.242868970e+01 -1.242868970e+01 -2.0982e+00 +2.2562e+00 -1.6697e+00 -1.7921e-01 +3.7034e-01
4864 +2.209327404e-01 +2.209327404e-01 -1.257906726e+01 -1.257906726e+01 -1.9893e+00 +2.2910e+00 -1.7731e+00 -5.6279e-02 +3.0960e-01
5004 +1.089215909e-01 +1.089215909e-01 -1.269107841e+01 -1.269107841e+01 -1.8797e+00 +2.2417e+00 -1.8200e+00 -3.8456e-02 +3.7315e-01
5396 +7.417108914e-02 +7.417108914e-02 -1.272582891e+01 -1.272582891e+01 -1.8684e+00 +2.2379e+00 -1.8815e+00 +7.2352e-02 +3.6487e-01
5403 +4.838779505e-02 +4.838779505e-02 -1.275161220e+01 -1.275161220e+01 -1.8681e+00 +2.2101e+00 -1.9198e+00 +1.1114e-01 +3.6344e-01
5669 +3.259720914e-02 +3.259720914e-02 -1.276740279e+01 -1.276740279e+01 -1.8626e+00 +2.1663e+00 -1.8803e+00 +6.3457e-02 +3.8735e-01
% function evaluation | noise-free fitness - Fopt (-1.061000000000e+01) | best noise-free fitness - Fopt | measured fitness | best measured fitness | x1 | x2...
1 +1.148123637e+02 +1.148123637e+02 +1.042023637e+02 +1.042023637e+02 -2.6818e+00 -1.9355e+00 +2.7576e+00 +2.2265e+00 +1.5281e+00
3 +6.071087366e+01 +6.071087366e+01 +5.010087366e+01 +5.010087366e+01 +3.8052e+00 +2.4301e+00 -1.2207e+00 +3.2512e+00 +2.9734e-01
41 +3.881183602e+01 +3.881183602e+01 +2.820183602e+01 +2.820183602e+01 +2.9061e+00 +3.4381e-01 -2.4340e+00 +1.9867e+00 +9.5158e-01
989 +2.493434187e+01 +2.493434187e+01 +1.432434187e+01 +1.432434187e+01 +2.9595e+00 +4.0094e-02 -2.3763e+00 +2.2727e+00 +1.4687e+00
2323 +1.510270286e+01 +1.510270286e+01 +4.492702862e+00 +4.492702862e+00 +2.0957e+00 -3.7870e-02 -1.1014e+00 +3.2753e+00 +2.2397e+00
3567 +9.983870745e+00 +9.983870745e+00 -6.261292550e-01 -6.261292550e-01 +2.4483e+00 -4.2774e-01 -1.2134e+00 +3.5157e+00 +2.5356e+00
4551 +6.053878951e+00 +6.053878951e+00 -4.556121049e+00 -4.556121049e+00 +2.5902e+00 -8.2027e-01 -1.2540e+00 +3.7947e+00 +2.7207e+00
5088 +3.809503238e+00 +3.809503238e+00 -6.800496762e+00 -6.800496762e+00 +2.6160e+00 -1.0604e+00 -1.2045e+00 +3.8505e+00 +3.0158e+00
5722 +2.474785863e+00 +2.474785863e+00 -8.135214137e+00 -8.135214137e+00 +2.6963e+00 -1.3963e+00 -1.1683e+00 +3.8000e+00 +3.1406e+00
6718 +1.560605165e+00 +1.560605165e+00 -9.049394835e+00 -9.049394835e+00 +2.6303e+00 -1.5959e+00 -1.0267e+00 +3.7036e+00 +3.2828e+00
7112 +9.831883748e-01 +9.831883748e-01 -9.626811625e+00 -9.626811625e+00 +2.5096e+00 -1.8516e+00 -1.0184e+00 +3.5487e+00 +3.4333e+00
% function evaluation | noise-free fitness - Fopt (-1.844000000000e+02) | best noise-free fitness - Fopt | measured fitness | best measured fitness | x1 | x2...
1 +1.918449208e+05 +1.918449208e+05 +1.916605208e+05 +1.916605208e+05 -6.8734e-01 -1.6321e+00 -3.0827e+00 +1.3655e+00 +4.5287e-01
4 +6.311068723e+04 +6.311068723e+04 +6.292628723e+04 +6.292628723e+04 -2.6325e+00 -1.8762e+00 -5.5230e-01 +1.4592e-01 +1.2112e+00
16 +5.440499413e+04 +5.440499413e+04 +5.422059413e+04 +5.422059413e+04 -1.7110e+00 -2.1888e+00 +2.4647e+00 +1.4960e+00 +1.9377e+00
61 +3.259840920e+04 +3.259840920e+04 +3.241400920e+04 +3.241400920e+04 -7.1395e-01 -3.9649e+00 +6.5064e-01 +3.8206e-01 +1.9159e+00
219 +1.610647771e+04 +1.610647771e+04 +1.592207771e+04 +1.592207771e+04 -2.3885e+00 -3.2657e+00 -5.7539e-02 -7.4447e-01 +2.6251e+00
337 +1.580918749e+04 +1.580918749e+04 +1.562478749e+04 +1.562478749e+04 -2.4117e+00 -3.2727e+00 -1.2750e-01 -7.5444e-01 +2.5409e+00
340 +9.576163984e+03 +9.576163984e+03 +9.391763984e+03 +9.391763984e+03 -2.9896e+00 -3.2531e+00 -1.1375e-01 -1.2256e+00 +2.8997e+00
603 +5.757337736e+03 +5.757337736e+03 +5.572937736e+03 +5.572937736e+03 -3.1332e+00 -3.3663e+00 +4.8698e-03 -1.1453e+00 +2.7889e+00
855 +3.707275917e+03 +3.707275917e+03 +3.522875917e+03 +3.522875917e+03 -3.2582e+00 -3.3905e+00 +9.9146e-02 -1.1137e+00 +2.8686e+00
1113 +2.108617188e+03 +2.108617188e+03 +1.924217188e+03 +1.924217188e+03 -3.3767e+00 -3.3196e+00 +5.0351e-02 -1.0689e+00 +2.5644e+00
1248 +1.128979203e+03 +1.128979203e+03 +9.445792034e+02 +9.445792034e+02 -3.4880e+00 -3.3120e+00 +2.1462e-01 -1.0683e+00 +2.6337e+00
1262 +9.700826408e+02 +9.700826408e+02 +7.856826408e+02 +7.856826408e+02 -3.4606e+00 -3.3409e+00 +2.0272e-01 -9.4688e-01 +2.5036e+00
1588 +5.844010320e+02 +5.844010320e+02 +4.000010320e+02 +4.000010320e+02 -3.5022e+00 -3.3532e+00 +2.9332e-01 -8.9502e-01 +2.5628e+00
1715 +2.382278096e+02 +2.382278096e+02 +5.382780961e+01 +5.382780961e+01 -3.5868e+00 -3.4408e+00 +3.3719e-01 -8.5835e-01 +2.5415e+00
1845 +1.455705790e+02 +1.455705790e+02 -3.882942096e+01 -3.882942096e+01 -3.5511e+00 -3.3964e+00 +3.8777e-01 -7.6205e-01 +2.5449e+00
1857 +4.514139112e+01 +4.514139112e+01 -1.392586089e+02 -1.392586089e+02 -3.6852e+00 -3.3505e+00 +4.3082e-01 -8.7808e-01 +2.5312e+00
2492 +3.896214904e+01 +3.896214904e+01 -1.454378510e+02 -1.454378510e+02 -3.8225e+00 -3.5744e+00 +7.8562e-01 -8.8767e-01 +2.5052e+00
3485 +2.505643564e+01 +2.505643564e+01 -1.593435644e+02 -1.593435644e+02 -3.8037e+00 -3.6526e+00 +1.0868e+00 -1.2467e+00 +2.2037e+00
4734 +1.509649202e+01 +1.509649202e+01 -1.693035080e+02 -1.693035080e+02 -3.8440e+00 -3.8398e+00 +1.4412e+00 -1.6307e+00 +1.8150e+00
5642 +9.935214063e+00 +9.935214063e+00 -1.744647859e+02 -1.744647859e+02 -3.8279e+00 -3.8802e+00 +1.9116e+00 -1.8084e+00 +1.4938e+00
6510 +5.641617265e+00 +5.641617265e+00 -1.787583827e+02 -1.787583827e+02 -3.5467e+00 -3.9780e+00 +2.1305e+00 -2.0545e+00 +1.1921e+00
7153 +3.928573159e+00 +3.928573159e+00 -1.804714268e+02 -1.804714268e+02 -3.3855e+00 -4.0005e+00 +2.3389e+00 -2.0746e+00 +1.0568e+00
% function evaluation | noise-free fitness - Fopt (-5.188000000000e+01) | best noise-free fitness - Fopt | measured fitness | best measured fitness | x1 | x2...
1 +3.481975140e+04 +3.481975140e+04 +3.476787140e+04 +3.476787140e+04 +2.4202e+00 -2.3012e+00 -3.0368e+00 -1.8991e+00 -3.2852e+00
12 +1.023893576e+04 +1.023893576e+04 +1.018705576e+04 +1.018705576e+04 +2.9936e+00 -1.6614e+00 -2.1616e+00 +3.4564e+00 -3.1176e+00
23 +7.364761805e+03 +7.364761805e+03 +7.312881805e+03 +7.312881805e+03 +2.9149e+00 -1.5796e+00 -2.2483e+00 +3.5251e+00 -3.0188e+00
52 +4.951563842e+01 +4.951563842e+01 -2.364361578e+00 -2.364361578e+00 +7.0981e-01 +9.6422e-01 -1.4478e+00 +3.0380e+00 -1.3507e+00
511 +1.352656615e+01 +1.352656615e+01 -3.835343385e+01 -3.835343385e+01 +2.7501e+00 -2.6325e+00 -2.1045e+00 +3.1082e+00 +1.0794e+00
1886 +9.188501890e+00 +9.188501890e+00 -4.269149811e+01 -4.269149811e+01 +2.1130e+00 -2.4293e+00 -1.6470e+00 +3.1947e+00 +1.5153e+00
2671 +6.098489784e+00 +6.098489784e+00 -4.578151022e+01 -4.578151022e+01 +2.0120e+00 -2.3182e+00 -1.2925e+00 +3.1140e+00 +1.9145e+00
3538 +3.794734940e+00 +3.794734940e+00 -4.808526506e+01 -4.808526506e+01 +1.9090e+00 -2.2853e+00 -1.0610e+00 +2.9545e+00 +2.2401e+00
4179 +2.481286910e+00 +2.481286910e+00 -4.939871309e+01 -4.939871309e+01 +1.8043e+00 -2.3971e+00 -9.7894e-01 +2.8471e+00 +2.5461e+00
4911 +1.446215639e+00 +1.446215639e+00 -5.043378436e+01 -5.043378436e+01 +1.7691e+00 -2.4640e+00 -7.1128e-01 +2.7136e+00 +2.7348e+00
5437 +7.421886945e-01 +7.421886945e-01 -5.113781131e+01 -5.113781131e+01 +1.6178e+00 -2.3700e+00 -7.2205e-01 +2.7107e+00 +3.0095e+00
5559 +5.434424549e-01 +5.434424549e-01 -5.133655755e+01 -5.133655755e+01 +1.5643e+00 -2.3281e+00 -6.3459e-01 +2.7181e+00 +3.0973e+00
5816 +2.499035808e-01 +2.499035808e-01 -5.163009642e+01 -5.163009642e+01 +1.5298e+00 -2.3795e+00 -5.5366e-01 +2.6659e+00 +3.2593e+00
6548 +1.517298983e-01 +1.517298983e-01 -5.172827010e+01 -5.172827010e+01 +1.4635e+00 -2.3327e+00 -4.3974e-01 +2.6816e+00 +3.3508e+00
6687 +9.495233314e-02 +9.495233314e-02 -5.178504767e+01 -5.178504767e+01 +1.2921e+00 -2.3450e+00 -4.4552e-01 +2.6236e+00 +3.3620e+00
% function evaluation | noise-free fitness - Fopt (6.980000000000e+01) | best noise-free fitness - Fopt | measured fitness | best measured fitness | x1 | x2...
1 +5.608907340e+05 +5.608907340e+05 +5.609605340e+05 +5.609605340e+05 +1.9481e+00 +3.1248e+00 -1.0457e-01 -1.8656e+00 -2.0118e+00
2 +2.299341227e+05 +2.299341227e+05 +2.300039227e+05 +2.300039227e+05 +3.4528e+00 +3.2546e+00 +3.4769e+00 +3.7113e+00 -2.3290e+00
4 +1.217556402e+05 +1.217556402e+05 +1.218254402e+05 +1.218254402e+05 +4.5008e-01 -2.3473e+00 -1.4707e+00 -2.4799e+00 -1.6171e+00
8 +1.916445766e+04 +1.916445766e+04 +1.923425766e+04 +1.923425766e+04 +1.4284e+00 -3.2497e+00 -1.2275e-01 -7.4820e-01 -2.3051e+00
17 +6.617086169e+01 +6.617086169e+01 +1.359708617e+02 +1.359708617e+02 +1.1977e+00 -2.5285e+00 +1.5977e-01 +1.4186e+00 -3.2042e+00
156 +6.277860709e+01 +6.277860709e+01 +1.325786071e+02 +1.325786071e+02 +1.1260e+00 -2.3827e+00 +2.8973e-01 +1.3874e+00 -3.1634e+00
1854 +3.971283368e+01 +3.971283368e+01 +1.095128337e+02 +1.095128337e+02 -3.7584e+00 -2.6793e+00 +3.5292e+00 +2.4357e+00 -3.6053e+00
2761 +2.452854929e+01 +2.452854929e+01 +9.432854929e+01 +9.432854929e+01 -3.4057e+00 -2.4392e+00 +3.3333e+00 +1.9574e+00 -3.6017e+00
3763 +1.518431143e+01 +1.518431143e+01 +8.498431143e+01 +8.498431143e+01 -3.0243e+00 -2.1789e+00 +3.3085e+00 +1.4719e+00 -3.6484e+00
5132 +9.221648276e+00 +9.221648276e+00 +7.902164828e+01 +7.902164828e+01 -2.7012e+00 -1.9067e+00 +3.1644e+00 +1.0693e+00 -3.4408e+00
5686 +6.268036747e+00 +6.268036747e+00 +7.606803675e+01 +7.606803675e+01 -7.6449e-01 -2.2448e+00 +3.3444e+00 -3.5897e-01 -3.7025e+00
6391 +3.404246664e+00 +3.404246664e+00 +7.320424666e+01 +7.320424666e+01 -2.5599e+00 -1.6021e+00 +3.3753e+00 +5.4916e-01 -3.1290e+00
6769 +2.365990894e+00 +2.365990894e+00 +7.216599089e+01 +7.216599089e+01 -2.5743e+00 -1.5701e+00 +3.4921e+00 +3.7316e-01 -3.0934e+00
7024 +1.386551604e+00 +1.386551604e+00 +7.118655160e+01 +7.118655160e+01 -2.3154e+00 -1.5210e+00 +3.5312e+00 +2.3045e-01 -3.1757e+00
% function evaluation | noise-free fitness - Fopt (1.105400000000e+02) | best noise-free fitness - Fopt | measured fitness | best measured fitness | x1 | x2...
1 +2.312181657e+05 +2.312181657e+05 +2.313287057e+05 +2.313287057e+05 -2.9914e-01 +3.0722e+00 +8.4421e-01 -3.2954e-01 +6.0570e-02
2 +6.759784968e+04 +6.759784968e+04 +6.770838968e+04 +6.770838968e+04 -9.4338e-01 +2.8456e-01 +6.3800e-01 +3.9230e+00 +2.9372e+00
3 +3.061518198e+04 +3.061518198e+04 +3.072572198e+04 +3.072572198e+04 +9.8403e-01 +1.7719e+00 +3.0103e+00 +1.3731e+00 -1.1406e+00
40 +1.678904601e+04 +1.678904601e+04 +1.689958601e+04 +1.689958601e+04 +1.1052e+00 +3.2982e-01 +3.0150e+00 +1.7248e+00 -1.4977e+00
78 +7.630436695e+03 +7.630436695e+03 +7.740976695e+03 +7.740976695e+03 -1.4531e+00 -1.0088e-01 +1.3264e+00 +2.8382e+00 -2.0579e+00
108 +3.036350533e+03 +3.036350533e+03 +3.146890533e+03 +3.146890533e+03 +1.3746e+00 +1.2156e+00 +1.7053e+00 +3.8179e+00 -1.5764e-02
118 +1.067980458e+03 +1.067980458e+03 +1.178520458e+03 +1.178520458e+03 +1.2791e+00 +1.1534e+00 +1.7974e+00 +3.9137e+00 -1.0954e-01
250 +7.266774465e+02 +7.266774465e+02 +8.372174465e+02 +8.372174465e+02 +1.2250e+00 +1.1239e+00 +1.8896e+00 +3.8335e+00 -4.7879e-02
252 +3.146068161e+02 +3.146068161e+02 +4.251468161e+02 +4.251468161e+02 +1.1936e+00 +1.1220e+00 +1.8674e+00 +3.9821e+00 -1.3029e-01
381 +2.361353513e+01 +2.361353513e+01 +1.341535351e+02 +1.341535351e+02 +1.2226e+00 +1.0827e+00 +1.9477e+00 +4.0673e+00 -2.2103e-01
1157 +1.564355715e+01 +1.564355715e+01 +1.261835571e+02 +1.261835571e+02 +8.7322e-01 +8.5955e-01 +1.9666e+00 +3.7901e+00 -1.9413e-01
1584 +2.390703711e+00 +2.390703711e+00 +1.129307037e+02 +1.129307037e+02 -1.0268e+00 +1.4090e-01 +1.4543e+00 +3.3748e+00 -1.4738e+00
1845 +1.458087528e+00 +1.458087528e+00 +1.119980875e+02 +1.119980875e+02 -9.1102e-01 +7.3272e-03 +1.1089e+00 +3.2090e+00 -1.3579e+00
2239 +9.936056681e-01 +9.936056681e-01 +1.115336057e+02 +1.115336057e+02 -9.1001e-01 -9.7856e-02 +1.1158e+00 +3.1293e+00 -1.1337e+00
2505 +6.146406327e-01 +6.146406327e-01 +1.111546406e+02 +1.111546406e+02 -7.6000e-01 -2.1067e-01 +1.2661e+00 +2.9816e+00 -1.0754e+00
3234 +2.597575698e-01 +2.597575698e-01 +1.107997576e+02 +1.107997576e+02 -7.1794e-01 -4.5846e-01 +1.3127e+00 +2.8807e+00 -1.0169e+00
3483 +1.519952162e-01 +1.519952162e-01 +1.106919952e+02 +1.106919952e+02 -7.3983e-01 -5.3891e-01 +1.2247e+00 +2.8006e+00 -1.0673e+00
3742 +9.824161230e-02 +9.824161230e-02 +1.106382416e+02 +1.106382416e+02 -6.1289e-01 -6.2109e-01 +1.2230e+00 +2.7739e+00 -1.0024e+00
4861 +4.118342479e-02 +4.118342479e-02 +1.105811834e+02 +1.105811834e+02 -6.3474e-01 -6.7451e-01 +1.2201e+00 +2.7124e+00 -1.0063e+00
6381 +3.387029296e-02 +3.387029296e-02 +1.105738703e+02 +1.105738703e+02 -5.8654e-01 -7.3988e-01 +1.2098e+00 +2.7066e+00 -9.6114e-01
% function evaluation | noise-free fitness - Fopt (6.121000000000e+02) | best noise-free fitness - Fopt | measured fitness | best measured fitness | x1 | x2...
1 +3.004694789e+05 +3.004694789e+05 +3.010815789e+05 +3.010815789e+05 +5.2565e-01 +1.2768e+00 -8.9744e-03 +6.0135e-02 -5.6449e-01
4 +2.001825811e+05 +2.001825811e+05 +2.007946811e+05 +2.007946811e+05 +2.1935e+00 +2.7115e+00 +2.9615e+00 -8.7655e-01 +2.5564e-01
7 +1.201733605e+05 +1.201733605e+05 +1.207854605e+05 +1.207854605e+05 +4.8784e-01 -2.9371e+00 +2.4158e-02 +3.6860e+00 +2.5118e+00
10 +5.990048123e+04 +5.990048123e+04 +6.051258123e+04 +6.051258123e+04 +9.3884e-01 +1.4804e+00 +1.4175e+00 +1.3165e+00 +3.0087e+00
20 +3.446298047e+04 +3.446298047e+04 +3.507508047e+04 +3.507508047e+04 +1.7189e+00 +4.1223e-02 +1.9237e+00 -2.3144e+00 +3.3660e+00
44 +1.892175762e+04 +1.892175762e+04 +1.953385762e+04 +1.953385762e+04 -1.7199e+00 +3.1405e+00 +1.8124e+00 +1.4295e+00 +2.3883e+00
49 +2.403557929e+03 +2.403557929e+03 +3.015657929e+03 +3.015657929e+03 -9.4876e-01 +2.1737e+00 +1.9205e+00 +4.5130e-01 +3.8763e+00
89 +1.122140105e+03 +1.122140105e+03 +1.734240105e+03 +1.734240105e+03 -2.9477e+00 +3.5126e+00 +1.5978e+00 +7.0889e-01 +2.7843e+00
210 +8.107617527e+02 +8.107617527e+02 +1.422861753e+03 +1.422861753e+03 -1.0496e+00 +2.1590e+00 +2.0260e+00 +4.1163e-01 +4.0193e+00
222 +1.520004908e+02 +1.520004908e+02 +7.641004908e+02 +7.641004908e+02 -2.4331e+00 +2.3474e+00 +1.6845e+00 +5.3095e-01 +3.0049e+00
332 +7.925407207e+01 +7.925407207e+01 +6.913540721e+02 +6.913540721e+02 -2.4326e+00 +2.3709e+00 +1.7682e+00 +6.0017e-01 +3.0476e+00
461 +6.211454719e+01 +6.211454719e+01 +6.742145472e+02 +6.742145472e+02 -2.7452e+00 +2.7192e+00 +1.7692e+00 +4.9957e-01 +2.8663e+00
470 +2.695956108e+01 +2.695956108e+01 +6.390595611e+02 +6.390595611e+02 -2.5319e+00 +2.4251e+00 +1.7852e+00 +5.6294e-01 +3.0889e+00
603 +2.482450606e+01 +2.482450606e+01 +6.369245061e+02 +6.369245061e+02 -2.4738e+00 +2.2036e+00 +1.7807e+00 +4.8132e-01 +3.0125e+00
1972 +1.584441258e+01 +1.584441258e+01 +6.279444126e+02 +6.279444126e+02 -2.5957e+00 +1.8858e+00 +2.1462e+00 -9.5622e-02 +2.6484e+00
3231 +9.461709002e+00 +9.461709002e+00 +6.215617090e+02 +6.215617090e+02 -2.5688e+00 +1.6913e+00 +2.5282e+00 -4.8523e-01 +2.2041e+00
3886 +6.233950326e+00 +6.233950326e+00 +6.183339503e+02 +6.183339503e+02 -2.6352e+00 +1.5595e+00 +2.7966e+00 -6.3083e-01 +1.8793e+00
4607 +3.951488629e+00 +3.951488629e+00 +6.160514886e+02 +6.160514886e+02 -2.7278e+00 +1.2173e+00 +2.9235e+00 -8.2025e-01 +1.7236e+00
5123 +2.468720876e+00 +2.468720876e+00 +6.145687209e+02 +6.145687209e+02 -2.6748e+00 +1.2232e+00 +3.0461e+00 -1.0494e+00 +1.5756e+00
5395 +1.392171020e+00 +1.392171020e+00 +6.134921710e+02 +6.134921710e+02 -2.6111e+00 +1.0812e+00 +3.3591e+00 -1.1634e+00 +1.4606e+00
5784 +7.351503811e-01 +7.351503811e-01 +6.128351504e+02 +6.128351504e+02 -2.4863e+00 +9.2123e-01 +3.2196e+00 -1.3096e+00 +1.3870e+00
6242 +5.032847205e-01 +5.032847205e-01 +6.126032847e+02 +6.126032847e+02 -2.5104e+00 +9.7101e-01 +3.1802e+00 -1.4468e+00 +1.3562e+00
6506 +3.954569556e-01 +3.954569556e-01 +6.124954570e+02 +6.124954570e+02 -2.5369e+00 +9.5875e-01 +3.2718e+00 -1.4619e+00 +1.3267e+00
6788 +2.251442650e-01 +2.251442650e-01 +6.123251443e+02 +6.123251443e+02 -2.3556e+00 +8.0209e-01 +3.2391e+00 -1.6348e+00 +1.3787e+00
6914 +1.136486203e-01 +1.136486203e-01 +6.122136486e+02 +6.122136486e+02 -2.4014e+00 +7.5771e-01 +3.3219e+00 -1.6627e+00 +1.3215e+00
7304 +8.136873163e-02 +8.136873163e-02 +6.121813687e+02 +6.121813687e+02 -2.4719e+00 +7.8665e-01 +3.3178e+00 -1.7425e+00 +1.3283e+00
% function evaluation | noise-free fitness - Fopt (-4.657200000000e+02) | best noise-free fitness - Fopt | measured fitness | best measured fitness | x1 | x2...
1 +3.378584892e+04 +3.378584892e+04 +3.332012892e+04 +3.332012892e+04 -3.1759e+00 +2.3915e+00 -3.4776e-01 +1.6016e+00 +1.0150e+00
5 +1.742252389e+04 +1.742252389e+04 +1.695680389e+04 +1.695680389e+04 -8.0352e-01 +1.0624e+00 -6.3472e-01 -2.1785e-01 +2.9395e+00
57 +7.274573277e+03 +7.274573277e+03 +6.808853277e+03 +6.808853277e+03 -3.6909e+00 -1.0674e+00 -2.3653e+00 +9.1916e-01 +2.3523e+00
71 +5.971097747e+01 +5.971097747e+01 -4.060090225e+02 -4.060090225e+02 -2.7654e+00 -1.0750e+00 -1.1625e+00 -1.7406e+00 +3.7298e+00
205 +2.365930929e+01 +2.365930929e+01 -4.420606907e+02 -4.420606907e+02 -2.5674e+00 +1.3994e+00 -1.3883e+00 +4.2017e-01 +3.6620e+00
332 +1.574721164e+01 +1.574721164e+01 -4.499727884e+02 -4.499727884e+02 -2.8224e+00 +6.6902e-01 -1.3330e+00 +1.1213e+00 +3.6896e+00
1842 +9.453276639e+00 +9.453276639e+00 -4.562667234e+02 -4.562667234e+02 -2.2635e+00 +1.1272e+00 -8.4913e-01 +1.8304e+00 +3.4953e+00
2650 +6.264496264e+00 +6.264496264e+00 -4.594555037e+02 -4.594555037e+02 -2.1591e+00 +1.2892e+00 -3.7834e-01 +2.0782e+00 +3.2182e+00
3614 +3.976353507e+00 +3.976353507e+00 -4.617436465e+02 -4.617436465e+02 -2.0659e+00 +1.2743e+00 +4.9873e-02 +2.2532e+00 +3.3418e+00
4147 +2.477929417e+00 +2.477929417e+00 -4.632420706e+02 -4.632420706e+02 -1.9322e+00 +1.2509e+00 +4.0119e-01 +2.1897e+00 +2.9554e+00
4736 +1.546808308e+00 +1.546808308e+00 -4.641731917e+02 -4.641731917e+02 -1.9107e+00 +1.2348e+00 +5.8062e-01 +2.2929e+00 +2.9247e+00
5127 +9.794740405e-01 +9.794740405e-01 -4.647405260e+02 -4.647405260e+02 -1.8568e+00 +1.1507e+00 +7.8241e-01 +2.3888e+00 +2.9279e+00
5520 +3.847221199e-01 +3.847221199e-01 -4.653352779e+02 -4.653352779e+02 -1.7607e+00 +1.0979e+00 +1.0755e+00 +2.4299e+00 +2.8358e+00
6121 +2.284926917e-01 +2.284926917e-01 -4.654915073e+02 -4.654915073e+02 -1.7380e+00 +9.7218e-01 +1.1648e+00 +2.4005e+00 +2.7362e+00
6373 +8.094170593e-02 +8.094170593e-02 -4.656390583e+02 -4.656390583e+02 -1.8018e+00 +1.0379e+00 +1.2567e+00 +2.4810e+00 +2.6783e+00
6515 +4.821751872e-02 +4.821751872e-02 -4.656717825e+02 -4.656717825e+02 -1.8037e+00 +1.0154e+00 +1.3114e+00 +2.4820e+00 +2.6505e+00
% function evaluation | noise-free fitness - Fopt (1.306000000000e+01) | best noise-free fitness - Fopt | measured fitness | best measured fitness | x1 | x2...
1 +2.414128611e+04 +2.414128611e+04 +2.415434611e+04 +2.415434611e+04 +1.3327e+00 +5.9189e-01 +3.0627e+00 -4.7882e-01 -3.6524e+00
17 +3.700211768e+03 +3.700211768e+03 +3.713271768e+03 +3.713271768e+03 -1.0631e-01 +3.0867e+00 -3.1010e+00 -1.6912e+00 -3.3274e+00
23 +1.185464814e+03 +1.185464814e+03 +1.198524814e+03 +1.198524814e+03 -2.3256e+00 +2.9778e+00 -3.1488e+00 -7.3910e-01 -2.1558e+00
64 +6.638513801e+01 +6.638513801e+01 +7.944513801e+01 +7.944513801e+01 +2.9413e+00 -2.2156e+00 -3.2888e+00 -3.8264e+00 -3.7068e+00
99 +5.837376526e+01 +5.837376526e+01 +7.143376526e+01 +7.143376526e+01 +2.2289e+00 -1.2184e+00 -3.2722e+00 -2.8985e+00 -3.7426e+00
1159 +4.587756594e+00 +4.587756594e+00 +1.764775659e+01 +1.764775659e+01 +1.8880e+00 -1.6699e+00 +2.0250e-01 -2.8854e+00 -2.9032e-01
1892 +3.905106548e+00 +3.905106548e+00 +1.696510655e+01 +1.696510655e+01 +1.6099e+00 -1.6870e+00 +1.6324e-01 -2.6787e+00 -2.2608e-01
2797 +2.361035904e+00 +2.361035904e+00 +1.542103590e+01 +1.542103590e+01 +1.4982e+00 -1.9096e+00 +1.1012e-01 -2.8182e+00 +2.4233e-01
3396 +1.543742850e+00 +1.543742850e+00 +1.460374285e+01 +1.460374285e+01 +1.5203e+00 -1.9108e+00 +1.5440e-01 -2.8903e+00 +4.7715e-01
4180 +9.180181078e-01 +9.180181078e-01 +1.397801811e+01 +1.397801811e+01 +1.5434e+00 -2.0775e+00 +1.8796e-01 -3.0755e+00 +7.6096e-01
4786 +6.120003311e-01 +6.120003311e-01 +1.367200033e+01 +1.367200033e+01 +1.7416e+00 -2.1797e+00 +9.6007e-02 -3.1513e+00 +9.2631e-01
5170 +3.358931798e-01 +3.358931798e-01 +1.339589318e+01 +1.339589318e+01 +1.7156e+00 -2.1737e+00 +1.7132e-01 -3.3343e+00 +1.1718e+00
5299 +2.225062234e-01 +2.225062234e-01 +1.328250622e+01 +1.328250622e+01 +1.7105e+00 -2.1860e+00 +2.4269e-01 -3.2959e+00 +1.2078e+00
5428 +1.491610636e-01 +1.491610636e-01 +1.320916106e+01 +1.320916106e+01 +1.7790e+00 -2.1056e+00 +2.3612e-01 -3.2751e+00 +1.2996e+00
6550 +9.828748320e-02 +9.828748320e-02 +1.315828748e+01 +1.315828748e+01 +1.7861e+00 -2.1390e+00 +2.2154e-01 -3.2686e+00 +1.3547e+00
% function evaluation | noise-free fitness - Fopt (2.655000000000e+01) | best noise-free fitness - Fopt | measured fitness | best measured fitness | x1 | x2...
1 +2.278616504e+05 +2.278616504e+05 +2.278882004e+05 +2.278882004e+05 +1.5815e+00 -3.2987e+00 -1.0379e+00 -1.5039e+00 +3.6715e+00
2 +6.965927188e+03 +6.965927188e+03 +6.992477188e+03 +6.992477188e+03 +2.2071e+00 -3.6078e+00 -9.7572e-02 -3.7329e+00 -2.3670e-01
15 +8.131421552e+01 +8.131421552e+01 +1.078642155e+02 +1.078642155e+02 -6.1683e-01 +2.5636e+00 +2.2273e+00 -1.4983e+00 -7.1682e-01
74 +6.106949155e+01 +6.106949155e+01 +8.761949155e+01 +8.761949155e+01 -4.8803e-01 +3.8725e-01 +2.9465e+00 -2.8834e+00 -1.9610e+00
1245 +3.899158735e+01 +3.899158735e+01 +6.554158735e+01 +6.554158735e+01 -3.8397e-01 -2.3215e-01 +3.2614e+00 -2.3440e+00 -1.6094e+00
2239 +2.463777047e+01 +2.463777047e+01 +5.118777047e+01 +5.118777047e+01 -1.9608e-01 -3.5018e-01 +3.2601e+00 -1.8482e+00 -1.1605e+00
3748 +1.562127536e+01 +1.562127536e+01 +4.217127536e+01 +4.217127536e+01 +2.5271e-01 -7.8992e-01 +3.3921e+00 -1.5256e+00 -8.0188e-01
5523 +9.658199008e+00 +9.658199008e+00 +3.620819901e+01 +3.620819901e+01 +8.1244e-01 -1.0346e+00 +2.9687e+00 -1.2923e+00 -2.0007e-01
6659 +6.233713799e+00 +6.233713799e+00 +3.278371380e+01 +3.278371380e+01 +1.3240e+00 -1.3069e+00 +2.6102e+00 -1.1872e+00 -1.0070e-01
