% function evaluation | noise-free fitness - Fopt (-2.098800000000e+02) | best noise-free fitness - Fopt | measured fitness | best measured fitness | x1 | x2...
1 +2.209130518e+07 +2.209130518e+07 +2.209109530e+07 +2.209109530e+07 +1.1837e-01 +3.7653e+00 -2.4647e+00 +2.1699e+00 +1.7179e+00 +1.3411e+00 -9.6173e-01 -3.3007e+00 -7.0600e-01 -2.3430e+00 +3.8597e+00 -2.7872e+00 -3.3964e+00 -2.3483e+00 +8.2757e-01 +3.1565e+00 -1.1068e+00 +3.2373e+00 +9.7792e-01 -1.7059e+00
2 +1.333498011e+07 +1.333498011e+07 +1.333477023e+07 +1.333477023e+07 -2.7544e+00 -2.9222e-01 +3.7040e+00 +3.5729e+00 +7.0184e-01 +8.2377e-01 -1.1743e+00 +1.4665e+00 -3.0808e+00 +1.3786e+00 -2.9735e+00 +2.9996e+00 -1.8690e+00 +3.0541e+00 +2.5543e+00 -2.3696e+00 -3.3733e+00 +3.4811e+00 +2.6256e+00 +1.2103e+00
5 +9.904869968e+06 +9.904869968e+06 +9.904660088e+06 +9.904660088e+06 -1.2983e+00 -1.0584e+00 +1.5844e+00 +3.7488e-01 +2.5329e+00 -2.2582e+00 +1.8362e+00 -9.3227e-01 +2.1190e+00 -1.5879e+00 +6.2731e-01 +2.0615e+00 +3.5399e+00 -3.6984e+00 +5.5309e-01 -5.2575e-02 +1.0423e+00 -1.5624e+00 -1.0505e+00 +8.5446e-01
12 +4.243551742e+06 +4.243551742e+06 +4.243341862e+06 +4.243341862e+06 -8.4268e-01 +2.7234e+00 -2.7220e+00 -3.2148e+00 +1.7607e+00 +2.8779e+00 -1.9242e+00 -3.5564e+00 -3.8922e+00 +1.1893e+00 -9.3288e-03 +7.2443e-02 -1.4615e+00 +2.9831e+00 +3.1871e+00 +1.0062e+00 -9.3168e-01 +2.7511e+00 -3.8130e+00 +1.4169e+00
65 +2.876442041e+06 +2.876442041e+06 +2.876232161e+06 +2.876232161e+06 -3.9171e+00 +8.4535e-01 +2.6907e+00 -1.7406e+00 -3.6495e+00 +1.2941e+00 +1.4457e+00 +4.7344e-01 +2.7901e+00 -3.1517e+00 +2.7161e+00 -4.5484e-01 -2.8838e+00 +3.2497e+00 +1.5916e+00 -2.5240e+00 -1.2638e+00 +1.9627e+00 -6.3944e-01 +2.1998e+00
94 +2.504744174e+06 +2.504744174e+06 +2.504534294e+06 +2.504534294e+06 -3.2802e+00 +1.3411e+00 +2.4560e+00 -1.2643e+00 +2.0919e+00 +2.2438e+00 -3.0493e-01 +4.5891e-01 +3.0021e+00 -1.6798e-01 +2.6861e+00 -3.5592e+00 -1.3412e+00 -7.2488e-01 +3.2455e+00 -8.1332e-01 -1.0803e+00 +1.4091e+00 -2.2480e+00 +2.0399e+00
985 +1.538691823e+06 +1.538691823e+06 +1.538481943e+06 +1.538481943e+06 -3.3365e+00 +6.3833e-01 +2.6190e+00 -1.6077e+00 +1.8280e+00 +2.1003e+00 +4.6633e-01 +6.6556e-01 +2.7881e+00 +4.2348e-03 +2.5198e+00 -1.1642e+00 -1.5022e+00 +2.6831e+00 +2.1246e+00 -1.8981e+00 -1.3956e+00 +2.0001e+00 -2.0291e+00 +1.9641e+00
2627 +9.728112394e+05 +9.728112394e+05 +9.726013594e+05 +9.726013594e+05 -3.4250e+00 +9.5291e-01 +2.8239e+00 -1.5405e+00 +1.9796e+00 +2.1196e+00 +5.4437e-01 +5.8032e-01 +3.2901e+00 -4.6278e-01 +2.5693e+00 -9.8720e-01 -1.4279e+00 +2.3599e+00 +1.7149e+00 -2.2579e+00 -1.8942e+00 +2.7173e+00 -2.4050e+00 +1.9352e+00
4861 +6.218060455e+05 +6.218060455e+05 +6.215961655e+05 +6.215961655e+05 -3.3432e+00 +8.8079e-01 +2.3245e+00 -1.8496e+00 +1.9055e+00 +2.3475e+00 +5.2515e-01 +6.1057e-01 +2.8980e+00 -4.7369e-01 +2.7087e+00 -8.3410e-01 -8.8969e-01 +1.9841e+00 +1.2169e+00 -2.6852e+00 -2.5790e+00 +3.0468e+00 -2.3370e+00 +1.8727e+00
6896 +3.946102535e+05 +3.946102535e+05 +3.944003735e+05 +3.944003735e+05 -3.6185e+00 +1.2238e+00 +2.0375e+00 -2.3121e+00 +2.2266e+00 +1.8976e+00 +4.3809e-01 +4.2665e-01 +2.9612e+00 -3.6964e-01 +2.6570e+00 -7.5764e-01 -5.8674e-01 +1.4526e+00 +4.1779e-01 -2.9496e+00 -2.9987e+00 +3.0277e+00 -2.3080e+00 +1.8721e+00
9136 +2.501211472e+05 +2.501211472e+05 +2.499112672e+05 +2.499112672e+05 -4.0049e+00 +8.7574e-01 +2.3560e+00 -2.4791e+00 +2.3962e+00 +2.1387e+00 +5.6652e-01 +6.1007e-01 +2.9232e+00 -2.2065e-01 +2.7745e+00 -5.7640e-01 -9.5953e-02 +7.2647e-01 -1.3357e-01 -3.8331e+00 -2.9938e+00 +3.0971e+00 -2.4225e+00 +1.9057e+00
10311 +1.574983127e+05 +1.574983127e+05 +1.572884327e+05 +1.572884327e+05 -3.9658e+00 +8.1685e-01 +2.1911e+00 -2.2950e+00 +2.4306e+00 +2.1255e+00 +4.5936e-01 +7.9433e-01 +2.6102e+00 +2.6249e-03 +2.6398e+00 -2.3391e-01 +3.0919e-01 +2.8973e-01 -6.2934e-01 -3.8201e+00 -3.0284e+00 +3.0235e+00 -2.3599e+00 +1.9190e+00
12680 +9.580660359e+04 +9.580660359e+04 +9.559672359e+04 +9.559672359e+04 -4.1194e+00 +9.1094e-01 +2.0507e+00 -2.1402e+00 +2.3935e+00 +2.4194e+00 +4.8107e-01 +4.4662e-01 +2.5681e+00 +3.3410e-01 +2.8393e+00 -2.6330e-01 +1.3267e+00 +8.6754e-02 -1.1390e+00 -3.7530e+00 -3.1124e+00 +3.0490e+00 -2.3947e+00 +1.9030e+00
14572 +5.970735161e+04 +5.970735161e+04 +5.949747161e+04 +5.949747161e+04 -4.0378e+00 +7.8178e-01 +2.0210e+00 -2.3805e+00 +2.4106e+00 +1.9748e+00 +2.6299e-01 +4.4418e-01 +2.6640e+00 +3.0495e-01 +2.8550e+00 +3.1524e-02 +1.8203e+00 -5.8585e-01 -1.4719e+00 -3.6470e+00 -3.0564e+00 +3.0118e+00 -2.4022e+00 +1.9114e+00
16227 +3.917917765e+04 +3.917917765e+04 +3.896929765e+04 +3.896929765e+04 -3.9148e+00 +7.4307e-01 +1.9386e+00 -2.4701e+00 +2.6241e+00 +1.8719e+00 +1.3300e-01 +1.8750e-01 +2.7335e+00 +7.1455e-01 +2.6371e+00 +3.7024e-01 +2.3163e+00 -1.1267e+00 -1.5252e+00 -3.6756e+00 -3.0706e+00 +3.0370e+00 -2.4234e+00 +1.9332e+00
17875 +2.489434832e+04 +2.489434832e+04 +2.468446832e+04 +2.468446832e+04 -4.0142e+00 +4.5405e-01 +1.9920e+00 -2.6764e+00 +2.5558e+00 +1.9615e+00 +2.5038e-01 +3.2477e-01 +2.5422e+00 +7.8793e-01 +2.0831e+00 +6.2228e-01 +2.9380e+00 -1.0098e+00 -1.7561e+00 -3.8751e+00 -3.0603e+00 +3.0383e+00 -2.3708e+00 +1.9610e+00
19722 +1.514684216e+04 +1.514684216e+04 +1.493696216e+04 +1.493696216e+04 -3.9963e+00 +4.8631e-01 +2.3430e+00 -2.6059e+00 +2.0606e+00 +1.8991e+00 +2.9618e-01 +4.1959e-01 +2.4567e+00 +7.9894e-01 +1.9253e+00 +8.5069e-01 +3.2048e+00 -1.2415e+00 -1.4441e+00 -3.6901e+00 -3.0148e+00 +3.0992e+00 -2.3514e+00 +1.9154e+00
23383 +9.481767895e+03 +9.481767895e+03 +9.271887895e+03 +9.271887895e+03 -3.8383e+00 +1.3608e-01 +2.4799e+00 -2.6794e+00 +2.3072e+00 +1.9096e+00 +7.3928e-02 +8.0521e-03 +2.3405e+00 +1.0931e+00 +1.6912e+00 +1.1259e+00 +3.5685e+00 -1.4235e+00 -1.5237e+00 -3.7430e+00 -3.0321e+00 +3.0576e+00 -2.4119e+00 +1.9189e+00
% function evaluation | noise-free fitness - Fopt (-9.209000000000e+01) | best noise-free fitness - Fopt | measured fitness | best measured fitness | x1 | x2...
1 +5.802873641e+06 +5.802873641e+06 +5.802781551e+06 +5.802781551e+06 +1.8310e+00 -2.6592e-01 +2.6735e+00 +1.9174e+00 +2.3207e+00 -1.8418e+00 +3.8697e+00 +1.2293e+00 +9.1642e-01 +3.2791e+00 +1.5844e-01 -2.4633e+00 -1.6367e+00 +1.5256e+00 +3.2953e+00 +3.6365e+00 -2.0994e+00 -1.0548e-01 +3.4866e+00 -5.4757e-01
4 +2.678179425e+06 +2.678179425e+06 +2.678087335e+06 +2.678087335e+06 +3.0232e+00 -3.6628e+00 +8.2417e-01 +3.4315e-01 +3.7534e+00 -2.6105e-01 +3.4816e+00 +6.9061e-01 +3.4624e+00 -3.0766e+00 -2.8807e+00 +2.3158e+00 -9.7981e-01 +1.7303e+00 -1.3116e+00 +1.0872e+00 -2.8221e+00 +3.7409e+00 +1.5785e-01 -1.8300e+00
23 +2.481629293e+06 +2.481629293e+06 +2.481537203e+06 +2.481537203e+06 +3.0047e+00 -3.7554e+00 +7.4615e-01 +2.8586e-01 +3.6800e+00 -3.3305e-01 +3.3858e+00 +6.3151e-01 +3.5327e+00 -3.1317e+00 -2.9006e+00 +2.3040e+00 -9.1922e-01 +1.6346e+00 -1.3327e+00 +1.1572e+00 -2.8759e+00 +3.7531e+00 +2.4348e-01 -1.7543e+00
219 +1.520425945e+06 +1.520425945e+06 +1.520333855e+06 +1.520333855e+06 +2.7941e+00 -1.3681e+00 -2.1228e+00 +1.7917e+00 +3.8930e-01 -2.8962e+00 +1.8578e+00 -1.0091e+00 +3.0199e+00 -9.6860e-01 +2.9001e-01 +3.3029e+00 -2.6070e+00 -4.6888e-01 +4.4717e-01 +2.2526e+00 -1.3361e+00 +3.2686e+00 +1.3405e+00 -1.6085e+00
982 +9.952261828e+05 +9.952261828e+05 +9.951340928e+05 +9.951340928e+05 +2.8739e+00 -1.2874e+00 -2.0547e+00 +1.5126e+00 -2.3333e-02 -2.9860e+00 +2.1886e+00 -8.6320e-01 +3.0282e+00 -1.1185e+00 +2.2002e-01 +2.8773e+00 -2.6083e+00 +8.9458e-01 +6.6640e-01 +2.3985e+00 -2.1533e+00 +2.7538e+00 +1.5360e+00 -1.5488e+00
2624 +6.177696447e+05 +6.177696447e+05 +6.176775547e+05 +6.176775547e+05 +2.8138e+00 -1.4525e+00 -2.2230e+00 +1.6450e+00 +2.9010e-01 -3.2235e+00 +2.1425e+00 -1.0344e+00 +3.1247e+00 -9.5527e-01 +2.3840e-01 +2.5268e+00 -3.0087e+00 +1.0086e+00 +1.0535e+00 +2.1461e+00 -2.3168e+00 +3.5839e+00 +1.8012e+00 -1.3518e+00
3898 +3.877519143e+05 +3.877519143e+05 +3.876598243e+05 +3.876598243e+05 +2.4564e+00 -1.4855e+00 -2.1497e+00 +1.7859e+00 +4.0809e-01 -3.2220e+00 +1.9167e+00 -8.1644e-01 +3.1173e+00 -1.1598e+00 +3.3771e-01 +2.7007e+00 -2.9712e+00 +6.1080e-01 +1.3664e+00 +1.7181e+00 -2.9375e+00 +3.5589e+00 +1.9614e+00 -1.2713e+00
5129 +2.442226459e+05 +2.442226459e+05 +2.441305559e+05 +2.441305559e+05 +2.5091e+00 -1.6109e+00 -2.0160e+00 +1.7713e+00 +4.0706e-01 -3.0611e+00 +1.9927e+00 -1.0190e+00 +3.1502e+00 -1.1040e+00 +2.9807e-01 +2.6764e+00 -2.8732e+00 +5.4613e-01 +1.7348e+00 +1.4307e+00 -3.4425e+00 +3.6882e+00 +1.8705e+00 -1.3332e+00
6901 +1.527929199e+05 +1.527929199e+05 +1.527008299e+05 +1.527008299e+05 +2.5377e+00 -1.6853e+00 -1.8239e+00 +1.9831e+00 +6.1594e-01 -2.8493e+00 +2.1525e+00 -1.1005e+00 +2.8827e+00 -9.2616e-01 +3.3213e-01 +2.5730e+00 -2.4763e+00 +6.1402e-01 +2.2942e+00 +9.2931e-01 -3.9447e+00 +3.6732e+00 +1.8443e+00 -1.3727e+00
8297 +9.708396706e+04 +9.708396706e+04 +9.699187706e+04 +9.699187706e+04 +2.5297e+00 -1.5790e+00 -1.4263e+00 +2.0194e+00 +8.7618e-01 -2.7490e+00 +2.2375e+00 -1.0115e+00 +3.0380e+00 -9.4350e-01 +3.3682e-01 +2.2021e+00 -2.2777e+00 +7.6509e-01 +2.8863e+00 +7.8532e-01 -4.0823e+00 +3.6472e+00 +1.7610e+00 -1.3647e+00
10321 +6.307672626e+04 +6.307672626e+04 +6.298463626e+04 +6.298463626e+04 +2.5762e+00 -1.5299e+00 -1.0448e+00 +1.8522e+00 +7.5724e-01 -2.9774e+00 +2.3424e+00 -9.8936e-01 +3.1294e+00 -1.1337e+00 +5.6518e-01 +1.6432e+00 -2.4326e+00 +6.7379e-01 +3.4707e+00 +9.6852e-01 -3.8535e+00 +3.7339e+00 +1.8181e+00 -1.3745e+00
14206 +3.905343655e+04 +3.905343655e+04 +3.896134655e+04 +3.896134655e+04 +2.5697e+00 -1.5822e+00 -1.3542e+00 +1.8569e+00 +1.0182e+00 -2.7822e+00 +2.1336e+00 -1.0352e+00 +3.0432e+00 -5.8403e-01 +1.1120e+00 +6.5427e-01 -2.2242e+00 +8.4209e-01 +3.8219e+00 +8.2737e-01 -3.8963e+00 +3.6701e+00 +1.8706e+00 -1.3472e+00
17087 +2.484727204e+04 +2.484727204e+04 +2.475518204e+04 +2.475518204e+04 +2.6586e+00 -1.7361e+00 -1.6608e+00 +2.1396e+00 +9.2913e-01 -3.0713e+00 +2.5981e+00 -1.0781e+00 +2.9624e+00 -4.2624e-01 +1.2546e+00 -1.2470e-01 -2.3208e+00 +9.6203e-01 +3.9306e+00 +6.7938e-01 -3.8678e+00 +3.6627e+00 +1.8112e+00 -1.3766e+00
24234 +1.537433158e+04 +1.537433158e+04 +1.528224158e+04 +1.528224158e+04 +2.8647e+00 -1.6070e+00 -1.0766e+00 +1.9526e+00 +1.1777e+00 -2.8145e+00 +2.2209e+00 -1.0977e+00 +2.8365e+00 +7.4159e-02 +1.9055e+00 -7.0352e-01 -2.1431e+00 +7.5766e-01 +3.6424e+00 +7.3775e-01 -3.9036e+00 +3.6454e+00 +1.8198e+00 -1.3774e+00
28302 +9.551767751e+03 +9.551767751e+03 +9.459677751e+03 +9.459677751e+03 +3.1652e+00 -2.0089e+00 -5.4096e-01 +1.5782e+00 +1.1707e+00 -2.8815e+00 +2.2930e+00 -5.8138e-01 +2.9146e+00 +4.9840e-01 +2.3540e+00 -1.4154e+00 -2.0787e+00 +8.1921e-01 +3.8546e+00 +6.4846e-01 -3.8852e+00 +3.6457e+00 +1.8334e+00 -1.3575e+00
% function evaluation | noise-free fitness - Fopt (-8.789000000000e+01) | best noise-free fitness - Fopt | measured fitness | best measured fitness | x1 | x2...
1 +2.294143016e+07 +2.294143016e+07 +2.294134227e+07 +2.294134227e+07 -2.3205e+00 -1.3940e-01 -2.1556e+00 -1.1444e+00 +1.4131e+00 +2.3656e+00 +4.7242e-01 +1.1777e+00 +3.1396e+00 +9.6958e-01 +3.6983e+00 -3.6715e+00 -3.6166e+00 -3.6266e+00 -2.2662e-01 -1.7292e+00 +2.5452e+00 -2.2599e+00 -3.4942e-01 -7.8606e-01
2 +3.248798217e+06 +3.248798217e+06 +3.248710327e+06 +3.248710327e+06 +4.6174e-01 +1.6991e+00 +1.8287e+00 +6.7585e-01 -3.8529e+00 +9.6692e-01 +2.8635e+00 +1.7708e+00 +1.5917e+00 +1.0926e+00 -3.7514e+00 -2.5044e+00 -3.1845e+00 -1.2091e+00 -2.4747e+00 +2.2225e+00 -2.1754e+00 +1.0847e+00 -1.3962e+00 +2.2743e+00
63 +1.884987676e+06 +1.884987676e+06 +1.884899786e+06 +1.884899786e+06 -3.9446e+00 +2.8053e+00 -2.7176e+00 -2.4473e+00 -3.8791e+00 -3.7909e+00 +2.7348e+00 +3.6057e+00 +1.1322e+00 -1.3538e+00 +6.1848e-01 +5.3479e-01 -3.6103e+00 +1.5271e+00 +2.5212e+00 +1.3970e+00 +1.7668e+00 +3.0721e+00 -1.6074e+00 +3.3170e+00
205 +1.577022110e+06 +1.577022110e+06 +1.576934220e+06 +1.576934220e+06 -1.5857e+00 +2.3931e+00 -2.7118e+00 -2.0685e+00 -2.7100e+00 -1.3092e+00 +5.8385e-01 +2.1512e+00 +9.7021e-01 +7.6518e-01 -1.3777e+00 +2.8454e-01 -2.5528e+00 +1.2786e+00 +2.3346e-01 +7.0160e-02 +2.0973e-01 +2.9121e+00 +3.3928e-01 +2.6203e+00
344 +9.947813361e+05 +9.947813361e+05 +9.946934461e+05 +9.946934461e+05 -4.0773e+00 +1.3420e+00 -2.0208e+00 +2.3272e+00 -1.9775e+00 -2.1536e+00 +3.7343e-01 +2.3321e+00 +1.4504e+00 +1.5508e+00 -4.7424e-01 -7.8686e-01 +9.7573e-01 -1.1543e+00 +2.6904e+00 +1.1059e+00 +3.9999e-01 +2.6676e+00 -7.2109e-01 +3.0107e+00
1718 +6.140771337e+05 +6.140771337e+05 +6.139892437e+05 +6.139892437e+05 -4.4229e+00 +1.4849e+00 -1.9829e+00 +2.2196e+00 -2.0094e+00 -2.0344e+00 +3.1314e-01 +2.1861e+00 +1.4032e+00 +1.4562e+00 -2.9272e-01 -8.7536e-01 +1.3018e+00 -8.0860e-01 +2.2960e+00 +2.9786e-01 +3.0855e-01 +2.8875e+00 -7.8219e-01 +3.0148e+00
3621 +3.873047684e+05 +3.873047684e+05 +3.872168784e+05 +3.872168784e+05 -4.2436e+00 +1.2145e+00 -2.0752e+00 +2.0387e+00 -1.7865e+00 -2.2790e+00 +9.1503e-02 +2.1652e+00 +1.6305e+00 +1.8110e+00 -4.1315e-02 -6.8419e-01 +1.5829e+00 -5.4213e-01 +2.0214e+00 -2.2867e-01 -2.7349e-01 +3.3324e+00 -9.8829e-01 +3.0597e+00
4888 +2.502218202e+05 +2.502218202e+05 +2.501339302e+05 +2.501339302e+05 -4.1550e+00 +1.0756e+00 -2.4135e+00 +1.7196e+00 -1.7093e+00 -2.1885e+00 -9.5725e-02 +2.1671e+00 +1.6091e+00 +1.6201e+00 -3.7607e-01 -6.1078e-01 +1.5675e+00 -3.7809e-01 +1.6632e+00 -1.1261e+00 -2.3304e-01 +3.3391e+00 -9.1253e-01 +2.9823e+00
5663 +1.517239828e+05 +1.517239828e+05 +1.516360928e+05 +1.516360928e+05 -4.2098e+00 +1.0675e+00 -2.3580e+00 +1.9372e+00 -1.7070e+00 -2.1035e+00 -1.6102e-01 +2.3106e+00 +1.5826e+00 +1.5071e+00 -2.7894e-01 -7.3469e-01 +1.9011e+00 -2.5621e-01 +1.1802e+00 -1.3630e+00 -1.9273e-01 +3.3741e+00 -9.9326e-01 +2.9447e+00
7043 +9.946878934e+04 +9.946878934e+04 +9.938089934e+04 +9.938089934e+04 -4.0932e+00 +1.2895e+00 -2.3209e+00 +1.8428e+00 -1.5650e+00 -2.1549e+00 -1.7738e-02 +2.3578e+00 +1.5155e+00 +1.3631e+00 -1.1273e-01 -9.3685e-01 +2.0481e+00 -7.3253e-02 +7.0334e-01 -1.5916e+00 -4.0827e-01 +3.4209e+00 -9.6075e-01 +2.9829e+00
8295 +5.853719542e+04 +5.853719542e+04 +5.844930542e+04 +5.844930542e+04 -3.9436e+00 +1.4853e+00 -2.3404e+00 +1.9314e+00 -1.5001e+00 -2.3369e+00 +1.4995e-01 +2.2036e+00 +1.2114e+00 +1.3780e+00 -1.0263e-01 -1.0558e+00 +2.1195e+00 +2.3716e-01 +2.5406e-01 -1.4873e+00 -2.4239e-01 +3.3428e+00 -9.9252e-01 +3.0502e+00
9269 +3.922836489e+04 +3.922836489e+04 +3.914047489e+04 +3.914047489e+04 -3.6007e+00 +1.1209e+00 -2.5589e+00 +2.0732e+00 -1.5883e+00 -2.3824e+00 +4.8545e-01 +2.4302e+00 +1.2381e+00 +1.4428e+00 -2.8416e-01 -1.1694e+00 +2.2871e+00 +3.9827e-01 -1.2830e-01 -1.4929e+00 -4.0872e-01 +3.3589e+00 -1.0073e+00 +3.0277e+00
10647 +2.498279266e+04 +2.498279266e+04 +2.489490266e+04 +2.489490266e+04 -3.7608e+00 +1.4676e+00 -2.4027e+00 +2.3753e+00 -1.5485e+00 -2.5797e+00 +5.6685e-01 +2.0920e+00 +1.0098e+00 +1.0896e+00 -1.2328e-01 -1.2457e+00 +2.4996e+00 +7.0037e-01 -5.8270e-01 -1.6247e+00 -5.1048e-01 +3.3280e+00 -1.0094e+00 +2.9946e+00
15444 +1.556721949e+04 +1.556721949e+04 +1.547932949e+04 +1.547932949e+04 -3.9959e+00 +1.4446e+00 -2.3078e+00 +2.0358e+00 -1.5279e+00 -2.2392e+00 +5.2576e-01 +2.4452e+00 +1.2134e+00 +1.4830e+00 +1.0615e+00 -1.5399e+00 +3.0758e+00 +1.0922e+00 -7.4326e-01 -1.5403e+00 -4.2803e-01 +3.3366e+00 -9.8343e-01 +3.0395e+00
25145 +9.641304055e+03 +9.641304055e+03 +9.553414055e+03 +9.553414055e+03 -3.9839e+00 +1.7436e+00 -2.1392e+00 +2.5011e+00 -1.7015e+00 -2.9572e+00 +1.0928e+00 +2.4140e+00 +8.0305e-01 +1.5939e+00 +1.8529e+00 -1.6818e+00 +2.9987e+00 +9.4985e-01 -7.2867e-01 -1.5270e+00 -4.2482e-01 +3.3270e+00 -9.7664e-01 +3.0135e+00
% function evaluation | noise-free fitness - Fopt (3.201900000000e+02) | best noise-free fitness - Fopt | measured fitness | best measured fitness | x1 | x2...
1 +1.591381327e+07 +1.591381327e+07 +1.591413346e+07 +1.591413346e+07 -1.6038e+00 -9.5683e-01 -2.4160e+00 -5.8410e-01 -9.5703e-01 -3.1921e+00 -3.4135e-01 -7.5026e-01 +3.5534e+00 +2.9251e+00 -2.7931e+00 +2.1622e+00 -2.4566e+00 -2.6892e+00 -2.5199e-01 +3.5614e+00 +1.9727e+00 +2.1097e-01 -3.2666e+00 +7.7785e-01
2 +1.551561278e+07 +1.551561278e+07 +1.551593297e+07 +1.551593297e+07 -3.3099e-01 +3.9482e-01 +3.1746e+00 +1.0971e+00 -1.3339e+00 -3.2643e+00 -1.8228e+00 +2.9016e+00 +2.0325e+00 -9.5369e-01 -5.1931e-01 +7.8593e-02 -3.5892e+00 -2.7737e+00 -2.5909e+00 +7.8327e-01 +6.9277e-01 -6.0348e-01 +1.3578e+00 -2.2097e+00
5 +7.837835020e+06 +7.837835020e+06 +7.838155210e+06 +7.838155210e+06 +1.0782e+00 +3.9368e+00 +2.8007e+00 -2.2372e+00 +2.2944e+00 +1.1317e+00 -3.1762e+00 -6.5461e-01 -2.2805e+00 -5.6588e-01 -1.9092e+00 -3.2566e-01 -1.3574e+00 -3.1615e+00 -3.6225e+00 +1.3916e+00 -1.5768e+00 +2.8406e+00 +2.5691e-02 +1.1823e+00
11 +4.665211271e+06 +4.665211271e+06 +4.665531461e+06 +4.665531461e+06 -2.1913e-01 +1.0098e-01 -1.9608e+00 +9.1263e-02 +1.5164e+00 -2.1450e-01 +5.4451e-01 +2.4882e-01 +2.5302e+00 -1.4123e+00 -3.6930e+00 +2.4076e+00 -1.8086e+00 -4.5356e-01 +1.8789e+00 -1.2370e+00 +1.2761e+00 +1.0049e+00 +3.0373e+00 +3.1956e+00
13 +3.328716766e+06 +3.328716766e+06 +3.329036956e+06 +3.329036956e+06 -3.6254e+00 +7.4557e-01 -2.0183e+00 -2.5506e+00 +2.4461e+00 -3.6242e+00 -3.3019e+00 -1.4781e+00 -1.6919e+00 +1.8680e+00 +3.4064e+00 -2.8690e+00 +1.5925e+00 +1.0261e+00 +1.5493e+00 +1.8379e+00 +3.7279e-01 +3.4013e+00 +2.2402e+00 +1.5607e+00
21 +1.404371041e+06 +1.404371041e+06 +1.404691231e+06 +1.404691231e+06 -1.9714e+00 +6.8826e-01 -1.9120e+00 -3.4726e-01 +2.4332e+00 -4.6832e-01 -4.4663e-01 +7.0044e-02 +1.0260e+00 +1.2950e+00 +1.2749e+00 +8.0247e-01 +1.4122e+00 +9.5380e-02 +1.7227e+00 +1.5791e+00 +8.0448e-01 +1.7482e+00 +2.6677e+00 +1.7057e+00
112 +9.043700454e+05 +9.043700454e+05 +9.046902354e+05 +9.046902354e+05 -1.8778e+00 -3.2234e-01 -3.3977e+00 -3.4622e-01 +2.7337e+00 +3.6190e+00 +3.7433e+00 -3.9817e+00 +1.1475e+00 +3.6909e-01 +1.3776e+00 +3.9342e+00 -3.1942e+00 +2.4694e+00 +1.7111e+00 +1.1374e+00 +2.9179e+00 +1.0313e+00 +2.1751e+00 +8.2585e-01
644 +6.203198810e+05 +6.203198810e+05 +6.206400710e+05 +6.206400710e+05 -2.0476e+00 -5.1090e-01 -3.4319e+00 -1.9574e-01 +2.6544e+00 +3.6137e+00 +3.8091e+00 -4.1089e+00 +1.3298e+00 +2.4720e-01 +1.3631e+00 +3.9631e+00 -3.3354e+00 +2.3208e+00 +1.9203e+00 +1.3920e+00 +3.0324e+00 +9.4160e-01 +2.2213e+00 +1.0859e+00
1627 +3.972887506e+05 +3.972887506e+05 +3.976089406e+05 +3.976089406e+05 -2.0599e+00 -2.0399e-01 -3.3448e+00 -3.8642e-02 +2.6773e+00 +3.5960e+00 +3.8825e+00 -4.0046e+00 +1.1362e+00 +3.8556e-01 +1.2245e+00 +4.0504e+00 -2.8310e+00 +2.2270e+00 +1.7404e+00 +1.6894e+00 +3.0616e+00 +8.6984e-01 +2.4255e+00 +1.3505e+00
2801 +2.497697476e+05 +2.497697476e+05 +2.500899376e+05 +2.500899376e+05 -2.3988e+00 -4.4188e-02 -3.1816e+00 -5.7346e-04 +2.6779e+00 +3.5969e+00 +3.7381e+00 -3.8992e+00 +1.0538e+00 +1.2982e-01 +1.4495e+00 +3.8345e+00 -2.6440e+00 +1.5429e+00 +1.6894e+00 +2.0793e+00 +3.3997e+00 +6.7353e-01 +2.4724e+00 +1.3896e+00
3636 +1.546774655e+05 +1.546774655e+05 +1.549976555e+05 +1.549976555e+05 +7.3765e-01 +1.6946e+00 +2.0053e+00 -5.0789e-01 -2.6457e+00 -9.4600e-01 +6.9344e-02 -4.0927e-01 -1.7565e+00 +1.9390e+00 -9.9249e-01 +1.4758e+00 +7.9913e-01 -8.6492e-01 +1.2038e+00 +1.9815e+00 +2.6327e+00 +5.3088e-01 +2.5801e+00 +1.2974e+00
4021 +9.171967515e+04 +9.171967515e+04 +9.203986515e+04 +9.203986515e+04 +6.7495e-01 +1.6257e+00 +1.9002e+00 -5.8012e-01 -2.6049e+00 -1.0122e+00 +4.8304e-02 -3.5708e-01 -1.8208e+00 +1.8453e+00 -1.0936e+00 +1.4860e+00 +8.8486e-01 -6.9759e-01 +1.2352e+00 +2.1329e+00 +2.8861e+00 +5.8406e-01 +2.5424e+00 +1.3838e+00
4605 +6.191343550e+04 +6.191343550e+04 +6.223362550e+04 +6.223362550e+04 +6.1450e-01 +1.6421e+00 +1.8785e+00 -7.0618e-01 -2.4666e+00 -1.1778e+00 +5.6179e-02 -4.6496e-01 -1.8314e+00 +1.7220e+00 -9.2320e-01 +1.4803e+00 +1.0550e+00 -9.4278e-01 +1.3147e+00 +2.1079e+00 +3.0681e+00 +6.2026e-01 +2.5752e+00 +1.3341e+00
5136 +3.773197183e+04 +3.773197183e+04 +3.805216183e+04 +3.805216183e+04 +5.1979e-01 +1.7267e+00 +1.7348e+00 -6.1126e-01 -2.4022e+00 -1.0943e+00 -2.4094e-02 -3.0214e-01 -1.8199e+00 +1.6553e+00 -1.0010e+00 +1.5877e+00 +9.6820e-01 -1.0481e+00 +1.2684e+00 +2.2513e+00 +3.2665e+00 +7.4744e-01 +2.5485e+00 +1.3454e+00
5646 +2.277470231e+04 +2.277470231e+04 +2.309489231e+04 +2.309489231e+04 +6.1514e-01 +1.6307e+00 +1.8138e+00 -5.4382e-01 -2.4249e+00 -9.6738e-01 +9.0409e-02 -4.3887e-01 -1.5562e+00 +1.6673e+00 -8.0509e-01 +1.6747e+00 +1.0677e+00 -1.0241e+00 +1.5311e+00 +2.4789e+00 +3.4822e+00 +6.3715e-01 +2.5849e+00 +1.3070e+00
6267 +1.491810307e+04 +1.491810307e+04 +1.523829307e+04 +1.523829307e+04 +6.7591e-01 +1.6033e+00 +1.8666e+00 -5.6118e-01 -2.3102e+00 -8.9255e-01 +7.3289e-02 -2.6389e-01 -1.4733e+00 +1.6745e+00 -7.3695e-01 +1.6651e+00 +9.8061e-01 -1.0484e+00 +1.3481e+00 +2.6052e+00 +3.6198e+00 +6.6216e-01 +2.5895e+00 +1.3369e+00
8033 +9.581688603e+03 +9.581688603e+03 +9.901878603e+03 +9.901878603e+03 +6.6862e-01 +1.8231e+00 +1.7602e+00 -4.6529e-01 -2.5818e+00 -7.0222e-01 -8.1775e-02 -4.8187e-01 -1.5752e+00 +1.3800e+00 -7.6947e-01 +2.0419e+00 +1.2155e+00 -1.5455e+00 +1.2730e+00 +2.6043e+00 +3.5763e+00 +6.4179e-01 +2.5856e+00 +1.3615e+00
11439 +5.283611374e+03 +5.283611374e+03 +5.603801374e+03 +5.603801374e+03 +9.4745e-01 +1.6453e+00 +1.2436e+00 -2.0907e-01 -2.6343e+00 -6.6511e-01 -1.9811e-01 -9.1250e-01 -1.7414e+00 +1.2858e+00 -9.0153e-01 +2.2911e+00 +6.7535e-01 -1.6452e+00 +1.2419e+00 +2.5184e+00 +3.6159e+00 +6.5663e-01 +2.5691e+00 +1.3679e+00
25035 +3.633477898e+03 +3.633477898e+03 +3.953667898e+03 +3.953667898e+03 +1.1219e+00 +1.0119e+00 +1.4158e+00 -6.0922e-01 -2.9015e+00 -2.9717e-01 -2.1364e-01 -8.1001e-01 -2.0283e+00 +6.9207e-01 -8.5521e-01 +2.4737e+00 +6.3307e-01 -1.7772e+00 +1.1718e+00 +2.6324e+00 +3.6266e+00 +6.6695e-01 +2.5543e+00 +1.3356e+00
% function evaluation | noise-free fitness - Fopt (-1.042400000000e+02) | best noise-free fitness - Fopt | measured fitness | best measured fitness | x1 | x2...
1 +5.607943581e+06 +5.607943581e+06 +5.607839341e+06 +5.607839341e+06 -3.0824e+00 +2.2454e+00 +3.4877e+00 +3.5641e+00 -3.3862e+00 +2.9765e+00 +2.6018e+00 -2.1392e+00 +1.9921e+00 +6.5270e-01 -3.7324e+00 -3.9770e+00 -3.5931e+00 +3.7531e+00 -2.1450e+00 +2.5304e+00 +1.9020e+00 -1.3852e+00 +1.6087e+00 -3.0299e+00
20 +3.165849033e+06 +3.165849033e+06 +3.165744793e+06 +3.165744793e+06 -1.5321e+00 +1.0419e+00 -3.9231e-01 +2.6878e+00 -1.9027e+00 +1.4321e+00 -5.7140e-01 +3.5558e+00 -7.5851e-01 -3.2502e+00 -1.0738e+00 -7.9171e-02 -3.3487e+00 -2.2235e+00 +1.3672e+00 +1.0276e+00 +1.0902e+00 -3.4619e+00 +1.3998e+00 -3.2955e+00
56 +2.257436978e+06 +2.257436978e+06 +2.257332738e+06 +2.257332738e+06 +8.5161e-01 -1.4344e+00 +3.6042e+00 -2.9036e+00 -3.0606e+00 +2.4196e+00 -3.8547e+00 +2.3243e+00 -1.0616e+00 +3.3234e+00 +3.5125e+00 -3.5463e+00 -4.3753e-01 -2.5079e+00 +1.3620e+00 -3.7409e-01 +3.3475e+00 -5.3347e-01 +6.9911e-01 -3.3737e+00
597 +1.534221330e+06 +1.534221330e+06 +1.534117090e+06 +1.534117090e+06 +7.9333e-01 -1.3345e+00 +3.6964e+00 -2.8582e+00 -3.1001e+00 +2.2635e+00 -3.6757e+00 +2.4073e+00 -9.6374e-01 +3.3486e+00 +3.3013e+00 -3.7355e+00 -4.6933e-01 -2.3472e+00 +1.2237e+00 -3.5420e-01 +3.3155e+00 -9.4167e-01 +6.4373e-01 -3.6674e+00
2107 +9.823153158e+05 +9.823153158e+05 +9.822110758e+05 +9.822110758e+05 +9.8904e-01 -1.3645e+00 +3.6014e+00 -3.1209e+00 -3.1023e+00 +2.1714e+00 -3.5947e+00 +2.5244e+00 -1.1312e+00 +3.2330e+00 +3.2077e+00 -3.4462e+00 -6.4509e-01 -2.2537e+00 +1.5145e+00 -7.3543e-01 +3.2099e+00 -1.6587e+00 +6.4190e-01 -3.8496e+00
3875 +5.892939340e+05 +5.892939340e+05 +5.891896940e+05 +5.891896940e+05 +9.1196e-01 -1.5483e+00 +3.8625e+00 -3.5754e+00 -2.9094e+00 +2.3396e+00 -3.8898e+00 +2.5473e+00 -9.7972e-01 +3.5274e+00 +3.0803e+00 -3.6741e+00 -9.1386e-01 -2.1436e+00 +2.0927e+00 -1.3747e+00 +3.6697e+00 -2.3160e+00 +5.1069e-01 -3.9900e+00
5004 +3.935633350e+05 +3.935633350e+05 +3.934590950e+05 +3.934590950e+05 +1.1280e+00 -1.5063e+00 +3.9528e+00 -3.3961e+00 -2.7623e+00 +2.3100e+00 -3.8427e+00 +3.1488e+00 -1.0642e+00 +3.2714e+00 +2.9317e+00 -3.3566e+00 -8.8582e-01 -2.2635e+00 +1.9948e+00 -1.8708e+00 +3.9644e+00 -2.4866e+00 +4.8945e-01 -3.9674e+00
6648 +2.504275573e+05 +2.504275573e+05 +2.503233173e+05 +2.503233173e+05 +9.8783e-01 -2.1853e+00 +3.5244e+00 -3.4312e+00 -2.8607e+00 +1.7752e+00 -3.7498e+00 +3.0598e+00 -1.1090e+00 +3.4632e+00 +3.3106e+00 -3.3182e+00 -1.2058e+00 -2.1795e+00 +2.5384e+00 -2.6761e+00 +3.8537e+00 -2.4973e+00 +4.8558e-01 -3.9007e+00
9533 +1.580305061e+05 +1.580305061e+05 +1.579262661e+05 +1.579262661e+05 +1.3336e+00 -2.4549e+00 +3.2583e+00 -3.4122e+00 -2.6996e+00 +1.5271e+00 -3.7888e+00 +3.0886e+00 -1.1604e+00 +3.0366e+00 +2.8938e+00 -3.0250e+00 -1.2671e+00 -1.8858e+00 +3.2953e+00 -3.4978e+00 +4.0226e+00 -2.5301e+00 +4.5775e-01 -3.9162e+00
10721 +9.284569561e+04 +9.284569561e+04 +9.274145561e+04 +9.274145561e+04 -1.1308e+00 +8.4813e-01 +2.2514e-02 +2.8134e+00 -1.0408e+00 +1.3318e+00 -1.6445e+00 +4.6361e+00 -8.7650e-01 -3.4473e+00 -3.0908e-01 +4.4849e-01 -3.0789e+00 -2.1692e+00 +2.7669e+00 -2.6595e+00 +3.9949e+00 -2.5765e+00 +4.9593e-01 -3.9550e+00
11631 +5.838025951e+04 +5.838025951e+04 +5.827601951e+04 +5.827601951e+04 -1.5607e+00 +9.7978e-01 +4.7361e-02 +2.7363e+00 -1.4722e+00 +1.3217e+00 -1.9613e+00 +4.4321e+00 -7.9612e-01 -3.4228e+00 -2.0261e-01 +6.8871e-01 -3.2172e+00 -1.9619e+00 +2.9110e+00 -3.0733e+00 +3.9059e+00 -2.4609e+00 +4.8592e-01 -3.9417e+00
12763 +3.583432107e+04 +3.583432107e+04 +3.573008107e+04 +3.573008107e+04 -1.9600e+00 +1.0088e+00 +3.9479e-02 +2.8950e+00 -1.2961e+00 +1.3850e+00 -1.8508e+00 +4.3303e+00 -7.5194e-01 -3.5906e+00 -1.9439e-01 +7.2872e-01 -3.3165e+00 -1.8470e+00 +3.2685e+00 -3.2530e+00 +3.9962e+00 -2.6395e+00 +4.5960e-01 -3.9252e+00
13619 +2.442111502e+04 +2.442111502e+04 +2.431687502e+04 +2.431687502e+04 -2.0389e+00 +1.0213e+00 +5.0535e-02 +2.9908e+00 -1.3658e+00 +1.4951e+00 -1.7914e+00 +4.1436e+00 -9.0890e-01 -3.6809e+00 -2.7455e-01 +8.5093e-01 -3.1037e+00 -1.7628e+00 +3.3330e+00 -3.4514e+00 +4.0027e+00 -2.6366e+00 +5.3608e-01 -3.9309e+00
17167 +1.509590166e+04 +1.509590166e+04 +1.499166166e+04 +1.499166166e+04 -2.0621e+00 +9.2726e-01 +2.7107e-01 +2.8999e+00 -1.0254e+00 +1.5382e+00 -2.1249e+00 +4.1177e+00 -5.1717e-01 -3.5489e+00 -7.9886e-01 +1.1080e+00 -2.3633e+00 -1.5020e+00 +3.4276e+00 -3.6132e+00 +3.9847e+00 -2.5266e+00 +5.3102e-01 -3.8905e+00
19657 +9.547441275e+03 +9.547441275e+03 +9.443201275e+03 +9.443201275e+03 -2.3394e+00 +7.8550e-01 +4.5780e-01 +3.1582e+00 -1.1473e+00 +1.3532e+00 -2.5217e+00 +4.1117e+00 -1.6345e-01 -3.0097e+00 -9.4179e-01 +1.6458e+00 -2.5039e+00 -1.2626e+00 +3.4458e+00 -3.7390e+00 +3.9976e+00 -2.5663e+00 +5.2107e-01 -3.8996e+00
% function evaluation | noise-free fitness - Fopt (-1.000000000000e+03) | best noise-free fitness - Fopt | measured fitness | best measured fitness | x1 | x2...
1 +1.502003869e+07 +1.502003869e+07 +1.501903869e+07 +1.501903869e+07 +2.4472e+00 +2.7110e+00 +2.7636e+00 -6.2205e-01 -2.7506e+00 +3.0610e+00 -6.8677e-02 +1.5356e+00 -2.3372e-01 +3.6816e+00 +2.9914e+00 -7.5473e-01 -2.8932e+00 -3.1510e+00 +3.6645e+00 -6.2416e-01 +3.7782e-01 -2.4940e+00 +1.5399e+00 -2.7093e+00
4 +7.879886336e+06 +7.879886336e+06 +7.878886336e+06 +7.878886336e+06 +3.2477e+00 +4.7183e-01 +3.2808e+00 -1.3372e+00 +3.0467e+00 -1.5899e+00 +2.2370e+00 +1.9707e-01 -2.7354e+00 -3.4159e+00 -3.9754e+00 +2.3405e+00 +3.3371e-01 +7.4592e-01 -1.3422e-01 -1.3206e+00 +3.6043e+00 -1.8233e+00 +5.4066e-01 -1.5297e+00
20 +2.530815950e+06 +2.530815950e+06 +2.529815950e+06 +2.529815950e+06 -1.4759e+00 -1.8970e+00 -4.2763e-01 +2.5376e+00 +3.3820e+00 -2.7005e+00 +2.0515e+00 -1.6257e+00 -1.2425e+00 +1.5626e+00 -2.6088e+00 -2.1527e-01 -3.1689e-01 -1.6247e+00 +8.9012e-01 -6.8754e-01 +1.4475e+00 -2.7761e+00 -7.5251e-01 -1.0456e-02
26 +2.339574847e+06 +2.339574847e+06 +2.338574847e+06 +2.338574847e+06 -1.4979e+00 -1.8034e+00 -4.0406e-01 +2.4400e+00 +3.3395e+00 -2.6474e+00 +2.0610e+00 -1.5772e+00 -1.1822e+00 +1.5950e+00 -2.5852e+00 -2.1401e-01 -3.7065e-01 -1.6481e+00 +9.8070e-01 -6.1298e-01 +1.4787e+00 -2.7139e+00 -6.8605e-01 +5.1475e-02
673 +1.568880103e+06 +1.568880103e+06 +1.567880103e+06 +1.567880103e+06 -1.4943e+00 -1.8388e+00 -6.1766e-01 +2.6701e+00 +3.3578e+00 -2.8088e+00 +2.0536e+00 -1.4717e+00 -1.3222e+00 +1.2940e+00 -2.5469e+00 -2.1554e-01 -3.8134e-01 -1.6343e+00 +7.1687e-01 -4.4190e-01 +1.2464e+00 -2.8363e+00 -4.3925e-01 +3.5439e-01
1799 +9.805506369e+05 +9.805506369e+05 +9.795506369e+05 +9.795506369e+05 -1.4334e+00 -1.7677e+00 -4.9300e-01 +2.5637e+00 +3.2809e+00 -2.6024e+00 +1.9110e+00 -1.5520e+00 -9.1823e-01 +1.2519e+00 -2.5725e+00 -2.0149e-02 -5.1480e-01 -1.7541e+00 +7.1149e-01 -7.1695e-02 +1.0855e+00 -2.9308e+00 -3.2727e-02 +7.5399e-01
3174 +6.210914701e+05 +6.210914701e+05 +6.200914701e+05 +6.200914701e+05 -1.3872e+00 -1.9011e+00 -5.0975e-01 +2.5446e+00 +3.4560e+00 -2.9991e+00 +1.9133e+00 -1.4936e+00 -1.5864e+00 +1.5417e+00 -2.4665e+00 -2.1443e-01 -4.0572e-01 -1.6312e+00 +6.8245e-01 +5.4596e-01 +1.0083e+00 -3.0865e+00 +3.8815e-01 +8.1941e-01
4262 +3.913291189e+05 +3.913291189e+05 +3.903291189e+05 +3.903291189e+05 +3.2599e+00 +1.4622e+00 +2.1864e+00 +2.3096e-01 -4.1112e-01 -1.7341e-01 +3.3872e-01 -2.0253e+00 +3.0801e+00 -2.1053e+00 +2.6663e-01 +6.0368e-01 +2.9253e+00 -1.7153e+00 -2.2728e+00 +2.7596e+00 -2.6918e-01 -3.3519e+00 +4.4323e-01 +9.0218e-01
5124 +2.408114328e+05 +2.408114328e+05 +2.398114328e+05 +2.398114328e+05 +3.1656e+00 +1.5502e+00 +2.2654e+00 +3.5756e-01 -7.8065e-01 -2.3746e-01 +4.6604e-01 -2.0228e+00 +3.0185e+00 -2.0413e+00 +2.6518e-01 +6.4864e-01 +2.8325e+00 -1.5132e+00 -2.1742e+00 +2.7455e+00 +1.1580e-01 -3.2715e+00 +3.7308e-01 +8.7008e-01
6380 +1.483713362e+05 +1.483713362e+05 +1.473713362e+05 +1.473713362e+05 +3.4510e+00 +1.6301e+00 +2.4431e+00 +6.2891e-01 -2.9848e-01 +6.3700e-02 +3.4011e-01 -2.1668e+00 +2.8835e+00 -1.8232e+00 +8.4452e-02 +7.1516e-01 +2.6560e+00 -1.2938e+00 -1.7469e+00 +3.0784e+00 +4.7883e-01 -3.3743e+00 +4.1940e-01 +7.8270e-01
7769 +9.572188676e+04 +9.572188676e+04 +9.472188676e+04 +9.472188676e+04 +3.6821e+00 +1.3491e+00 +2.5420e+00 +5.0604e-01 -2.6276e-01 +7.3596e-02 +3.8276e-01 -2.0111e+00 +2.8670e+00 -1.7248e+00 +4.1524e-02 +4.7081e-01 +2.4027e+00 -8.4160e-01 -1.4604e+00 +3.1792e+00 +8.5581e-01 -3.3201e+00 +3.1973e-01 +7.8176e-01
9420 +6.286527589e+04 +6.286527589e+04 +6.186527589e+04 +6.186527589e+04 +3.9959e+00 +1.3907e+00 +2.4655e+00 +5.1277e-01 -3.0095e-01 -1.2910e-01 +4.5154e-01 -1.7865e+00 +2.6031e+00 -1.6934e+00 +7.0585e-02 +3.8172e-02 +2.7752e+00 -3.1546e-01 -1.1177e+00 +3.3479e+00 +1.0472e+00 -3.3916e+00 +3.6614e-01 +8.5620e-01
11685 +3.925016760e+04 +3.925016760e+04 +3.825016760e+04 +3.825016760e+04 +4.0679e+00 +1.2814e+00 +2.6506e+00 +2.0761e-01 -3.2732e-01 -3.1138e-01 +2.2300e-01 -1.8832e+00 +2.4261e+00 -1.0529e+00 +3.2010e-01 -1.2061e-02 +2.6114e+00 +3.0979e-01 -1.1839e+00 +3.3670e+00 +9.8761e-01 -3.3524e+00 +3.4210e-01 +8.0228e-01
15961 +2.419737317e+04 +2.419737317e+04 +2.319737317e+04 +2.319737317e+04 +4.0579e+00 +1.1658e+00 +2.4080e+00 +1.5354e-01 -4.5862e-01 -1.4401e-02 +5.6925e-01 -2.1499e+00 +2.1133e+00 -6.7909e-01 +7.8198e-01 -9.0761e-01 +2.0391e+00 +8.3053e-01 -1.0917e+00 +3.3736e+00 +8.4991e-01 -3.3544e+00 +4.4855e-01 +7.9472e-01
19059 +1.540604836e+04 +1.540604836e+04 +1.440604836e+04 +1.440604836e+04 -2.4619e+00 -2.1305e+00 +6.2042e-01 +2.4946e+00 +3.3944e+00 -2.6326e+00 +1.5945e+00 -1.7783e+00 -1.9718e+00 +1.5935e+00 -1.0978e+00 -9.0038e-01 +2.0248e+00 +5.9589e-01 -1.0135e+00 +3.4093e+00 +1.0091e+00 -3.3348e+00 +4.1368e-01 +8.2485e-01
25362 +9.937409687e+03 +9.937409687e+03 +8.937409687e+03 +8.937409687e+03 -3.1396e+00 -2.2356e+00 +3.3076e-01 +2.2285e+00 +3.3406e+00 -2.6959e+00 +1.5484e+00 -1.4249e+00 -1.9246e+00 +1.6994e+00 -5.3901e-01 -1.3706e+00 +1.8562e+00 +7.9613e-01 -1.1995e+00 +3.4439e+00 +8.9386e-01 -3.3070e+00 +3.9575e-01 +7.9109e-01
% function evaluation | noise-free fitness - Fopt (-3.629000000000e+01) | best noise-free fitness - Fopt | measured fitness | best measured fitness | x1 | x2...
1 +1.699498084e+07 +1.699498084e+07 +1.699494455e+07 +1.699494455e+07 +3.7711e+00 +1.1456e-01 +1.9693e+00 -3.0674e+00 -1.1244e+00 +3.6296e+00 -1.4882e+00 +1.7490e+00 +1.6307e+00 -3.3639e-01 -3.4173e+00 +6.1790e-03 +2.2274e+00 -2.7470e+00 -9.4931e-01 +2.2176e+00 -3.8789e+00 -4.9308e-01 -3.5987e+00 -2.2956e+00
2 +4.032724189e+06 +4.032724189e+06 +4.032687899e+06 +4.032687899e+06 -6.8330e-01 -6.7955e-01 -2.8200e+00 -1.9218e+00 -2.7832e+00 -3.0653e+00 -2.6402e+00 +3.9385e-02 -2.3138e-01 -3.6078e+00 +2.7392e+00 -1.9371e+00 +5.4285e-01 +1.6074e+00 +5.9583e-01 +3.1537e+00 +1.8470e+00 +3.7049e+00 -1.1030e+00 +1.8303e+00
20 +1.781799247e+06 +1.781799247e+06 +1.781762957e+06 +1.781762957e+06 +7.0868e-01 +1.8408e+00 -1.7962e+00 -1.9564e+00 -2.1933e-01 +1.8286e+00 +3.5968e-01 +2.6273e+00 +7.3569e-02 +1.1823e+00 +1.2778e+00 +2.4251e+00 -1.3970e+00 -3.1634e+00 -5.0468e-01 -1.7385e+00 +1.2487e+00 +2.3375e+00 -2.3899e+00 +8.1813e-01
130 +1.032926957e+06 +1.032926957e+06 +1.032890667e+06 +1.032890667e+06 +1.5827e+00 -3.2868e+00 -1.0000e+00 -5.5450e-01 -2.4708e-01 -3.9028e-01 -2.0366e+00 -1.0195e+00 +2.4253e+00 +2.1316e+00 -1.4754e+00 +2.1414e+00 -1.9802e+00 -2.7997e+00 +1.8146e+00 -1.3322e+00 +2.3198e+00 +3.1325e+00 -1.7045e+00 -1.1101e-01
252 +9.916346108e+05 +9.916346108e+05 +9.915983208e+05 +9.915983208e+05 +1.5645e+00 -3.2161e+00 -9.7454e-01 -5.0439e-01 -2.0451e-01 -4.6393e-01 -1.9483e+00 -1.0869e+00 +2.4969e+00 +2.2258e+00 -1.5057e+00 +2.1150e+00 -2.0527e+00 -2.8817e+00 +1.9104e+00 -1.3480e+00 +2.3113e+00 +3.1075e+00 -1.6534e+00 -9.1094e-02
774 +6.250151209e+05 +6.250151209e+05 +6.249788309e+05 +6.249788309e+05 +1.7075e+00 -3.3389e+00 -1.0050e+00 -3.7135e-01 -4.0870e-01 -2.4931e-01 -2.0955e+00 -1.0370e+00 +2.4399e+00 +2.1384e+00 -1.4796e+00 +2.0309e+00 -2.0413e+00 -3.0039e+00 +1.7732e+00 -1.5370e+00 +2.0685e+00 +3.3522e+00 -1.4410e+00 +2.0764e-01
2277 +3.858009589e+05 +3.858009589e+05 +3.857646689e+05 +3.857646689e+05 +1.7282e+00 -3.3697e+00 -1.0809e+00 -3.2871e-01 -4.3018e-01 -6.9311e-01 -2.3177e+00 -1.0114e+00 +2.4644e+00 +1.9898e+00 -1.4914e+00 +2.0512e+00 -1.9341e+00 -2.8641e+00 +2.1682e+00 -1.3467e+00 +1.6115e+00 +3.2880e+00 -1.3376e+00 +5.1499e-01
3537 +2.479543432e+05 +2.479543432e+05 +2.479180532e+05 +2.479180532e+05 +2.0194e+00 -3.3952e+00 -1.1394e+00 -2.7491e-01 -4.5023e-01 -7.1556e-01 -2.5299e+00 -1.2245e+00 +2.4425e+00 +1.8586e+00 -1.2943e+00 +2.1616e+00 -1.5137e+00 -2.8303e+00 +2.2294e+00 -1.2522e+00 +1.0835e+00 +3.3539e+00 -1.2448e+00 +4.3469e-01
5310 +1.575239741e+05 +1.575239741e+05 +1.574876841e+05 +1.574876841e+05 +2.0043e+00 -3.5955e+00 -1.0354e+00 -3.8307e-01 -5.2370e-01 -7.5484e-01 -2.1826e+00 -1.2740e+00 +2.5057e+00 +1.8170e+00 -1.2899e+00 +2.1306e+00 -9.9978e-01 -2.8952e+00 +2.5263e+00 -1.4578e+00 +6.6348e-01 +3.4212e+00 -1.1459e+00 +4.8499e-01
8186 +9.923812972e+04 +9.923812972e+04 +9.920183972e+04 +9.920183972e+04 +2.4407e+00 -3.5477e+00 -8.1584e-01 -3.1004e-01 -8.8891e-01 -8.5816e-01 -1.6963e+00 -1.3632e+00 +2.5074e+00 +1.6397e+00 -1.0713e+00 +1.9935e+00 -7.4906e-02 -2.9536e+00 +3.0673e+00 -1.3963e+00 +7.1546e-01 +3.3454e+00 -1.0769e+00 +5.0425e-01
9993 +6.130779139e+04 +6.130779139e+04 +6.127150139e+04 +6.127150139e+04 +7.5845e-01 +8.5543e-01 -2.2162e+00 -9.1634e-01 -1.0682e+00 +2.0346e+00 +7.5100e-01 +2.8877e+00 -3.7252e-01 +1.3796e-02 +1.6148e+00 +2.6171e+00 +7.8448e-01 -3.1528e+00 +2.9013e+00 -1.5095e+00 +5.3605e-01 +3.2626e+00 -1.1112e+00 +5.0897e-01
13751 +3.831054215e+04 +3.831054215e+04 +3.827425215e+04 +3.827425215e+04 +4.8367e-01 +5.0884e-01 -2.3060e+00 -9.3978e-01 -9.3663e-01 +1.2908e+00 +7.9501e-01 +3.2309e+00 -3.3032e-01 +3.8344e-01 +1.6514e+00 +2.1101e+00 +1.6332e+00 -3.2092e+00 +3.1719e+00 -1.7165e+00 +4.2135e-01 +3.2947e+00 -1.1176e+00 +5.1852e-01
15911 +2.491174284e+04 +2.491174284e+04 +2.487545284e+04 +2.487545284e+04 +6.9483e-01 +7.0401e-01 -2.1118e+00 -9.6073e-01 -1.0042e+00 +1.1515e+00 +3.7273e-01 +3.0640e+00 -3.8982e-01 +3.9790e-01 +1.5861e+00 +2.0267e+00 +2.1594e+00 -3.1049e+00 +3.4109e+00 -1.6850e+00 +6.1275e-01 +3.2934e+00 -1.1343e+00 +4.7288e-01
19420 +1.573745082e+04 +1.573745082e+04 +1.570116082e+04 +1.570116082e+04 +3.0599e+00 -4.2418e+00 -9.7371e-01 -6.6183e-01 -3.7186e-01 -7.6766e-01 -2.2311e+00 -1.8637e+00 +2.6035e+00 +1.7484e+00 +6.4119e-01 +6.0629e-01 +2.4658e+00 -3.2776e+00 +3.3784e+00 -1.5686e+00 +5.0192e-01 +3.3338e+00 -1.1545e+00 +4.8576e-01
29600 +9.584891673e+03 +9.584891673e+03 +9.548601673e+03 +9.548601673e+03 +2.8912e+00 -4.1090e+00 -1.0902e+00 -9.0533e-01 +2.8303e-01 -1.1030e+00 -1.0350e+00 -1.7848e+00 +1.8333e+00 +2.1601e+00 +2.1609e+00 +6.5304e-01 +2.4771e+00 -3.4307e+00 +3.5096e+00 -1.6083e+00 +5.2598e-01 +3.2860e+00 -1.1494e+00 +4.6001e-01
% function evaluation | noise-free fitness - Fopt (-4.840000000000e+01) | best noise-free fitness - Fopt | measured fitness | best measured fitness | x1 | x2...
1 +1.476659071e+07 +1.476659071e+07 +1.476654231e+07 +1.476654231e+07 -2.3110e+00 +1.4641e+00 -1.3257e+00 -1.3252e+00 +3.5535e+00 +3.7770e+00 +2.5721e+00 +3.6659e+00 +7.1483e-01 -6.9737e-01 -3.9016e+00 +7.0693e-01 +9.5962e-01 -8.5651e-01 +1.3734e+00 -6.8937e-01 +1.6689e+00 +4.2489e-01 +5.6858e-01 -2.7474e+00
3 +5.475878641e+06 +5.475878641e+06 +5.475830241e+06 +5.475830241e+06 -4.1615e-02 +1.6575e+00 +7.9842e-01 -2.5320e+00 -3.6278e+00 -1.9944e+00 +2.0192e+00 -3.7166e+00 +9.3761e-01 +2.5795e+00 +2.8847e+00 -2.6738e+00 -2.5826e+00 -1.3108e+00 -1.6383e+00 +2.1213e+00 +6.9339e-01 -3.6671e+00 -1.7413e+00 -1.5455e+00
31 +2.975775631e+06 +2.975775631e+06 +2.975727231e+06 +2.975727231e+06 -1.8198e+00 -8.7355e-01 -1.1050e+00 -2.9708e-01 -4.6883e-01 -1.2718e+00 -3.7031e+00 +1.3256e+00 -5.9517e-01 +2.5398e+00 +2.9806e+00 -9.3604e-01 -2.3340e+00 +6.5553e-01 -1.6328e+00 +1.4827e+00 +8.1911e-01 -2.8414e+00 -2.2953e+00 -8.2425e-01
92 +2.218954470e+06 +2.218954470e+06 +2.218906070e+06 +2.218906070e+06 -3.4813e+00 -2.3158e-01 -2.0844e+00 +2.0868e+00 +3.2299e+00 -8.1332e-01 -3.8017e-02 -1.0221e-01 -2.7922e+00 -9.9322e-01 +1.4737e+00 +6.8302e-01 -2.9784e+00 +6.5027e-01 -2.6380e+00 -2.4842e+00 -2.1501e+00 -1.4595e+00 -3.4232e-02 +5.3648e-01
118 +1.189560745e+06 +1.189560745e+06 +1.189512345e+06 +1.189512345e+06 +1.0636e-01 -2.8078e+00 -3.6054e+00 +1.7068e+00 -1.8352e-01 -9.5598e-01 -3.8638e-01 -5.9026e-01 +1.4528e+00 -4.7174e-01 +9.5528e-01 +1.9569e+00 -3.0779e+00 -7.2395e-01 +1.8454e+00 -1.0409e+00 -2.4833e+00 -3.2614e+00 -1.3148e+00 +4.1232e-01
506 +9.754219122e+05 +9.754219122e+05 +9.753735122e+05 +9.753735122e+05 +2.1971e-01 -2.7286e+00 -3.6262e+00 +1.7729e+00 -1.7780e-01 -1.1124e+00 -4.6220e-01 -5.6834e-01 +1.4258e+00 -4.6242e-01 +9.3894e-01 +2.1049e+00 -3.0946e+00 -6.7702e-01 +1.6219e+00 -8.7574e-01 -2.4915e+00 -3.1322e+00 -1.3451e+00 +2.6401e-01
1591 +6.217998817e+05 +6.217998817e+05 +6.217514817e+05 +6.217514817e+05 -3.5537e+00 +1.5185e-01 -1.9706e+00 +2.4028e+00 +3.7081e+00 -1.3292e+00 +2.1713e+00 +2.4545e-01 -3.0682e+00 -4.8114e-01 +1.2098e+00 +3.9278e-01 -1.9672e+00 +8.8842e-01 -2.4750e+00 -2.0587e+00 -2.5515e+00 -1.7094e+00 -1.1048e+00 +2.2066e-01
1977 +3.855981235e+05 +3.855981235e+05 +3.855497235e+05 +3.855497235e+05 -3.6125e+00 +1.7693e-01 -2.2157e+00 +2.2939e+00 +3.9844e+00 -1.2063e+00 +2.2072e+00 +5.0414e-01 -3.0327e+00 -5.5725e-01 +1.3554e+00 +3.9302e-01 -1.5692e+00 +8.9861e-01 -2.3784e+00 -1.9770e+00 -2.4449e+00 -1.8742e+00 -1.3127e+00 -9.3535e-03
2365 +2.342991153e+05 +2.342991153e+05 +2.342507153e+05 +2.342507153e+05 -3.6356e+00 +3.2252e-01 -2.2521e+00 +2.3935e+00 +3.9381e+00 -1.1708e+00 +2.0475e+00 +6.7687e-01 -3.1201e+00 -7.0903e-01 +1.4098e+00 +4.1841e-01 -1.5728e+00 +8.6257e-01 -2.4288e+00 -1.8652e+00 -2.5976e+00 -2.1243e+00 -1.4928e+00 -7.4990e-02
2756 +1.504150090e+05 +1.504150090e+05 +1.503666090e+05 +1.503666090e+05 -3.5232e+00 +3.2610e-01 -2.2416e+00 +2.2956e+00 +3.8296e+00 -1.0832e+00 +1.8710e+00 +5.8156e-01 -2.9779e+00 -5.2940e-01 +1.2873e+00 +5.3090e-01 -1.6034e+00 +9.1678e-01 -2.4643e+00 -1.6999e+00 -2.9029e+00 -2.2204e+00 -1.4724e+00 -7.5464e-02
3501 +9.498862000e+04 +9.498862000e+04 +9.494022000e+04 +9.494022000e+04 -3.5909e+00 +3.0872e-01 -2.4195e+00 +2.3046e+00 +3.7493e+00 -9.4954e-01 +2.0495e+00 +7.4306e-01 -2.9375e+00 -7.4321e-01 +1.1573e+00 +5.3824e-01 -1.4550e+00 +1.0575e+00 -2.4741e+00 -1.4913e+00 -2.9038e+00 -2.2995e+00 -1.6232e+00 -1.5341e-01
3877 +6.262939357e+04 +6.262939357e+04 +6.258099357e+04 +6.258099357e+04 -3.6655e+00 +3.2291e-01 -1.9722e+00 +2.3389e+00 +4.2319e+00 -1.1820e+00 +2.2385e+00 +8.8257e-01 -2.7741e+00 -5.7415e-01 +1.5029e+00 +2.6860e-01 -1.2424e+00 +1.0575e+00 -2.7402e+00 -1.3300e+00 -3.1036e+00 -2.3214e+00 -1.7424e+00 -5.0024e-02
4630 +3.921857538e+04 +3.921857538e+04 +3.917017538e+04 +3.917017538e+04 -3.5589e+00 +6.0807e-01 -1.8811e+00 +2.0175e+00 +4.2047e+00 -1.3127e+00 +2.0980e+00 +1.0488e+00 -2.8928e+00 -8.4773e-01 +1.5287e+00 +3.3928e-01 -1.2738e+00 +1.3892e+00 -2.6411e+00 -1.1445e+00 -3.2855e+00 -2.3048e+00 -1.6631e+00 -5.6335e-02
5258 +2.360946563e+04 +2.360946563e+04 +2.356106563e+04 +2.356106563e+04 -3.5765e+00 +7.1649e-01 -2.0539e+00 +2.0250e+00 +4.1099e+00 -1.2563e+00 +2.4140e+00 +9.7722e-01 -2.7402e+00 -6.5196e-01 +1.4703e+00 +1.7703e-01 -1.5401e+00 +1.5771e+00 -2.4506e+00 -8.5298e-01 -3.2932e+00 -2.4289e+00 -1.6999e+00 -1.0624e-01
6765 +1.517868929e+04 +1.517868929e+04 +1.513028929e+04 +1.513028929e+04 -3.5257e+00 +5.0367e-01 -2.0058e+00 +1.9307e+00 +4.2638e+00 -1.1859e+00 +2.1186e+00 +7.6041e-01 -2.7104e+00 -5.4969e-01 +1.5513e+00 +9.9711e-02 -1.5534e+00 +1.7903e+00 -2.7692e+00 -5.7879e-01 -3.2734e+00 -2.4226e+00 -1.7136e+00 -7.1488e-02
8534 +9.869030843e+03 +9.869030843e+03 +9.820630843e+03 +9.820630843e+03 -3.3078e+00 +6.3896e-01 -2.0283e+00 +2.3472e+00 +4.4273e+00 -1.4706e+00 +2.3074e+00 +7.6250e-01 -2.5734e+00 +9.4618e-02 +1.3874e+00 +5.1645e-01 -1.6005e+00 +2.0011e+00 -2.7193e+00 -5.9921e-01 -3.2959e+00 -2.5034e+00 -1.6651e+00 -6.6921e-02
17388 +6.203080820e+03 +6.203080820e+03 +6.154680820e+03 +6.154680820e+03 -2.9912e-01 -2.0339e+00 -4.7273e+00 +1.5305e+00 -5.7273e-01 -8.7095e-01 -5.7570e-01 -3.2826e-01 +5.1654e-02 -6.1833e-02 +1.0873e+00 +1.9121e+00 -2.0328e+00 +2.1540e+00 -2.7329e+00 -7.1265e-01 -3.2297e+00 -2.4455e+00 -1.6584e+00 -5.4408e-02
26959 +3.682757845e+03 +3.682757845e+03 +3.634357845e+03 +3.634357845e+03 -7.0479e-01 -1.9861e+00 -4.6552e+00 +6.8900e-01 -6.6083e-01 -8.0492e-01 -1.3679e-01 -9.6510e-01 +3.1747e-02 -7.2945e-02 +1.2072e+00 +1.4421e+00 -1.7152e+00 +2.1601e+00 -2.8172e+00 -7.1611e-01 -3.2577e+00 -2.4492e+00 -1.6447e+00 -7.7161e-02
% function evaluation | noise-free fitness - Fopt (1.000000000000e+03) | best noise-free fitness - Fopt | measured fitness | best measured fitness | x1 | x2...
1 +1.213226858e+07 +1.213226858e+07 +1.213326858e+07 +1.213326858e+07 +3.3668e+00 +8.5352e-03 +6.3813e-01 -1.0057e+00 +3.6445e+00 -2.7491e+00 -1.8974e+00 -1.2397e+00 +3.5236e-01 -1.8612e+00 +5.0499e-01 -3.0919e+00 +2.3520e+00 +1.9014e+00 +3.7068e+00 -1.3620e+00 -1.7270e+00 +2.6977e+00 +5.6075e-01 -9.7063e-01
8 +6.762495843e+06 +6.762495843e+06 +6.763495843e+06 +6.763495843e+06 +1.8294e+00 -7.3599e-01 -2.5407e+00 -7.9944e-01 -1.0130e+00 +1.9260e+00 -1.1879e+00 -1.2240e+00 -2.8340e+00 +8.9591e-01 -7.8159e-02 -1.8146e+00 +3.2923e+00 +5.7208e-02 +1.1719e+00 -3.1989e+00 +1.0856e+00 -1.6763e+00 +2.1569e+00 +2.8226e+00
9 +4.063904395e+06 +4.063904395e+06 +4.064904395e+06 +4.064904395e+06 +2.1428e+00 -3.4485e+00 -3.6455e+00 +2.5191e-01 -1.1673e+00 +8.0811e-01 -4.3123e-01 +3.8784e+00 -2.6860e+00 +2.0132e+00 +9.9795e-01 +3.4274e+00 -1.0027e+00 +1.7169e+00 +1.8795e+00 -1.4412e+00 +3.4934e+00 -6.4062e-01 -3.0575e-01 +2.1939e+00
31 +2.949951257e+06 +2.949951257e+06 +2.950951257e+06 +2.950951257e+06 +2.2055e+00 -3.6204e+00 -1.1855e+00 +2.1496e-01 -1.1826e+00 -6.1028e-01 +1.4330e+00 -1.0945e-01 -3.2887e+00 +1.1474e+00 -2.1800e+00 -2.9457e-01 -1.2904e-01 +4.7284e-01 +1.8876e+00 -2.8934e-01 +3.1209e+00 +5.5209e-01 -6.8258e-01 +1.8791e+00
109 +1.269828681e+06 +1.269828681e+06 +1.270828681e+06 +1.270828681e+06 +4.9216e-01 -3.3100e+00 +3.2705e+00 +3.5985e+00 -1.8591e+00 +3.3287e+00 +3.9127e+00 -7.3462e-01 +1.0241e-01 +9.0839e-01 +1.4648e+00 +3.2548e-01 +2.5728e+00 -2.0131e+00 -1.5569e+00 +2.0404e+00 +3.0874e+00 +1.2374e+00 +2.1431e+00 +2.5179e+00
506 +9.373122117e+05 +9.373122117e+05 +9.383122117e+05 +9.383122117e+05 +6.1546e-01 -3.2694e+00 +3.2512e+00 +3.7459e+00 -2.0099e+00 +3.2682e+00 +3.7297e+00 -7.1879e-01 +1.1625e-02 +1.0348e+00 +1.5553e+00 +2.8118e-01 +2.6287e+00 -1.9850e+00 -1.4698e+00 +2.2066e+00 +3.1158e+00 +1.0862e+00 +1.9365e+00 +2.2802e+00
1031 +6.302282857e+05 +6.302282857e+05 +6.312282857e+05 +6.312282857e+05 +5.5334e-01 -3.0039e+00 +3.3812e+00 +3.7529e+00 -2.1226e+00 +3.2680e+00 +3.8675e+00 -6.9776e-01 +1.1996e-02 +8.5009e-01 +1.5631e+00 +3.2204e-01 +2.9022e+00 -2.0006e+00 -1.5041e+00 +2.4063e+00 +3.1624e+00 +1.2743e+00 +1.9489e+00 +1.9529e+00
1768 +3.957233974e+05 +3.957233974e+05 +3.967233974e+05 +3.967233974e+05 +5.0928e-01 -2.8733e+00 +3.3134e+00 +3.7303e+00 -2.1431e+00 +3.3036e+00 +3.9222e+00 -9.5443e-01 -6.8705e-02 +8.4592e-01 +1.6194e+00 +2.3095e-01 +2.7864e+00 -1.9801e+00 -1.5934e+00 +2.4912e+00 +3.2523e+00 +1.4465e+00 +1.5959e+00 +1.8333e+00
3798 +2.460564978e+05 +2.460564978e+05 +2.470564978e+05 +2.470564978e+05 +5.7993e-01 -2.8168e+00 +3.3039e+00 +4.0242e+00 -2.1453e+00 +3.4822e+00 +3.6196e+00 -9.8891e-01 -6.0697e-02 +5.3391e-01 +1.3799e+00 +2.2103e-01 +2.5703e+00 -1.8945e+00 -7.9738e-01 +2.6008e+00 +3.3109e+00 +1.5352e+00 +1.1856e+00 +1.7179e+00
5514 +1.556722770e+05 +1.556722770e+05 +1.566722770e+05 +1.566722770e+05 -3.7627e+00 -2.7112e+00 +1.5413e+00 +5.1373e-01 +9.7269e-01 -3.1111e+00 +7.9303e-01 -2.4027e+00 -3.9621e+00 +3.3335e+00 +2.7823e+00 -2.3209e+00 -9.3959e-01 -1.1032e+00 -2.4593e-01 +3.1858e+00 +2.6334e+00 +1.3688e+00 +1.1445e+00 +1.8338e+00
6121 +9.973821040e+04 +9.973821040e+04 +1.007382104e+05 +1.007382104e+05 -3.5758e+00 -2.4904e+00 +1.5282e+00 +4.3336e-01 +7.8043e-01 -2.7619e+00 +8.7204e-01 -2.4965e+00 -3.6063e+00 +3.3577e+00 +2.6604e+00 -2.4236e+00 -7.8304e-01 -1.2874e+00 +7.1394e-02 +3.2593e+00 +2.8734e+00 +1.4781e+00 +1.1679e+00 +1.7258e+00
6919 +6.259899870e+04 +6.259899870e+04 +6.359899870e+04 +6.359899870e+04 -3.6090e+00 -2.6664e+00 +1.3018e+00 +5.4867e-01 +5.3906e-01 -2.5833e+00 +7.6259e-01 -2.7535e+00 -3.9245e+00 +3.1887e+00 +2.8501e+00 -2.4994e+00 -7.3799e-01 -1.3911e+00 +4.6285e-01 +3.2237e+00 +3.2603e+00 +1.5004e+00 +1.2569e+00 +1.7503e+00
11556 +3.859493074e+04 +3.859493074e+04 +3.959493074e+04 +3.959493074e+04 -3.9270e+00 -2.5213e+00 +1.3767e+00 +7.6036e-01 +7.6344e-01 -2.6095e+00 +9.7458e-01 -2.5275e+00 -3.2513e+00 +3.0570e+00 +2.9437e+00 -2.3959e+00 -1.3952e+00 -2.0349e+00 +5.8945e-01 +3.2464e+00 +3.4602e+00 +1.4022e+00 +1.2153e+00 +1.7597e+00
17259 +2.446849707e+04 +2.446849707e+04 +2.546849707e+04 +2.546849707e+04 +9.6578e-01 -2.4929e+00 +2.3530e+00 +4.3525e+00 -1.8901e+00 +3.8855e+00 +3.7655e+00 -8.5145e-01 -6.1576e-01 -5.6341e-01 +1.2683e+00 -1.5064e+00 -1.3232e+00 -2.2127e+00 +3.7631e-01 +3.2909e+00 +3.4415e+00 +1.4778e+00 +1.2788e+00 +1.7548e+00
22048 +1.566946170e+04 +1.566946170e+04 +1.666946170e+04 +1.666946170e+04 +1.1546e+00 -2.3363e+00 +1.8843e+00 +3.9983e+00 -1.7035e+00 +3.8744e+00 +3.9962e+00 -8.9317e-01 -8.4577e-02 -9.5391e-01 +2.0944e+00 -1.7712e+00 -1.6811e+00 -1.9886e+00 +4.5855e-01 +3.1056e+00 +3.5029e+00 +1.4389e+00 +1.2129e+00 +1.7366e+00
% function evaluation | noise-free fitness - Fopt (3.261100000000e+02) | best noise-free fitness - Fopt | measured fitness | best measured fitness | x1 | x2...
1 +2.134116793e+07 +2.134116793e+07 +2.134149404e+07 +2.134149404e+07 +3.5835e+00 -1.0880e+00 -1.7372e-01 -1.4680e+00 +1.4194e+00 +1.2955e+00 -3.0811e+00 -1.3866e+00 +4.3106e-01 +3.5411e+00 +2.1287e+00 -4.7470e-01 +3.4174e+00 -7.5275e-01 +1.5536e+00 -1.4694e+00 -9.6575e-01 +1.0601e+00 -5.4427e-01 +8.4882e-01
4 +4.841966752e+06 +4.841966752e+06 +4.842292862e+06 +4.842292862e+06 +3.0035e+00 +9.9545e-01 -3.8209e+00 -1.5903e+00 -3.1660e-01 +3.8912e+00 +1.1638e-01 -3.3502e+00 -1.7418e+00 -1.1105e+00 +4.3946e-01 -1.9208e+00 -3.9423e+00 +1.3872e+00 +2.6886e+00 -3.8739e+00 +1.8575e+00 +3.8791e+00 -2.6148e+00 -3.3311e+00
5 +3.224259755e+06 +3.224259755e+06 +3.224585865e+06 +3.224585865e+06 -8.1560e-01 +2.2688e+00 -2.0393e+00 +3.2014e+00 +1.4498e+00 +1.7393e+00 +3.1495e+00 -3.6329e+00 -1.4701e+00 -2.5280e+00 +1.5558e+00 +1.6652e+00 +2.3723e+00 +3.6819e+00 +1.6448e+00 -2.5941e+00 -9.1178e-01 +2.4304e+00 -3.9590e+00 -1.8513e+00
26 +2.446027518e+06 +2.446027518e+06 +2.446353628e+06 +2.446353628e+06 +1.3438e+00 +1.5771e+00 -2.4158e+00 +5.5757e-01 +1.3948e+00 +1.8829e+00 +2.0656e+00 -3.6571e+00 -1.6295e+00 -1.8509e+00 +4.9790e-01 -9.8913e-02 -2.2557e+00 +2.1324e+00 +1.8338e+00 -2.6859e+00 +2.1659e-01 +3.3038e+00 -3.9524e+00 -2.2197e+00
1245 +1.542141990e+06 +1.542141990e+06 +1.542468100e+06 +1.542468100e+06 -1.1181e+00 -1.3845e+00 +1.0151e-01 -1.3364e+00 +2.3671e+00 +3.2964e-01 -1.0800e+00 -1.3237e+00 -1.8036e+00 +1.2033e+00 +2.9209e+00 -2.9439e-01 -8.3426e-01 -6.7704e-01 -8.9835e-01 +2.0262e+00 -7.0061e-01 +2.8172e+00 -3.0458e+00 -3.0003e+00
1890 +9.818749509e+05 +9.818749509e+05 +9.822010609e+05 +9.822010609e+05 +1.5880e+00 -1.3004e+00 +3.8777e+00 +3.9284e+00 +1.1992e+00 +2.8158e+00 -2.7745e+00 -9.9888e-01 +3.5752e+00 +3.8439e+00 -3.3094e+00 +3.3939e-01 -8.1815e-01 +1.8304e+00 +1.2701e+00 -1.9543e+00 -2.1959e+00 +3.2144e+00 -2.8992e+00 -3.1232e+00
2675 +5.982622279e+05 +5.982622279e+05 +5.985883379e+05 +5.985883379e+05 +1.6209e+00 -1.5020e+00 +3.7028e+00 +3.6734e+00 +1.0427e+00 +2.6013e+00 -2.8795e+00 -8.0671e-01 +3.8481e+00 +3.6373e+00 -3.4522e+00 +4.2399e-01 -6.3934e-01 +1.8882e+00 +1.4474e+00 -1.8256e+00 -2.4134e+00 +3.3756e+00 -3.3718e+00 -2.9367e+00
4048 +3.779381842e+05 +3.779381842e+05 +3.782642942e+05 +3.782642942e+05 +1.4340e+00 -1.5034e+00 +3.8454e+00 +3.8250e+00 +9.7720e-01 +2.2245e+00 -2.8542e+00 -7.5330e-01 +3.9598e+00 +3.6465e+00 -3.5943e+00 +4.6660e-01 -6.5045e-01 +1.9529e+00 +1.4294e+00 -1.3033e+00 -2.5617e+00 +3.4692e+00 -3.7211e+00 -3.0158e+00
5434 +2.439525018e+05 +2.439525018e+05 +2.442786118e+05 +2.442786118e+05 +1.3749e+00 -1.4438e+00 +3.8252e+00 +4.2072e+00 +8.9592e-01 +2.3474e+00 -2.7104e+00 -4.3767e-01 +4.1101e+00 +3.9742e+00 -3.5492e+00 +3.2472e-01 -5.3969e-01 +1.8124e+00 +1.5818e+00 -8.3973e-01 -2.9294e+00 +3.7299e+00 -3.7697e+00 -2.8965e+00
6546 +1.475004459e+05 +1.475004459e+05 +1.478265559e+05 +1.478265559e+05 +1.3138e+00 -1.2460e+00 +3.9339e+00 +3.9648e+00 +1.0056e+00 +2.4749e+00 -2.8406e+00 -5.3388e-01 +3.9448e+00 +3.8648e+00 -3.5154e+00 +1.2603e-01 -5.6926e-01 +1.8188e+00 +1.8806e+00 -3.0390e-01 -2.8014e+00 +3.7394e+00 -3.6961e+00 -2.8894e+00
7067 +9.469006515e+04 +9.469006515e+04 +9.501617515e+04 +9.501617515e+04 +1.2605e+00 -9.7340e-01 +4.1329e+00 +4.1669e+00 +9.2451e-01 +2.5232e+00 -2.7843e+00 -4.1295e-01 +3.7043e+00 +3.9945e+00 -3.3862e+00 +1.9014e-01 -5.7963e-01 +1.7485e+00 +1.7849e+00 -2.2157e-02 -2.8345e+00 +3.9235e+00 -3.7971e+00 -2.9066e+00
7797 +6.168994513e+04 +6.168994513e+04 +6.201605513e+04 +6.201605513e+04 +1.3032e+00 -8.9833e-01 +3.9791e+00 +4.1455e+00 +9.3102e-01 +2.4466e+00 -2.7014e+00 -3.3452e-01 +3.9947e+00 +4.0056e+00 -3.4385e+00 -3.2602e-02 -6.7544e-01 +1.6480e+00 +1.9835e+00 +2.2280e-01 -2.7828e+00 +3.8351e+00 -3.7262e+00 -2.8901e+00
8456 +3.912017804e+04 +3.912017804e+04 +3.944628804e+04 +3.944628804e+04 +1.2417e+00 -9.1569e-01 +3.7440e+00 +4.3804e+00 +9.3105e-01 +2.4038e+00 -2.9559e+00 -4.9835e-01 +3.9874e+00 +3.9346e+00 -3.4348e+00 +2.0800e-02 -8.3229e-01 +1.4806e+00 +2.2660e+00 +5.6293e-01 -2.7732e+00 +3.7142e+00 -3.7595e+00 -2.9426e+00
9184 +2.467570246e+04 +2.467570246e+04 +2.500181246e+04 +2.500181246e+04 +1.2219e+00 -1.0746e+00 +3.6356e+00 +4.2491e+00 +8.9120e-01 +2.4088e+00 -3.0592e+00 -6.0235e-01 +4.0281e+00 +3.8800e+00 -3.4251e+00 +3.1704e-01 -7.3172e-01 +1.4771e+00 +2.4580e+00 +7.3943e-01 -2.8751e+00 +3.7743e+00 -3.7682e+00 -2.9593e+00
12339 +1.557665167e+04 +1.557665167e+04 +1.590276167e+04 +1.590276167e+04 +1.2112e+00 -1.5640e+00 +3.5901e+00 +3.9549e+00 +9.9860e-01 +2.3003e+00 -3.0292e+00 +7.8758e-02 +4.1839e+00 +3.6326e+00 -3.2694e+00 +6.1776e-01 -2.1439e-01 +1.5199e+00 +2.5244e+00 +8.6054e-01 -2.9099e+00 +3.8326e+00 -3.7509e+00 -2.9392e+00
25450 +9.296652770e+03 +9.296652770e+03 +9.622762770e+03 +9.622762770e+03 +8.6857e-01 -8.9116e-01 +3.7932e+00 +3.8428e+00 +1.0201e+00 +1.1567e+00 -2.2334e+00 -3.2018e-03 +3.4381e+00 +2.8255e+00 -3.0269e+00 +8.2391e-01 +1.0821e-01 +1.2926e+00 +2.5512e+00 +8.9939e-01 -2.8778e+00 +3.8127e+00 -3.7578e+00 -2.9256e+00
% function evaluation | noise-free fitness - Fopt (-4.682000000000e+01) | best noise-free fitness - Fopt | measured fitness | best measured fitness | x1 | x2...
1 +4.004125580e+07 +4.004125580e+07 +4.004120898e+07 +4.004120898e+07 +2.6885e+00 -6.7967e-01 +2.6414e+00 -1.0499e-01 -3.3940e+00 -1.7257e+00 -3.1649e-02 -2.2131e+00 +1.2963e+00 +3.3052e-01 -3.3450e-02 -3.7412e+00 -4.7870e-01 -3.9004e+00 +1.4078e+00 -2.9808e+00 +2.2726e-01 +3.1698e+00 +3.3411e+00 +3.2240e+00
2 +7.081596118e+06 +7.081596118e+06 +7.081549298e+06 +7.081549298e+06 +1.1027e+00 -3.1607e+00 -2.2885e-01 +8.0217e-01 +3.6316e+00 +6.8938e-01 -1.4723e-01 +2.9979e+00 +2.3713e+00 +1.0805e+00 -3.8011e+00 -3.3556e+00 -3.2925e+00 -2.4346e-01 -2.7730e+00 +3.5597e+00 -9.5752e-01 +1.8959e-01 -1.9589e+00 -2.6102e+00
18 +5.837683360e+06 +5.837683360e+06 +5.837636540e+06 +5.837636540e+06 +2.2212e+00 -1.3180e+00 +1.9539e+00 -1.9218e+00 -4.0484e-01 -2.1843e+00 -2.7950e+00 -2.7827e+00 -8.3384e-01 -3.5522e+00 -2.5274e+00 -1.8501e-01 -2.6722e+00 +2.7743e+00 -2.2991e+00 +3.5977e+00 -1.7042e+00 -3.5612e+00 +2.4284e+00 -3.1052e+00
20 +3.487045905e+06 +3.487045905e+06 +3.486999085e+06 +3.486999085e+06 +1.6600e+00 +1.7738e+00 -3.1590e+00 +2.6403e+00 +6.2701e-01 -3.4624e+00 -1.1639e+00 +2.3351e+00 +4.4129e-01 +2.6454e+00 +2.7126e+00 +2.7522e+00 -1.1759e+00 -3.1807e+00 +3.0222e+00 -3.0227e-02 -2.9223e-01 -1.9564e+00 -1.5919e+00 -1.5605e+00
29 +9.320239799e+05 +9.320239799e+05 +9.319771599e+05 +9.319771599e+05 +2.1232e+00 -4.0545e-02 -2.6982e+00 +1.7838e+00 +5.2891e-01 -2.7242e+00 -1.7149e+00 +1.5702e+00 -2.1598e-01 -1.4939e+00 +1.7884e+00 +4.9762e-01 -1.9087e+00 -1.1959e+00 +1.7898e+00 +8.1761e-01 -5.4945e-01 -2.6660e+00 +6.0366e-01 -1.8990e+00
989 +6.097342725e+05 +6.097342725e+05 +6.096874525e+05 +6.096874525e+05 +1.4984e+00 -1.7827e+00 -1.0940e+00 +2.1532e+00 -2.2342e+00 +2.9189e-01 -2.0105e+00 -5.7197e-02 -1.2059e+00 +2.8642e-02 +1.8672e+00 +5.2561e-02 +2.3716e-02 -2.2239e+00 +3.5882e+00 -1.6768e+00 +1.5374e+00 -3.4279e+00 +6.1000e-01 -1.9589e+00
2243 +3.892125098e+05 +3.892125098e+05 +3.891656898e+05 +3.891656898e+05 +1.6333e+00 -1.4795e+00 -8.9174e-01 +2.0453e+00 -2.4273e+00 +3.8661e-01 -2.0680e+00 -1.2603e-01 -1.3698e+00 -2.7763e-01 +1.9659e+00 -1.0472e-01 +2.3305e-02 -2.6931e+00 +3.1259e+00 -1.6736e+00 +1.3614e+00 -2.9884e+00 +5.8917e-01 -2.1556e+00
3433 +2.493108716e+05 +2.493108716e+05 +2.492640516e+05 +2.492640516e+05 +1.9773e+00 +1.7914e-02 -2.2909e+00 +1.6780e+00 +7.8922e-01 -3.1553e+00 -1.2353e+00 +1.4259e+00 -2.7916e-01 -1.5113e+00 +1.5956e+00 -1.0365e-01 -1.8673e+00 -1.3703e+00 +1.1582e+00 -2.0307e-02 +9.5427e-01 -2.5703e+00 +5.4862e-01 -2.1201e+00
4284 +1.576444800e+05 +1.576444800e+05 +1.575976600e+05 +1.575976600e+05 +1.5525e+00 -1.6431e+00 -9.8372e-01 +1.8311e+00 -2.5322e+00 +8.6576e-01 -2.3929e+00 -1.4731e-01 -8.6405e-01 -5.0250e-02 +2.1073e+00 -3.6758e-01 +2.3887e-01 -3.2515e+00 +1.9543e+00 -1.2553e+00 +1.4168e+00 -2.5578e+00 +5.4817e-01 -2.1398e+00
6193 +9.884886860e+04 +9.884886860e+04 +9.880204860e+04 +9.880204860e+04 +2.1025e+00 -2.8917e-01 -1.9737e+00 +1.6729e+00 +3.4014e-01 -2.8244e+00 -1.2535e+00 +1.3280e+00 -1.3247e-01 -1.6093e+00 +1.4023e+00 +2.7849e-02 -1.2908e+00 -2.0427e+00 +7.3404e-01 -8.6877e-01 +1.4760e+00 -2.5997e+00 +5.4477e-01 -2.0997e+00
8682 +6.150708770e+04 +6.150708770e+04 +6.146026770e+04 +6.146026770e+04 +2.0317e+00 -1.5063e+00 -1.6741e+00 +1.8928e+00 -2.7626e+00 +9.8483e-01 -2.2830e+00 +1.4520e-01 -5.8589e-01 -2.1216e-01 +1.8704e+00 -1.1051e+00 -2.3486e-02 -3.4922e+00 +6.5900e-01 -8.8471e-01 +1.4586e+00 -2.6019e+00 +5.6658e-01 -2.1538e+00
11559 +3.969118137e+04 +3.969118137e+04 +3.964436137e+04 +3.964436137e+04 +2.3530e+00 -1.7060e+00 -1.9996e+00 +2.3208e+00 -2.9301e+00 +7.8135e-01 -2.5992e+00 +2.5741e-01 -5.9202e-01 -5.5839e-01 +1.3430e+00 -1.6687e+00 -5.6421e-01 -3.8254e+00 +9.4839e-02 -1.0651e+00 +1.6303e+00 -2.5652e+00 +4.8862e-01 -2.1277e+00
14529 +2.422720262e+04 +2.422720262e+04 +2.418038262e+04 +2.418038262e+04 +1.9142e+00 +4.2763e-01 -1.4108e+00 +2.1401e+00 +5.0873e-01 -2.2872e+00 -1.1582e+00 +1.5908e+00 -3.2617e-01 -1.8119e+00 +2.7541e-01 -1.3776e+00 -8.3853e-01 -3.7442e+00 +8.4912e-02 -8.2680e-01 +1.6299e+00 -2.5585e+00 +5.7377e-01 -2.1493e+00
21745 +1.576511624e+04 +1.576511624e+04 +1.571829624e+04 +1.571829624e+04 +2.4172e+00 -2.2479e+00 -5.3942e-01 +1.9646e+00 -2.3239e+00 +1.2320e+00 -2.8572e+00 +7.0183e-01 +2.3870e-01 -1.3844e+00 -3.7219e-01 -2.5428e+00 -6.7662e-01 -3.7637e+00 +1.6713e-04 -8.7505e-01 +1.6046e+00 -2.5363e+00 +5.0677e-01 -2.1145e+00
23633 +9.582702300e+03 +9.582702300e+03 +9.535882300e+03 +9.535882300e+03 +2.4220e+00 -2.2820e+00 -4.3596e-01 +2.1890e+00 -2.5783e+00 +1.0907e+00 -3.0902e+00 +5.4184e-01 +4.6866e-01 -1.6935e+00 -8.3227e-01 -2.6731e+00 -6.3930e-01 -3.7797e+00 +2.6713e-01 -8.5183e-01 +1.5628e+00 -2.5249e+00 +5.4808e-01 -2.1372e+00
% function evaluation | noise-free fitness - Fopt (-5.563000000000e+01) | best noise-free fitness - Fopt | measured fitness | best measured fitness | x1 | x2...
1 +1.403637483e+07 +1.403637483e+07 +1.403631920e+07 +1.403631920e+07 +4.8232e-01 +3.2223e+00 -2.6293e+00 -1.0804e+00 -1.1731e+00 -1.6463e+00 +2.8900e+00 -1.7064e+00 +3.3726e+00 +2.1147e+00 +5.9189e-01 +2.8100e+00 -1.5217e+00 +5.4924e-01 +5.8659e-01 -3.5011e+00 +2.6097e+00 -1.6585e-01 -8.2187e-01 +3.0893e+00
4 +5.834359408e+06 +5.834359408e+06 +5.834303778e+06 +5.834303778e+06 +3.7164e+00 -2.8453e+00 +1.7551e+00 +3.5898e-02 -3.0969e-01 -3.2918e+00 -5.9855e-01 -1.7232e+00 -3.5781e+00 -3.6975e+00 -4.3991e-01 +5.9221e-01 +1.5482e-01 +3.3661e+00 -2.7633e+00 -7.0055e-01 +1.5990e+00 -6.3026e-01 +2.6006e+00 +2.6854e+00
11 +1.438124336e+06 +1.438124336e+06 +1.438068706e+06 +1.438068706e+06 +1.9623e-01 -1.2124e+00 +1.5012e+00 +2.3859e+00 -2.8223e+00 -3.9986e+00 +1.3025e+00 -4.5637e-01 +3.5606e+00 +1.2150e+00 -2.4778e+00 -2.2506e+00 -9.2875e-01 +2.0063e+00 -3.6809e+00 +3.7197e+00 +1.6286e+00 -3.8657e+00 +7.1235e-01 +7.9216e-01
282 +9.944844245e+05 +9.944844245e+05 +9.944287945e+05 +9.944287945e+05 +2.8691e-01 -1.1761e+00 +1.4206e+00 +2.5188e+00 -2.8140e+00 -3.8783e+00 +1.3445e+00 -5.6205e-01 +3.5316e+00 +1.2384e+00 -2.5177e+00 -2.2467e+00 -8.9885e-01 +1.9613e+00 -3.6054e+00 +3.9625e+00 +1.5601e+00 -3.7094e+00 +9.5262e-01 +6.7324e-01
809 +6.119759701e+05 +6.119759701e+05 +6.119203401e+05 +6.119203401e+05 +5.1102e-02 -1.0919e+00 +1.6703e+00 +2.4093e+00 -2.8393e+00 -3.9790e+00 +1.3542e+00 -1.8330e-01 +3.8977e+00 +1.0588e+00 -2.3792e+00 -2.5556e+00 -7.5463e-01 +1.9538e+00 -3.6475e+00 +3.8888e+00 +1.7882e+00 -3.5106e+00 +1.2452e+00 +6.9829e-01
1661 +3.921264059e+05 +3.921264059e+05 +3.920707759e+05 +3.920707759e+05 +8.6819e-02 -1.0520e+00 +1.5094e+00 +2.4768e+00 -2.9636e+00 -3.8746e+00 +1.6363e+00 +7.6308e-03 +3.8981e+00 +9.4045e-01 -2.7635e+00 -2.4331e+00 -6.8883e-01 +1.9632e+00 -3.4455e+00 +3.7760e+00 +1.7656e+00 -3.1754e+00 +1.6167e+00 +7.5783e-01
3056 +2.496325472e+05 +2.496325472e+05 +2.495769172e+05 +2.495769172e+05 +3.8867e-01 -9.2474e-01 +1.9326e+00 +2.7555e+00 -2.8225e+00 -3.7783e+00 +1.4637e+00 -2.0960e-01 +3.8094e+00 +9.7512e-01 -2.7774e+00 -2.1469e+00 -3.5041e-01 +1.8296e+00 -3.6608e+00 +3.2672e+00 +1.8762e+00 -2.8502e+00 +1.8423e+00 +8.1558e-01
6330 +1.550127987e+05 +1.550127987e+05 +1.549571687e+05 +1.549571687e+05 -1.6136e-01 -1.0531e+00 +2.1446e+00 +3.0177e+00 -2.5725e+00 -3.7920e+00 +1.5973e+00 -4.9536e-01 +3.7749e+00 +5.4360e-01 -3.0502e+00 -1.6552e+00 +8.7938e-01 +1.2305e+00 -3.9081e+00 +3.3415e+00 +2.2139e+00 -2.8582e+00 +1.9262e+00 +8.4065e-01
8742 +9.932321526e+04 +9.932321526e+04 +9.926758526e+04 +9.926758526e+04 -1.9591e-01 -1.0303e+00 +2.2816e+00 +3.1223e+00 -2.4676e+00 -3.9420e+00 +1.6381e+00 -2.9137e-01 +3.9450e+00 +4.3941e-01 -2.8295e+00 -7.1797e-01 +1.7153e+00 +7.1316e-01 -3.7899e+00 +3.3354e+00 +2.1975e+00 -2.8092e+00 +1.9196e+00 +7.5594e-01
12724 +6.149227838e+04 +6.149227838e+04 +6.143664838e+04 +6.143664838e+04 -3.9859e+00 +3.5363e+00 -2.8401e+00 -1.1708e-01 +1.8163e+00 -2.0535e+00 -1.4133e+00 -8.8090e-01 +1.7337e-01 -1.8196e+00 +2.4541e+00 +1.3869e+00 +1.6199e+00 +1.2119e+00 -3.9561e+00 +3.4684e+00 +2.0117e+00 -2.6969e+00 +1.9758e+00 +7.8455e-01
14622 +3.824070882e+04 +3.824070882e+04 +3.818507882e+04 +3.818507882e+04 -4.0339e+00 +3.6418e+00 -2.5994e+00 +1.6190e-02 +1.8629e+00 -1.6243e+00 -1.2408e+00 -4.0326e-01 +1.7234e-01 -2.1490e+00 +2.5706e+00 +1.7787e+00 +2.0045e+00 +7.4986e-01 -3.9044e+00 +3.3216e+00 +2.2893e+00 -2.8196e+00 +1.9227e+00 +7.6321e-01
16267 +2.371269694e+04 +2.371269694e+04 +2.365706694e+04 +2.365706694e+04 -3.9630e+00 +3.4187e+00 -1.8311e+00 +2.7132e-01 +2.1365e+00 -1.7871e+00 -1.1031e+00 -1.2162e-01 +6.7291e-02 -2.0630e+00 +2.2613e+00 +1.7309e+00 +2.4889e+00 +6.1828e-01 -3.7873e+00 +3.1417e+00 +2.1775e+00 -2.7569e+00 +1.9420e+00 +7.6540e-01
17646 +1.529681311e+04 +1.529681311e+04 +1.524118311e+04 +1.524118311e+04 -4.2342e+00 +3.6772e+00 -1.8000e+00 +2.4174e-01 +1.9011e+00 -1.8247e+00 -1.1286e+00 -4.7427e-01 -6.4584e-02 -2.2887e+00 +1.8641e+00 +1.9835e+00 +2.7710e+00 +4.2029e-01 -3.8660e+00 +3.4026e+00 +2.1521e+00 -2.8807e+00 +1.9737e+00 +8.2627e-01
20662 +9.452902403e+03 +9.452902403e+03 +9.397272403e+03 +9.397272403e+03 -3.9530e+00 +3.8206e+00 -1.3006e+00 -3.8043e-01 +1.9489e+00 -1.9960e+00 -1.5629e+00 -4.2619e-01 +1.7101e-01 -1.9647e+00 +1.6067e+00 +2.0428e+00 +3.1794e+00 +4.5797e-01 -3.8543e+00 +3.2504e+00 +2.1703e+00 -2.8198e+00 +1.9044e+00 +8.1528e-01
23559 +5.995843094e+03 +5.995843094e+03 +5.940213094e+03 +5.940213094e+03 -4.0461e+00 +3.9605e+00 -1.4246e+00 -1.8382e-01 +2.0328e+00 -1.9656e+00 -1.2110e+00 -1.7785e-01 +2.8445e-01 -2.2307e+00 +1.3663e+00 +1.9380e+00 +3.4820e+00 +1.7559e-01 -3.9034e+00 +3.2524e+00 +2.0775e+00 -2.7849e+00 +1.9408e+00 +7.9611e-01
% function evaluation | noise-free fitness - Fopt (3.460000000000e+01) | best noise-free fitness - Fopt | measured fitness | best measured fitness | x1 | x2...
1 +1.575290663e+07 +1.575290663e+07 +1.575294123e+07 +1.575294123e+07 +3.1214e+00 +3.0319e+00 -3.6632e+00 -2.5855e+00 -3.2463e+00 +1.8953e+00 +2.6603e+00 +5.8636e-01 +7.0521e-01 +3.1888e+00 +2.7656e-01 +6.0661e-02 -1.5582e+00 +1.8299e+00 +1.8502e+00 +1.3962e+00 +1.1242e+00 -1.8940e+00 +3.0888e+00 +2.4094e+00
12 +8.900966228e+06 +8.900966228e+06 +8.901000828e+06 +8.901000828e+06 +1.8924e+00 -3.9448e+00 -1.9554e+00 -3.4950e+00 +3.8212e+00 +7.8025e-01 +3.8642e+00 -8.7612e-01 +3.9163e+00 -1.7349e+00 +1.4123e+00 +1.4511e+00 -1.7495e+00 -2.4078e+00 -3.1548e+00 -4.4046e-01 -2.1752e+00 +2.7834e+00 -3.7559e+00 +1.6797e+00
13 +4.060049661e+06 +4.060049661e+06 +4.060084261e+06 +4.060084261e+06 +1.1361e+00 -3.1713e+00 -2.8201e+00 +1.1711e+00 -1.3465e+00 -1.4139e-01 +3.1907e+00 +3.7937e+00 +2.7942e+00 +1.6207e+00 +2.5049e+00 -3.6451e-01 +7.1028e-01 +2.4868e-02 +3.9087e+00 -1.6611e+00 +8.3954e-01 +2.7135e+00 -6.0234e-02 +2.3541e+00
15 +3.133203573e+06 +3.133203573e+06 +3.133238173e+06 +3.133238173e+06 -9.2573e-01 +7.7400e-01 +3.4076e+00 -1.2641e+00 -4.2927e-01 -3.4510e-01 -2.6007e-01 +3.5538e-02 -3.2224e+00 -3.4343e+00 -3.5494e+00 -3.4040e+00 +3.1713e+00 +2.6297e+00 -3.2032e+00 -8.8351e-01 +2.5730e+00 -6.4054e-01 -2.5995e+00 +3.6138e+00
33 +2.059004660e+06 +2.059004660e+06 +2.059039260e+06 +2.059039260e+06 -2.2401e+00 -1.6991e+00 +3.2848e+00 -7.8891e-01 +1.2160e+00 +7.3472e-01 -1.0997e+00 -2.2924e+00 -2.1525e+00 +3.7571e+00 -2.2530e+00 -1.6745e+00 +3.4861e+00 +1.9333e+00 -3.8253e+00 -2.4062e+00 +2.6385e+00 -4.5804e-01 -1.9133e+00 +3.5283e+00
420 +1.534581601e+06 +1.534581601e+06 +1.534616201e+06 +1.534616201e+06 -2.5851e+00 -1.5752e+00 +3.2656e+00 -7.4436e-01 +1.0005e+00 +1.2069e+00 -1.0259e+00 -2.2899e+00 +2.0078e-01 +3.4073e+00 -1.6785e+00 -1.8720e+00 +3.3375e+00 +1.9140e+00 -3.7732e+00 -2.4375e+00 +2.7984e+00 -2.0980e-01 -1.4256e+00 +3.2986e+00
1798 +9.926301028e+05 +9.926301028e+05 +9.926647028e+05 +9.926647028e+05 -2.8314e+00 -1.3107e+00 +3.2323e+00 -6.0199e-01 +1.0471e+00 +1.1920e+00 -7.1607e-01 -2.3133e+00 +1.7184e-01 +3.3495e+00 -2.0438e+00 -1.5857e+00 +3.1372e+00 +1.9468e+00 -3.3857e+00 -2.6781e+00 +3.0840e+00 +5.1608e-01 -1.3860e+00 +3.2315e+00
2575 +6.237546790e+05 +6.237546790e+05 +6.237892790e+05 +6.237892790e+05 -2.8540e+00 -1.3624e+00 +3.0329e+00 -7.3083e-01 +9.3669e-01 +9.5001e-01 -8.4556e-01 -2.3632e+00 +3.9015e-02 +3.5591e+00 -2.1301e+00 -1.5161e+00 +3.0910e+00 +2.0677e+00 -3.5293e+00 -2.8684e+00 +2.9997e+00 +1.0227e+00 -1.2874e+00 +3.0363e+00
3317 +3.890757865e+05 +3.890757865e+05 +3.891103865e+05 +3.891103865e+05 -2.8180e+00 -1.4162e+00 +3.0418e+00 -7.4512e-01 +7.3477e-01 +9.8200e-01 -8.9101e-01 -2.1140e+00 +2.4122e-01 +3.6677e+00 -2.1509e+00 -1.5464e+00 +3.1907e+00 +2.1378e+00 -3.8087e+00 -2.5133e+00 +3.1760e+00 +1.3417e+00 -1.1869e+00 +3.1714e+00
4552 +2.450791652e+05 +2.450791652e+05 +2.451137652e+05 +2.451137652e+05 -2.6896e+00 -1.4665e+00 +3.0950e+00 -7.6470e-01 +1.0504e+00 +8.2609e-01 -1.0332e+00 -2.1332e+00 -1.7458e-02 +3.6109e+00 -2.2014e+00 -1.4789e+00 +3.0153e+00 +2.4135e+00 -3.7513e+00 -2.4430e+00 +3.1639e+00 +1.9021e+00 -1.3243e+00 +3.0668e+00
7977 +1.565755292e+05 +1.565755292e+05 +1.566101292e+05 +1.566101292e+05 -2.7208e+00 -1.0985e+00 +2.9822e+00 -9.5326e-01 +8.4411e-01 +1.0349e+00 -1.2368e+00 -2.2318e+00 +9.5955e-02 +3.0717e+00 -2.4912e+00 -1.0274e+00 +2.0735e+00 +2.7530e+00 -3.7333e+00 -1.6274e+00 +3.4665e+00 +2.1680e+00 -1.4187e+00 +3.0968e+00
10901 +9.945003551e+04 +9.945003551e+04 +9.948463551e+04 +9.948463551e+04 -1.5156e-01 -1.5975e+00 -1.6608e+00 -9.4487e-01 -2.2482e+00 +1.3749e+00 +4.9231e-01 -1.4729e+00 +2.2152e-01 -1.7640e+00 +2.6191e+00 +2.2547e+00 +4.1563e-01 +2.8912e+00 -2.1022e+00 -1.4782e+00 +3.2444e+00 +2.1996e+00 -1.3537e+00 +3.0520e+00
13065 +6.056265734e+04 +6.056265734e+04 +6.059725734e+04 +6.059725734e+04 +3.5783e-01 -1.7791e+00 -1.8236e+00 -9.6687e-01 -2.4246e+00 +1.2000e+00 +5.5202e-01 -1.7342e+00 +5.2173e-02 -1.5540e+00 +2.3565e+00 +2.3417e+00 -1.2652e-01 +2.9272e+00 -2.6931e+00 -1.4832e+00 +3.3143e+00 +2.1577e+00 -1.3645e+00 +3.1322e+00
13921 +3.665445743e+04 +3.665445743e+04 +3.668905743e+04 +3.668905743e+04 +3.2414e-01 -1.7213e+00 -1.8149e+00 -1.1132e+00 -2.3487e+00 +1.4123e+00 +4.4147e-01 -1.5171e+00 -5.5256e-02 -1.3174e+00 +2.2706e+00 +2.4191e+00 -1.9638e-01 +2.9166e+00 -2.9616e+00 -1.5627e+00 +3.3537e+00 +2.1365e+00 -1.4087e+00 +3.0909e+00
15173 +2.464603704e+04 +2.464603704e+04 +2.468063704e+04 +2.468063704e+04 +6.0482e-01 -1.6218e+00 -1.9859e+00 -1.0239e+00 -2.3093e+00 +1.4792e+00 +6.5992e-01 -1.7025e+00 -3.6502e-02 -1.2480e+00 +2.1303e+00 +2.5567e+00 -4.0202e-01 +3.2299e+00 -3.3960e+00 -1.6686e+00 +3.3398e+00 +2.0750e+00 -1.3334e+00 +3.1232e+00
17090 +1.477699571e+04 +1.477699571e+04 +1.481159571e+04 +1.481159571e+04 +5.9072e-01 -1.9324e+00 -1.7787e+00 -1.0496e+00 -2.1640e+00 +1.5958e+00 +2.6654e-01 -1.8853e+00 +3.4160e-01 -1.5564e+00 +1.7912e+00 +2.8005e+00 -4.4296e-01 +2.9200e+00 -3.7811e+00 -1.6544e+00 +3.4290e+00 +2.0885e+00 -1.3857e+00 +3.1148e+00
24758 +9.805594583e+03 +9.805594583e+03 +9.840194583e+03 +9.840194583e+03 +1.0572e+00 -2.3530e+00 -1.8228e+00 -2.5359e-01 -2.6538e+00 +1.8162e+00 +4.3379e-01 -1.7680e+00 -2.1450e-01 -2.4275e+00 +1.0878e+00 +3.7202e+00 -1.1139e-01 +2.9445e+00 -3.7188e+00 -1.7149e+00 +3.4421e+00 +2.0835e+00 -1.3127e+00 +3.0961e+00
% function evaluation | noise-free fitness - Fopt (8.816000000000e+01) | best noise-free fitness - Fopt | measured fitness | best measured fitness | x1 | x2...
1 +2.566225674e+07 +2.566225674e+07 +2.566234490e+07 +2.566234490e+07 +2.0402e+00 -1.2954e+00 -1.1594e-01 -3.0040e+00 -2.1757e+00 -3.4532e+00 -6.2013e-01 -1.3740e+00 +2.5076e+00 -1.7737e+00 +7.0364e-01 +5.2138e-01 +2.6193e+00 -1.8650e+00 -3.0971e+00 -3.5607e+00 +1.8199e+00 +2.2603e+00 -3.8807e+00 -1.9669e+00
2 +6.716352150e+06 +6.716352150e+06 +6.716440310e+06 +6.716440310e+06 -7.1626e-01 +2.9310e+00 -4.0267e-01 -6.1237e-01 +2.5659e+00 +9.1998e-01 -3.4641e+00 -2.1188e+00 -3.1398e+00 +2.3656e+00 +6.0890e-01 -2.9692e+00 +2.5761e-02 -3.0441e+00 +3.5415e+00 +1.1822e+00 +2.9272e+00 -8.2676e-01 -9.6905e-01 -1.1608e+00
4 +6.138560474e+06 +6.138560474e+06 +6.138648634e+06 +6.138648634e+06 +2.0978e+00 -3.9443e+00 +6.1015e-01 -2.8092e+00 -1.4875e+00 +3.7016e+00 +3.5118e+00 +2.8656e+00 -2.1767e+00 -2.8914e+00 +5.6074e-01 -3.5749e+00 +2.0689e-01 -5.5038e-01 +2.4122e+00 +2.2369e+00 -3.7150e+00 -3.6819e+00 +2.2209e+00 +1.2255e+00
30 +3.834486350e+06 +3.834486350e+06 +3.834574510e+06 +3.834574510e+06 -1.7220e+00 +3.2064e+00 +3.3570e+00 +9.4998e-01 +3.4479e+00 -1.8718e+00 +6.0421e-01 -2.8873e+00 +3.1387e+00 -2.9106e+00 +3.1340e+00 -3.6533e+00 +1.8493e+00 -1.4481e+00 -2.8955e+00 -3.5578e+00 -4.6739e-01 -2.4882e+00 -5.4771e-01 +2.3132e-01
74 +9.240719659e+05 +9.240719659e+05 +9.241601259e+05 +9.241601259e+05 -2.0656e+00 -4.8782e-01 -3.1566e+00 +2.5622e+00 -1.5887e+00 +3.7337e+00 -5.5207e-01 +2.4619e+00 -2.0219e+00 -3.1492e+00 -9.7610e-01 +2.3102e+00 -3.1523e+00 +8.1506e-02 +8.9884e-01 -1.9482e+00 -1.7831e-01 -3.5468e+00 +3.4257e-01 -9.6364e-01
461 +5.777754188e+05 +5.777754188e+05 +5.778635788e+05 +5.778635788e+05 -2.0696e+00 -8.3667e-01 -1.9305e+00 +1.1475e+00 -2.1214e+00 +2.8010e+00 +2.0500e+00 +1.2536e+00 -7.1281e-01 -3.8024e+00 -3.8307e-01 +2.6332e+00 -2.5323e+00 +5.0527e-01 -4.1699e-01 -2.4792e-01 +6.7127e-01 -3.0413e+00 +8.2381e-01 -5.0204e-01
475 +2.925696851e+05 +2.925696851e+05 +2.926578451e+05 +2.926578451e+05 -2.0314e+00 -7.7731e-01 -2.3484e+00 +1.9450e+00 -2.1699e+00 +3.0736e+00 +1.6020e+00 +1.8605e+00 -1.5625e+00 -3.7224e+00 -5.8169e-01 +2.4983e+00 -2.7487e+00 +1.0026e-01 +6.4762e-01 -1.8390e+00 +5.7520e-02 -3.5604e+00 +8.5371e-01 -7.3898e-01
595 +2.361745802e+05 +2.361745802e+05 +2.362627402e+05 +2.362627402e+05 -2.0243e+00 -6.9501e-01 -2.3767e+00 +1.8812e+00 -2.1380e+00 +3.0449e+00 +1.5525e+00 +1.9439e+00 -1.6601e+00 -3.7623e+00 -6.7592e-01 +2.5223e+00 -2.7028e+00 +2.0015e-01 +5.7610e-01 -1.8979e+00 +1.9052e-02 -3.6517e+00 +9.5003e-01 -6.8160e-01
866 +1.492678069e+05 +1.492678069e+05 +1.493559669e+05 +1.493559669e+05 -1.9883e+00 -8.3241e-01 -2.4003e+00 +1.9096e+00 -2.1223e+00 +3.1275e+00 +1.5433e+00 +1.9235e+00 -1.3001e+00 -3.5974e+00 -4.5132e-01 +2.5227e+00 -2.7192e+00 +1.0401e-01 +7.3702e-01 -1.8070e+00 +9.7084e-02 -3.6085e+00 +1.1300e+00 -5.7744e-01
1134 +9.473324243e+04 +9.473324243e+04 +9.482140243e+04 +9.482140243e+04 -2.0639e+00 -9.2492e-01 -2.3264e+00 +1.9535e+00 -2.0791e+00 +2.9578e+00 +1.6463e+00 +2.0368e+00 -1.1455e+00 -3.7282e+00 -3.6421e-01 +2.3484e+00 -2.7321e+00 +1.2733e-01 +7.5006e-01 -1.7727e+00 +7.3185e-02 -3.7821e+00 +1.3070e+00 -6.2830e-01
1715 +5.831255007e+04 +5.831255007e+04 +5.840071007e+04 +5.840071007e+04 -1.9882e+00 -9.7847e-01 -2.2897e+00 +1.9338e+00 -2.0487e+00 +3.0594e+00 +1.5496e+00 +1.7813e+00 -1.2274e+00 -3.6759e+00 -3.7788e-01 +2.3589e+00 -2.8407e+00 +2.1278e-02 +8.3813e-01 -1.7723e+00 +2.9232e-01 -3.9238e+00 +1.4951e+00 -5.8706e-01
4745 +3.875842351e+04 +3.875842351e+04 +3.884658351e+04 +3.884658351e+04 -1.6088e+00 -1.1971e+00 -2.4043e+00 +1.6685e+00 -2.2386e+00 +3.0598e+00 +1.4496e+00 +1.4756e+00 -1.1493e+00 -3.0760e+00 -3.1712e-01 +1.8359e+00 -2.8045e+00 -2.6917e-01 +8.6675e-01 -1.5771e+00 +4.2983e-01 -4.0315e+00 +1.4555e+00 -5.5382e-01
6773 +2.371060699e+04 +2.371060699e+04 +2.379876699e+04 +2.379876699e+04 -1.7666e+00 -1.1558e+00 -2.5547e+00 +1.3452e+00 -2.3900e+00 +2.5517e+00 +1.5450e+00 +1.6572e+00 -1.0546e+00 -2.7674e+00 -1.7122e-01 +1.2551e+00 -2.4920e+00 -5.6528e-01 +8.1300e-01 -1.8068e+00 +4.8371e-01 -4.0116e+00 +1.4525e+00 -5.6264e-01
10787 +1.526138116e+04 +1.526138116e+04 +1.534954116e+04 +1.534954116e+04 -1.5906e+00 -9.1708e-01 -2.2775e+00 +6.1110e-01 -2.1867e+00 +2.6017e+00 +1.5973e+00 +1.6629e+00 -1.2220e+00 -2.0348e+00 +1.2270e-01 +5.2229e-01 -2.7582e+00 -3.4709e-01 +8.4397e-01 -1.7239e+00 +4.7490e-01 -3.9836e+00 +1.4389e+00 -5.5056e-01
17596 +9.872383887e+03 +9.872383887e+03 +9.960543887e+03 +9.960543887e+03 -1.8893e+00 -1.1106e+00 -2.3218e+00 +7.8614e-01 -2.3061e+00 +2.3720e+00 +1.9354e+00 +1.8807e+00 -1.0371e+00 -1.0319e+00 +5.3551e-01 +4.0366e-01 -2.4249e+00 -6.7500e-01 +8.5708e-01 -1.7742e+00 +5.3305e-01 -3.9649e+00 +1.4586e+00 -5.4839e-01
22012 +6.139145418e+03 +6.139145418e+03 +6.227305418e+03 +6.227305418e+03 -2.0318e+00 -1.3814e+00 -2.2105e+00 +5.5856e-01 -1.9971e+00 +1.7579e+00 +1.7279e+00 +1.5788e+00 -8.4572e-01 -5.1639e-01 +4.0686e-01 +1.2265e-01 -2.9910e+00 -4.7968e-01 +8.8156e-01 -1.8071e+00 +5.5161e-01 -3.9679e+00 +1.4320e+00 -5.5210e-01
% function evaluation | noise-free fitness - Fopt (-1.866200000000e+02) | best noise-free fitness - Fopt | measured fitness | best measured fitness | x1 | x2...
1 +1.725225455e+07 +1.725225455e+07 +1.725206793e+07 +1.725206793e+07 +3.2020e+00 +2.7662e-01 +1.3913e+00 +3.4234e+00 -1.4653e+00 -3.1552e-01 +6.7325e-01 -8.7678e-01 +2.8614e-01 -2.6670e-01 +2.2607e+00 -2.2448e+00 +1.3422e+00 -3.3091e+00 -3.5411e+00 -1.3039e+00 +2.1502e+00 -3.4400e+00 +6.5578e-01 +1.0290e+00
4 +1.139658917e+07 +1.139658917e+07 +1.139640255e+07 +1.139640255e+07 -1.7312e+00 +2.4272e+00 +3.1584e-01 -2.7147e+00 -1.3472e+00 -2.9064e+00 +1.8842e+00 -3.6866e+00 +3.8936e+00 -1.5303e+00 +3.4082e+00 -1.7359e+00 -7.4921e-01 -3.7121e+00 +1.9506e+00 +2.8149e+00 +3.4139e+00 -2.1483e+00 -1.6737e+00 +2.7261e+00
7 +3.718579799e+06 +3.718579799e+06 +3.718393179e+06 +3.718393179e+06 +1.3678e+00 -3.1169e+00 +1.0617e+00 +1.2789e+00 -2.5586e+00 +1.7393e+00 +3.9530e+00 +3.8361e+00 -1.6270e+00 -3.1819e+00 -6.2619e-01 -1.1425e+00 -5.2112e-01 -2.5913e-01 +4.9104e-01 +1.3343e+00 +2.8249e+00 -7.9792e-01 -3.2628e+00 +1.8133e+00
204 +2.485495829e+06 +2.485495829e+06 +2.485309209e+06 +2.485309209e+06 +1.7937e+00 +3.9412e+00 -2.1968e+00 -1.0472e+00 -2.6402e+00 -1.5021e+00 -1.5204e+00 -3.8706e+00 -3.2966e+00 -1.9997e+00 -2.7390e+00 -3.2048e+00 +2.6229e+00 -2.6180e+00 -1.2748e+00 -1.0483e+00 +1.5552e+00 +3.8293e+00 -2.8999e+00 +1.8983e+00
1126 +1.565064253e+06 +1.565064253e+06 +1.564877633e+06 +1.564877633e+06 +1.8630e+00 +4.1235e+00 -2.2022e+00 -8.7944e-01 -2.6067e+00 -1.2467e+00 -1.6001e+00 -3.8541e+00 -3.3638e+00 -1.8004e+00 -2.7468e+00 -3.2606e+00 +2.5920e+00 -2.7460e+00 -7.8417e-01 -1.4086e+00 +1.1818e+00 +3.2902e+00 -3.0667e+00 +1.4624e+00
2366 +9.788946602e+05 +9.788946602e+05 +9.787080402e+05 +9.787080402e+05 +1.8273e+00 +3.9373e+00 -2.2252e+00 -1.2660e+00 -2.5454e+00 -1.5505e+00 -1.4500e+00 -3.9003e+00 -3.1669e+00 -1.9855e+00 -2.7105e+00 -3.0296e+00 +2.5109e+00 -2.7575e+00 -7.1904e-01 -1.5482e+00 +9.5985e-01 +2.6721e+00 -3.4514e+00 +1.4054e+00
4741 +6.284656151e+05 +6.284656151e+05 +6.282789951e+05 +6.282789951e+05 +1.6442e+00 +4.2206e+00 -2.4611e+00 -1.0986e+00 -2.4008e+00 -1.7038e+00 -1.5679e+00 -4.0826e+00 -3.4480e+00 -1.9684e+00 -2.8825e+00 -3.1490e+00 +2.4738e+00 -1.8291e+00 -6.2264e-01 -2.4693e+00 +7.6814e-01 +2.1345e+00 -3.6480e+00 +1.4469e+00
7250 +3.964935217e+05 +3.964935217e+05 +3.963069017e+05 +3.963069017e+05 +1.5914e+00 -3.8878e+00 +9.4001e-01 +1.3034e+00 -2.1692e+00 +1.6448e+00 +3.9795e+00 +4.0521e+00 -1.2044e+00 -3.5865e+00 -1.0534e-01 -1.1246e+00 -1.1952e-01 +1.0735e+00 +1.1404e+00 -1.2895e+00 +1.0589e+00 +1.7602e+00 -3.5465e+00 +1.3857e+00
9343 +2.509520472e+05 +2.509520472e+05 +2.507654272e+05 +2.507654272e+05 +1.4872e+00 -4.2843e+00 +7.7356e-01 +1.3771e+00 -2.6479e+00 +1.7228e+00 +3.9285e+00 +3.6463e+00 -8.0979e-01 -3.7774e+00 -2.4466e-01 -1.2499e+00 +4.8765e-01 +1.5797e+00 +1.3340e+00 -2.0067e+00 +7.7193e-01 +1.8761e+00 -3.6985e+00 +1.4214e+00
11114 +1.536660002e+05 +1.536660002e+05 +1.534793802e+05 +1.534793802e+05 +1.1498e+00 -4.2939e+00 +3.1691e-01 +1.2901e+00 -2.3688e+00 +1.1949e+00 +4.0365e+00 +3.6806e+00 -7.5551e-01 -3.6597e+00 -1.2316e-01 -6.0816e-01 +3.1195e-01 +1.9894e+00 +1.4139e+00 -2.6494e+00 +7.9853e-01 +1.8503e+00 -3.6830e+00 +1.3910e+00
14391 +9.903617642e+04 +9.903617642e+04 +9.884955642e+04 +9.884955642e+04 +1.0123e+00 -4.3503e+00 +3.7017e-01 +1.3432e+00 -2.6530e+00 +1.2549e+00 +3.5916e+00 +3.6388e+00 -7.6184e-01 -3.8930e+00 -3.5671e-01 -4.0828e-01 +9.8648e-01 +2.7123e+00 +1.3553e+00 -2.9921e+00 +7.2371e-01 +1.8501e+00 -3.7394e+00 +1.3814e+00
16739 +6.009789970e+04 +6.009789970e+04 +5.991127970e+04 +5.991127970e+04 +4.0693e-01 +2.3495e+00 +2.2119e+00 -9.3171e-01 -3.3167e+00 +6.3120e-01 -1.0531e+00 +9.2464e-01 +3.7966e-01 +7.7224e-01 -3.5866e+00 +1.5492e+00 +2.3789e-01 +2.4943e+00 +1.7027e+00 -2.8706e+00 +6.5965e-01 +1.8133e+00 -3.6677e+00 +1.3913e+00
18368 +3.890363939e+04 +3.890363939e+04 +3.871701939e+04 +3.871701939e+04 +6.6521e-01 +2.5131e+00 +2.3371e+00 -1.0511e+00 -3.5048e+00 +7.3283e-01 -9.0952e-01 +7.8985e-01 +9.1718e-02 +7.6392e-01 -3.4911e+00 +1.9400e+00 +6.5334e-01 +2.8407e+00 +1.5903e+00 -2.9876e+00 +7.7924e-01 +1.7971e+00 -3.6962e+00 +1.3765e+00
20279 +2.394548489e+04 +2.394548489e+04 +2.375886489e+04 +2.375886489e+04 +5.9854e-01 +2.8783e+00 +2.7081e+00 -1.1921e+00 -3.1763e+00 +6.8181e-01 -9.8226e-01 +6.2004e-01 -2.4975e-01 +4.8205e-01 -3.6202e+00 +2.1039e+00 +1.1651e+00 +3.0097e+00 +1.6356e+00 -3.1442e+00 +7.3492e-01 +1.8908e+00 -3.7001e+00 +1.3997e+00
22173 +1.515247331e+04 +1.515247331e+04 +1.496585331e+04 +1.496585331e+04 +5.3870e-01 +2.5980e+00 +2.5239e+00 -1.1787e+00 -3.4794e+00 +7.3624e-01 -8.9102e-01 +2.6186e-01 -1.5232e-01 +5.7966e-01 -3.6400e+00 +2.1355e+00 +1.8543e+00 +3.2996e+00 +1.5663e+00 -2.9312e+00 +6.9018e-01 +1.9046e+00 -3.7144e+00 +1.3656e+00
24290 +9.831697781e+03 +9.831697781e+03 +9.645077781e+03 +9.645077781e+03 +5.7061e-01 +2.8092e+00 +2.7078e+00 -1.4635e+00 -3.3933e+00 +4.3101e-01 -8.4949e-01 +3.6059e-01 -2.0363e-01 +8.4022e-01 -3.5452e+00 +2.5206e+00 +1.7556e+00 +3.4210e+00 +1.5533e+00 -3.2922e+00 +7.2447e-01 +1.8097e+00 -3.7499e+00 +1.3735e+00
25067 +5.907943946e+03 +5.907943946e+03 +5.721323946e+03 +5.721323946e+03 +7.0715e-01 +2.7108e+00 +2.8842e+00 -1.4175e+00 -3.2721e+00 +6.4518e-01 -6.2455e-01 +2.8029e-01 -3.1293e-01 +8.1240e-01 -3.3793e+00 +2.8199e+00 +1.7630e+00 +3.4656e+00 +1.4861e+00 -3.1269e+00 +7.0170e-01 +1.8332e+00 -3.7025e+00 +1.3918e+00
