% function evaluation | noise-free fitness - Fopt (-2.098800000000e+02) | best noise-free fitness - Fopt | measured fitness | best measured fitness | x1 | x2...
1 +8.922135630e+05 +8.922135630e+05 +8.920036830e+05 +8.920036830e+05 +1.5798e+00 +9.7723e-01 -1.5062e+00 -1.9729e+00 +1.2520e+00
7 +4.984836093e+05 +4.984836093e+05 +4.982737293e+05 +4.982737293e+05 -1.6021e+00 +2.6955e+00 -9.6423e-01 +3.6894e+00 +1.0797e+00
15 +2.947695281e+04 +2.947695281e+04 +2.926707281e+04 +2.926707281e+04 -4.7859e-01 +1.3058e+00 -1.4250e+00 +2.1422e+00 +1.7196e+00
151 +2.324989510e+04 +2.324989510e+04 +2.304001510e+04 +2.304001510e+04 -4.0063e-01 +1.3272e+00 -1.3001e+00 +2.3303e+00 +1.8028e+00
596 +1.486322391e+04 +1.486322391e+04 +1.465334391e+04 +1.465334391e+04 +1.9686e+00 -2.4896e+00 +7.1291e-01 +2.8635e+00 +1.7740e+00
868 +9.443364809e+03 +9.443364809e+03 +9.233484809e+03 +9.233484809e+03 +1.9153e+00 -2.3160e+00 +7.3391e-01 +2.6119e+00 +1.7967e+00
1869 +6.299376866e+03 +6.299376866e+03 +6.089496866e+03 +6.089496866e+03 +1.8851e+00 -2.2879e+00 +1.0582e+00 +2.4441e+00 +1.7745e+00
4746 +3.932068710e+03 +3.932068710e+03 +3.722188710e+03 +3.722188710e+03 +1.7805e+00 -1.8144e+00 +1.6671e+00 +2.4008e+00 +1.7861e+00
6378 +2.504685608e+03 +2.504685608e+03 +2.294805608e+03 +2.294805608e+03 +1.7582e+00 -1.6950e+00 +2.1639e+00 +2.3629e+00 +1.7801e+00
7024 +1.564341320e+03 +1.564341320e+03 +1.354461320e+03 +1.354461320e+03 +1.5257e+00 -1.4654e+00 +2.4693e+00 +2.4626e+00 +1.7809e+00
% function evaluation | noise-free fitness - Fopt (-9.209000000000e+01) | best noise-free fitness - Fopt | measured fitness | best measured fitness | x1 | x2...
1 +8.268954579e+06 +8.268954579e+06 +8.268862489e+06 +8.268862489e+06 -2.8874e+00 -3.6293e+00 +1.7020e+00 -2.4350e+00 +2.7584e+00
3 +5.534807611e+06 +5.534807611e+06 +5.534715521e+06 +5.534715521e+06 +1.3674e+00 +3.6382e+00 -1.7217e+00 +2.0793e+00 -2.4184e+00
5 +7.445506577e+05 +7.445506577e+05 +7.444585677e+05 +7.444585677e+05 +2.5645e+00 +2.2677e+00 -1.4116e+00 +5.8009e-02 -9.6954e-01
8 +1.751033291e+05 +1.751033291e+05 +1.750112391e+05 +1.750112391e+05 -1.6791e+00 -3.7176e+00 +1.8664e+00 +3.8501e-01 -8.5901e-02
11 +8.109937957e+04 +8.109937957e+04 +8.100728957e+04 +8.100728957e+04 -1.4515e+00 +9.5001e-01 +1.5033e+00 -2.8354e+00 -3.3293e-01
151 +3.629428628e+04 +3.629428628e+04 +3.620219628e+04 +3.620219628e+04 -1.4643e+00 +9.0170e-01 +1.4397e+00 -2.8113e+00 -1.8723e-01
293 +2.131034767e+04 +2.131034767e+04 +2.121825767e+04 +2.121825767e+04 -1.4750e+00 -8.0298e-02 +1.4597e+00 -2.6486e+00 -1.4295e-01
544 +1.427963669e+04 +1.427963669e+04 +1.418754669e+04 +1.418754669e+04 -1.4071e+00 +8.9476e-01 +1.4869e+00 -2.5027e+00 -1.2203e-01
934 +9.143620105e+03 +9.143620105e+03 +9.051530105e+03 +9.051530105e+03 -1.4414e+00 +9.7191e-01 +1.5105e+00 -2.2781e+00 -1.3833e-01
1532 +5.311502436e+03 +5.311502436e+03 +5.219412436e+03 +5.219412436e+03 -1.5582e+00 +9.0027e-01 +1.6892e+00 -2.1155e+00 -1.3703e-01
1804 +3.701800962e+03 +3.701800962e+03 +3.609710962e+03 +3.609710962e+03 -1.3957e+00 +9.0830e-01 +1.8167e+00 -1.9979e+00 -1.2479e-01
2573 +2.486155671e+03 +2.486155671e+03 +2.394065671e+03 +2.394065671e+03 -1.4906e+00 +9.9106e-01 +1.7589e+00 -1.8303e+00 -1.2414e-01
4213 +1.343363801e+03 +1.343363801e+03 +1.251273801e+03 +1.251273801e+03 -1.4984e+00 +9.3549e-01 +1.1383e+00 -1.8036e+00 -1.2436e-01
4821 +8.967390239e+02 +8.967390239e+02 +8.046490239e+02 +8.046490239e+02 -1.4276e+00 +9.3976e-01 +8.8505e-01 -1.8539e+00 -1.3412e-01
6714 +5.255315817e+02 +5.255315817e+02 +4.334415817e+02 +4.334415817e+02 -1.4486e+00 +6.6978e-01 +6.3789e-01 -1.7839e+00 -1.1932e-01
7107 +3.710706250e+02 +3.710706250e+02 +2.789806250e+02 +2.789806250e+02 -1.4809e+00 +7.6109e-01 +4.9318e-01 -1.8704e+00 -1.2501e-01
% function evaluation | noise-free fitness - Fopt (-8.789000000000e+01) | best noise-free fitness - Fopt | measured fitness | best measured fitness | x1 | x2...
1 +1.731586379e+07 +1.731586379e+07 +1.731577590e+07 +1.731577590e+07 +2.7814e+00 +1.6319e+00 -1.8871e+00 -3.8639e+00 +1.0598e+00
3 +2.519612958e+06 +2.519612958e+06 +2.519525068e+06 +2.519525068e+06 -1.4938e+00 -1.0604e+00 +2.1913e+00 +2.7399e-01 -1.4294e+00
6 +1.674800838e+06 +1.674800838e+06 +1.674712948e+06 +1.674712948e+06 -3.8510e+00 -3.6927e+00 +3.8433e+00 -2.8584e+00 -1.9141e+00
9 +7.397159680e+05 +7.397159680e+05 +7.396280780e+05 +7.396280780e+05 +2.8536e+00 +2.9417e+00 +3.5107e+00 -2.1990e+00 -3.9779e+00
10 +4.962332813e+05 +4.962332813e+05 +4.961453913e+05 +4.961453913e+05 +2.7991e+00 +1.2789e+00 +1.8592e+00 +1.8300e+00 -2.9930e+00
13 +2.363467913e+05 +2.363467913e+05 +2.362589013e+05 +2.362589013e+05 +3.7757e+00 -2.5253e+00 +1.1607e+00 -3.7857e+00 -3.4379e+00
23 +8.608761168e+04 +8.608761168e+04 +8.599972168e+04 +8.599972168e+04 +3.6271e+00 -1.3486e+00 +8.3410e-01 -3.2148e+00 -3.2870e+00
281 +4.341660940e+04 +4.341660940e+04 +4.332871940e+04 +4.332871940e+04 +3.6753e+00 -1.3871e+00 +7.7892e-01 -3.1612e+00 -3.1668e+00
411 +3.810518698e+04 +3.810518698e+04 +3.801729698e+04 +3.801729698e+04 +3.6190e+00 -1.2274e+00 +8.6334e-01 -3.1438e+00 -3.1293e+00
541 +2.381796749e+04 +2.381796749e+04 +2.373007749e+04 +2.373007749e+04 +3.6639e+00 -1.3532e+00 +6.1944e-01 -2.9977e+00 -3.0784e+00
933 +1.395644605e+04 +1.395644605e+04 +1.386855605e+04 +1.386855605e+04 +3.7369e+00 -1.2791e+00 +5.5755e-01 -2.8041e+00 -3.0878e+00
1531 +9.975707751e+03 +9.975707751e+03 +9.887817751e+03 +9.887817751e+03 +3.7754e+00 -1.1907e+00 +4.3956e-01 -2.5858e+00 -3.0423e+00
1798 +6.094237777e+03 +6.094237777e+03 +6.006347777e+03 +6.006347777e+03 +3.7427e+00 -1.2820e+00 +7.0456e-01 -2.4838e+00 -3.0633e+00
2058 +3.208346275e+03 +3.208346275e+03 +3.120456275e+03 +3.120456275e+03 +3.8061e+00 -1.3078e+00 +4.7055e-01 -2.3534e+00 -3.0911e+00
2198 +1.998438201e+03 +1.998438201e+03 +1.910548201e+03 +1.910548201e+03 +3.7787e+00 -1.2446e+00 +5.9782e-01 -2.2375e+00 -3.1004e+00
2313 +1.483273539e+03 +1.483273539e+03 +1.395383539e+03 +1.395383539e+03 +3.7098e+00 -1.2560e+00 +5.6871e-01 -2.1904e+00 -3.0956e+00
3310 +9.795310774e+02 +9.795310774e+02 +8.916410774e+02 +8.916410774e+02 +3.6179e+00 -1.4375e+00 +9.3921e-01 -2.1595e+00 -3.0851e+00
% function evaluation | noise-free fitness - Fopt (3.201900000000e+02) | best noise-free fitness - Fopt | measured fitness | best measured fitness | x1 | x2...
1 +5.043186042e+04 +5.043186042e+04 +5.075205042e+04 +5.075205042e+04 -2.1189e+00 +9.2275e-01 -2.4049e+00 -1.3837e-01 -3.3230e+00
23 +3.456188458e+04 +3.456188458e+04 +3.488207458e+04 +3.488207458e+04 -2.1546e+00 +9.0992e-01 -2.4620e+00 -1.7105e-01 -3.4058e+00
122 +2.008847087e+04 +2.008847087e+04 +2.040866087e+04 +2.040866087e+04 -1.4693e+00 +4.5253e-01 +3.5125e+00 -1.5122e+00 -3.4080e+00
247 +1.396233073e+04 +1.396233073e+04 +1.428252073e+04 +1.428252073e+04 -1.4865e+00 +3.7292e-01 +3.4647e+00 -1.4181e+00 -3.4520e+00
766 +8.970443380e+03 +8.970443380e+03 +9.290633380e+03 +9.290633380e+03 -1.4334e+00 +5.6510e-01 +3.2770e+00 -1.1981e+00 -3.5074e+00
896 +5.079591332e+03 +5.079591332e+03 +5.399781332e+03 +5.399781332e+03 -1.5048e+00 +5.3888e-01 +3.2235e+00 -1.1015e+00 -3.4740e+00
1637 +3.948539982e+03 +3.948539982e+03 +4.268729982e+03 +4.268729982e+03 -1.6710e+00 +5.0335e-01 +3.2453e+00 -9.9316e-01 -3.4659e+00
2416 +2.367006271e+03 +2.367006271e+03 +2.687196271e+03 +2.687196271e+03 -1.5458e+00 +2.1770e-01 +2.9174e+00 -8.4098e-01 -3.4768e+00
2775 +1.428317811e+03 +1.428317811e+03 +1.748507811e+03 +1.748507811e+03 -2.7215e+00 -2.0365e+00 +4.4157e-01 -7.2382e-01 -3.4691e+00
3493 +6.650333773e+02 +6.650333773e+02 +9.852233773e+02 +9.852233773e+02 -2.7727e+00 -1.9449e+00 +5.7302e-01 -8.2426e-01 -3.4651e+00
4141 +4.864450884e+02 +4.864450884e+02 +8.066350884e+02 +8.066350884e+02 -2.8418e+00 -1.7826e+00 +6.6016e-01 -8.7061e-01 -3.4695e+00
4619 +3.623129861e+02 +3.623129861e+02 +6.825029861e+02 +6.825029861e+02 -2.9536e+00 -1.8643e+00 +9.4450e-01 -8.5286e-01 -3.4581e+00
5391 +1.294361880e+02 +1.294361880e+02 +4.496261880e+02 +4.496261880e+02 -3.2267e+00 -1.9237e+00 +1.1226e+00 -8.2291e-01 -3.4675e+00
6518 +9.244367128e+01 +9.244367128e+01 +4.126336713e+02 +4.126336713e+02 -3.1666e+00 -2.1033e+00 +1.1282e+00 -8.5774e-01 -3.4666e+00
% function evaluation | noise-free fitness - Fopt (-1.042400000000e+02) | best noise-free fitness - Fopt | measured fitness | best measured fitness | x1 | x2...
1 +3.128967258e+06 +3.128967258e+06 +3.128863018e+06 +3.128863018e+06 +7.8952e-01 +2.8481e+00 +2.2855e+00 +8.4414e-01 -1.6903e+00
2 +3.304813691e+05 +3.304813691e+05 +3.303771291e+05 +3.303771291e+05 +3.9166e+00 +2.7940e+00 -3.5507e+00 -2.9274e-01 -6.4348e-01
41 +2.065420508e+04 +2.065420508e+04 +2.054996508e+04 +2.054996508e+04 -1.0906e+00 +3.3739e+00 +2.3550e+00 -8.2728e-02 +4.8150e-02
76 +1.137440387e+04 +1.137440387e+04 +1.127016387e+04 +1.127016387e+04 -1.0879e+00 +3.3051e+00 +2.3604e+00 +1.2499e-02 -5.0761e-02
96 +6.697505437e+03 +6.697505437e+03 +6.593265437e+03 +6.593265437e+03 -1.0262e+00 +3.4706e+00 +2.3018e+00 -1.5456e-01 -4.6067e-02
201 +6.160279779e+03 +6.160279779e+03 +6.056039779e+03 +6.056039779e+03 -9.7071e-01 +3.4141e+00 +2.2499e+00 -1.6757e-01 -5.4634e-02
602 +3.533561757e+03 +3.533561757e+03 +3.429321757e+03 +3.429321757e+03 -1.0795e+00 +3.4024e+00 +2.2188e+00 -3.1787e-01 -5.7820e-02
3094 +2.409098686e+03 +2.409098686e+03 +2.304858686e+03 +2.304858686e+03 -1.3455e+00 +3.3951e+00 +1.9333e+00 -5.0171e-01 -4.7660e-02
% function evaluation | noise-free fitness - Fopt (-1.000000000000e+03) | best noise-free fitness - Fopt | measured fitness | best measured fitness | x1 | x2...
1 +2.134730388e+05 +2.134730388e+05 +2.124730388e+05 +2.124730388e+05 -1.2483e+00 -1.8621e-01 -1.0293e+00 -3.1779e+00 +2.6871e-01
3 +8.579580334e+04 +8.579580334e+04 +8.479580334e+04 +8.479580334e+04 +2.9390e+00 +2.2827e+00 +1.5194e+00 -1.8564e+00 +2.9868e-01
38 +5.401633027e+04 +5.401633027e+04 +5.301633027e+04 +5.301633027e+04 +2.9770e+00 +2.3117e+00 +1.6071e+00 -1.9146e+00 +3.9451e-01
76 +3.840065947e+04 +3.840065947e+04 +3.740065947e+04 +3.740065947e+04 +1.6579e+00 -1.0493e+00 -6.0893e-01 -6.5761e-02 +5.5860e-01
88 +2.112584698e+04 +2.112584698e+04 +2.012584698e+04 +2.012584698e+04 +1.6457e+00 +3.0696e+00 -2.3333e+00 -1.5815e+00 +6.4794e-01
210 +1.635208442e+03 +1.635208442e+03 +6.352084418e+02 +6.352084418e+02 +1.6035e+00 +1.1934e+00 -9.2458e-01 -1.2307e+00 +5.4589e-01
462 +1.394884877e+03 +1.394884877e+03 +3.948848765e+02 +3.948848765e+02 +1.7026e+00 +1.1459e+00 -9.8139e-01 -1.1799e+00 +5.6104e-01
612 +6.640534693e+02 +6.640534693e+02 -3.359465307e+02 -3.359465307e+02 +1.6935e+00 +3.7087e-01 -1.3779e+00 -1.0487e+00 +5.4433e-01
722 +5.722767908e+02 +5.722767908e+02 -4.277232092e+02 -4.277232092e+02 +1.6991e+00 +3.0493e-01 -1.3860e+00 -1.1380e+00 +5.5134e-01
% function evaluation | noise-free fitness - Fopt (-3.629000000000e+01) | best noise-free fitness - Fopt | measured fitness | best measured fitness | x1 | x2...
1 +6.067971101e+07 +6.067971101e+07 +6.067967472e+07 +6.067967472e+07 +1.2538e+00 +3.3030e+00 -1.2315e+00 -2.8654e+00 +3.7600e+00
2 +3.550255182e+07 +3.550255182e+07 +3.550251553e+07 +3.550251553e+07 -2.6594e+00 -1.1430e+00 +3.1252e+00 -3.2349e+00 +2.1727e+00
3 +1.327545023e+07 +1.327545023e+07 +1.327541394e+07 +1.327541394e+07 -1.1347e+00 -2.9312e+00 -3.1505e+00 +2.8466e+00 -1.7669e-01
4 +6.050113909e+06 +6.050113909e+06 +6.050077619e+06 +6.050077619e+06 -3.0307e-01 +1.2576e+00 -3.2201e+00 -9.0557e-01 -1.4517e+00
6 +2.311193455e+06 +2.311193455e+06 +2.311157165e+06 +2.311157165e+06 +3.8174e+00 +5.8134e-01 -3.8032e-02 -1.4355e+00 -2.1259e+00
14 +1.231451601e+06 +1.231451601e+06 +1.231415311e+06 +1.231415311e+06 +1.2005e+00 -3.0232e+00 -1.5080e+00 +3.2576e+00 -3.7237e+00
17 +2.885197791e+04 +2.885197791e+04 +2.881568791e+04 +2.881568791e+04 -5.0987e-01 -2.1444e+00 +8.5522e-01 -3.1356e+00 -3.8980e+00
27 +1.516838958e+04 +1.516838958e+04 +1.513209958e+04 +1.513209958e+04 -5.0598e-01 -2.0517e+00 +7.7026e-01 -3.1524e+00 -3.8571e+00
29 +5.917273802e+03 +5.917273802e+03 +5.880983802e+03 +5.880983802e+03 -5.7328e-01 -2.0453e+00 +7.9090e-01 -3.1154e+00 -3.8003e+00
151 +2.641902842e+03 +2.641902842e+03 +2.605612842e+03 +2.605612842e+03 -4.7564e-01 -1.9722e+00 +7.1692e-01 -3.0970e+00 -3.7476e+00
412 +1.245582924e+03 +1.245582924e+03 +1.209292924e+03 +1.209292924e+03 -6.9035e-01 -2.1783e+00 +6.7680e-01 -2.9625e+00 -3.7375e+00
934 +8.202228670e+02 +8.202228670e+02 +7.839328670e+02 +7.839328670e+02 -5.5271e-01 -2.2817e+00 +6.2822e-01 -2.9140e+00 -3.7472e+00
3059 +6.096542175e+02 +6.096542175e+02 +5.733642175e+02 +5.733642175e+02 -6.6755e-01 -2.4572e+00 +5.4193e-01 -2.8667e+00 -3.7459e+00
% function evaluation | noise-free fitness - Fopt (-4.840000000000e+01) | best noise-free fitness - Fopt | measured fitness | best measured fitness | x1 | x2...
1 +9.739640682e+05 +9.739640682e+05 +9.739156682e+05 +9.739156682e+05 +3.2047e+00 +3.4212e+00 +1.9720e+00 +1.5296e+00 +3.4465e+00
8 +1.327870278e+04 +1.327870278e+04 +1.323030278e+04 +1.323030278e+04 -7.6824e-01 +2.7306e+00 -2.1933e+00 -2.6309e+00 +2.5983e+00
21 +7.206265965e+03 +7.206265965e+03 +7.157865965e+03 +7.157865965e+03 -6.9137e-01 +2.7014e+00 -2.2687e+00 -2.6384e+00 +2.6768e+00
153 +6.093958046e+03 +6.093958046e+03 +6.045558046e+03 +6.045558046e+03 -7.8756e-01 +2.6654e+00 -2.1875e+00 -2.6018e+00 +2.6995e+00
551 +3.884250195e+03 +3.884250195e+03 +3.835850195e+03 +3.835850195e+03 -5.4395e-01 +2.5559e+00 -2.2467e+00 -2.4048e+00 +2.7105e+00
1202 +2.149834339e+03 +2.149834339e+03 +2.101434339e+03 +2.101434339e+03 -5.6068e-01 +2.2587e+00 -2.0946e+00 -2.3197e+00 +2.6832e+00
3048 +1.474622770e+03 +1.474622770e+03 +1.426222770e+03 +1.426222770e+03 -4.2015e-01 +2.0249e+00 -1.8772e+00 -2.2455e+00 +2.6835e+00
6204 +9.578560493e+02 +9.578560493e+02 +9.094560493e+02 +9.094560493e+02 -3.4208e-01 +1.9774e+00 -1.4469e+00 -2.2951e+00 +2.6891e+00
% function evaluation | noise-free fitness - Fopt (1.000000000000e+03) | best noise-free fitness - Fopt | measured fitness | best measured fitness | x1 | x2...
1 +4.752685060e+06 +4.752685060e+06 +4.753685060e+06 +4.753685060e+06 +3.4222e+00 -2.2820e+00 -7.3539e-02 +1.1027e+00 -2.2616e+00
3 +2.147521988e+06 +2.147521988e+06 +2.148521988e+06 +2.148521988e+06 -1.9495e+00 +2.7690e+00 +7.4979e-01 +1.3279e+00 +1.0507e+00
7 +5.904268897e+05 +5.904268897e+05 +5.914268897e+05 +5.914268897e+05 -3.3013e+00 -2.9057e+00 +3.2092e+00 -3.3902e-01 +5.0484e-01
11 +3.898886843e+05 +3.898886843e+05 +3.908886843e+05 +3.908886843e+05 -3.9943e+00 +2.2079e+00 +3.0272e+00 +1.0862e+00 -3.8159e-01
33 +6.647698666e+04 +6.647698666e+04 +6.747698666e+04 +6.747698666e+04 -3.1672e+00 +1.8177e+00 +6.6169e-01 -8.5285e-01 -1.8267e-01
67 +6.242776250e+04 +6.242776250e+04 +6.342776250e+04 +6.342776250e+04 -8.4296e-01 +1.4696e+00 +2.4658e+00 -9.8862e-01 -1.8678e-01
111 +2.187809158e+04 +2.187809158e+04 +2.287809158e+04 +2.287809158e+04 +3.5055e+00 -2.1401e+00 -1.2600e+00 -2.9308e+00 -1.8788e-01
509 +1.480637787e+04 +1.480637787e+04 +1.580637787e+04 +1.580637787e+04 +3.5772e+00 -2.0276e+00 -1.3444e+00 -2.6727e+00 -1.4882e-01
905 +9.908632608e+03 +9.908632608e+03 +1.090863261e+04 +1.090863261e+04 +3.5530e+00 -2.2628e+00 -1.2680e+00 -2.4594e+00 -1.5524e-01
1581 +6.064236186e+03 +6.064236186e+03 +7.064236186e+03 +7.064236186e+03 -5.7864e-01 +1.6268e+00 +2.2235e+00 -1.8992e+00 -1.8482e-01
1847 +3.318250078e+03 +3.318250078e+03 +4.318250078e+03 +4.318250078e+03 -5.6533e-01 +1.4543e+00 +2.5160e+00 -2.0283e+00 -1.7395e-01
1983 +2.470950414e+03 +2.470950414e+03 +3.470950414e+03 +3.470950414e+03 -4.1672e-01 +1.4735e+00 +2.0983e+00 -2.0349e+00 -1.4413e-01
2103 +1.194132722e+03 +1.194132722e+03 +2.194132722e+03 +2.194132722e+03 -5.6916e-01 +1.3530e+00 +2.2054e+00 -2.1895e+00 -1.3738e-01
2117 +8.566127461e+02 +8.566127461e+02 +1.856612746e+03 +1.856612746e+03 -5.3155e-01 +1.5076e+00 +2.1923e+00 -2.2439e+00 -1.5304e-01
4889 +6.280850791e+02 +6.280850791e+02 +1.628085079e+03 +1.628085079e+03 -2.0228e-01 +1.3833e+00 +1.8247e+00 -2.2542e+00 -1.5267e-01
% function evaluation | noise-free fitness - Fopt (3.261100000000e+02) | best noise-free fitness - Fopt | measured fitness | best measured fitness | x1 | x2...
1 +8.654344292e+06 +8.654344292e+06 +8.654670402e+06 +8.654670402e+06 +1.1775e+00 -2.6311e+00 +2.3534e+00 +3.2302e+00 +1.1766e+00
4 +5.392610527e+05 +5.392610527e+05 +5.395871627e+05 +5.395871627e+05 -1.4149e-01 +1.0642e+00 +7.1366e-01 -2.4770e+00 -2.3501e+00
13 +5.923896636e+04 +5.923896636e+04 +5.956507636e+04 +5.956507636e+04 -3.5664e+00 +3.5147e+00 +2.9882e+00 -7.3892e-01 -1.5436e+00
40 +3.148463436e+04 +3.148463436e+04 +3.181074436e+04 +3.181074436e+04 -3.6039e+00 +3.6097e+00 +3.0308e+00 -6.5123e-01 -1.6182e+00
151 +2.180701646e+04 +2.180701646e+04 +2.213312646e+04 +2.213312646e+04 -3.6558e+00 +3.6387e+00 +3.1352e+00 -6.2418e-01 -1.6531e+00
285 +1.561048309e+04 +1.561048309e+04 +1.593659309e+04 +1.593659309e+04 -3.4260e+00 +3.6512e+00 +3.0421e+00 -6.0904e-01 -1.7423e+00
677 +8.586686921e+03 +8.586686921e+03 +8.912796921e+03 +8.912796921e+03 -3.7085e+00 +3.5932e+00 +3.0153e+00 -3.7078e-01 -1.7154e+00
808 +5.505975379e+03 +5.505975379e+03 +5.832085379e+03 +5.832085379e+03 -3.8796e+00 +3.5053e+00 +3.0512e+00 -2.4318e-01 -1.7438e+00
945 +3.278952854e+03 +3.278952854e+03 +3.605062854e+03 +3.605062854e+03 -3.9742e+00 +3.4386e+00 +3.0071e+00 -1.4359e-01 -1.7519e+00
1079 +1.615159842e+03 +1.615159842e+03 +1.941269842e+03 +1.941269842e+03 -4.0503e+00 +3.3841e+00 +3.0125e+00 -5.5285e-02 -1.7437e+00
1547 +9.840577514e+02 +9.840577514e+02 +1.310167751e+03 +1.310167751e+03 -4.0944e+00 +3.4593e+00 +2.8955e+00 -1.4333e-03 -1.7218e+00
1666 +4.158109236e+02 +4.158109236e+02 +7.419209236e+02 +7.419209236e+02 -4.1600e+00 +3.3978e+00 +2.9771e+00 +8.2579e-02 -1.7176e+00
1801 +3.118519922e+02 +3.118519922e+02 +6.379619922e+02 +6.379619922e+02 -4.0219e+00 +3.4225e+00 +2.8116e+00 +1.3770e-01 -1.7148e+00
2061 +1.939269226e+02 +1.939269226e+02 +5.200369226e+02 +5.200369226e+02 -3.9726e+00 +3.4247e+00 +2.7918e+00 +7.8778e-02 -1.7269e+00
2194 +1.582779995e+02 +1.582779995e+02 +4.843879995e+02 +4.843879995e+02 -3.8787e+00 +3.4162e+00 +2.8830e+00 +1.2747e-01 -1.7224e+00
2313 +6.974442902e+01 +6.974442902e+01 +3.958544290e+02 +3.958544290e+02 -3.7890e+00 +3.4039e+00 +2.8925e+00 +1.7426e-01 -1.7329e+00
3437 +3.486620245e+01 +3.486620245e+01 +3.609762024e+02 +3.609762024e+02 -3.7153e+00 +3.2415e+00 +2.8539e+00 +1.4133e-01 -1.7305e+00
6468 +2.226002169e+01 +2.226002169e+01 +3.483700217e+02 +3.483700217e+02 -3.5694e+00 +3.0260e+00 +2.6529e+00 +1.4815e-01 -1.7337e+00
% function evaluation | noise-free fitness - Fopt (-4.682000000000e+01) | best noise-free fitness - Fopt | measured fitness | best measured fitness | x1 | x2...
1 +3.566414880e+07 +3.566414880e+07 +3.566410198e+07 +3.566410198e+07 -3.9079e+00 +2.7031e-01 -2.2351e+00 +3.9177e+00 -3.0020e+00
2 +9.963719606e+03 +9.963719606e+03 +9.916899606e+03 +9.916899606e+03 +1.0040e+00 -1.9593e+00 +6.0787e-01 -1.7719e+00 +3.1656e+00
40 +6.191206055e+03 +6.191206055e+03 +6.144386055e+03 +6.144386055e+03 +9.8376e-01 -1.8811e+00 +6.3497e-01 -1.8373e+00 +3.2314e+00
463 +3.160505477e+03 +3.160505477e+03 +3.113685477e+03 +3.113685477e+03 +2.3307e+00 +3.5758e-01 +1.2020e+00 -2.0099e+00 +3.1874e+00
481 +2.102682943e+03 +2.102682943e+03 +2.055862943e+03 +2.055862943e+03 +2.2898e+00 +3.1792e-01 +1.3172e+00 -2.0686e+00 +3.2320e+00
601 +1.517040704e+03 +1.517040704e+03 +1.470220704e+03 +1.470220704e+03 +2.2899e+00 +3.3654e-01 +1.4263e+00 -2.0941e+00 +3.2227e+00
996 +8.015087665e+02 +8.015087665e+02 +7.546887665e+02 +7.546887665e+02 +2.2896e+00 +3.4091e-01 +1.6707e+00 -2.0956e+00 +3.2224e+00
2412 +4.919890614e+02 +4.919890614e+02 +4.451690614e+02 +4.451690614e+02 +1.0825e+00 +3.5296e+00 +2.2233e+00 -2.0331e+00 +3.2158e+00
3362 +3.775954469e+02 +3.775954469e+02 +3.307754469e+02 +3.307754469e+02 +2.1277e+00 +2.6732e-01 +1.9324e+00 -2.0827e+00 +3.2103e+00
4277 +2.064804287e+02 +2.064804287e+02 +1.596604287e+02 +1.596604287e+02 +1.9926e+00 +2.6876e-01 +2.2102e+00 -2.0456e+00 +3.2095e+00
5651 +1.372978785e+02 +1.372978785e+02 +9.047787852e+01 +9.047787852e+01 +1.6726e+00 -1.0946e-01 +2.2709e+00 -2.0978e+00 +3.2202e+00
% function evaluation | noise-free fitness - Fopt (-5.563000000000e+01) | best noise-free fitness - Fopt | measured fitness | best measured fitness | x1 | x2...
1 +8.747428636e+05 +8.747428636e+05 +8.746872336e+05 +8.746872336e+05 -2.1307e+00 -3.0364e+00 +1.3874e+00 +1.9882e-01 +2.4141e+00
13 +3.577949718e+05 +3.577949718e+05 +3.577393418e+05 +3.577393418e+05 -3.5700e+00 +3.2096e+00 -1.2917e+00 -2.9089e+00 +1.9266e+00
22 +2.354046390e+05 +2.354046390e+05 +2.353490090e+05 +2.353490090e+05 +1.1100e+00 -3.6447e+00 -3.8776e+00 +1.0426e+00 +1.8759e+00
51 +6.589809777e+04 +6.589809777e+04 +6.584246777e+04 +6.584246777e+04 -1.8771e+00 -3.0709e+00 +1.0347e+00 -2.4142e-03 +1.2680e+00
72 +4.166326447e+04 +4.166326447e+04 +4.160763447e+04 +4.160763447e+04 -2.7316e-01 -1.6281e+00 +2.4977e+00 +1.0069e-01 +1.4225e+00
81 +3.382786636e+04 +3.382786636e+04 +3.377223636e+04 +3.377223636e+04 -1.9343e+00 -2.9916e+00 +9.8723e-01 -5.8247e-02 +1.3620e+00
130 +9.013503615e+03 +9.013503615e+03 +8.957873615e+03 +8.957873615e+03 +3.1174e+00 +1.3880e+00 -1.3960e+00 -2.8173e-01 +1.5185e+00
247 +6.242728458e+03 +6.242728458e+03 +6.187098458e+03 +6.187098458e+03 +3.0329e+00 +1.2947e+00 -1.3507e+00 -2.6010e-01 +1.4430e+00
378 +3.756807190e+03 +3.756807190e+03 +3.701177190e+03 +3.701177190e+03 +3.1034e+00 +1.3283e+00 -1.4963e+00 -3.7287e-01 +1.4501e+00
637 +2.233486910e+03 +2.233486910e+03 +2.177856910e+03 +2.177856910e+03 +3.2563e+00 +1.2653e+00 -1.4628e+00 -4.8905e-01 +1.4407e+00
903 +9.290616799e+02 +9.290616799e+02 +8.734316799e+02 +8.734316799e+02 +3.1525e+00 +1.3513e+00 -1.5422e+00 -6.1406e-01 +1.4466e+00
2414 +6.167736362e+02 +6.167736362e+02 +5.611436362e+02 +5.611436362e+02 +3.1628e+00 +1.4435e+00 -1.7034e+00 -6.8207e-01 +1.4688e+00
2800 +3.542332251e+02 +3.542332251e+02 +2.986032251e+02 +2.986032251e+02 +3.1140e+00 +1.2856e+00 -1.8559e+00 -6.6956e-01 +1.4605e+00
3142 +2.305961335e+02 +2.305961335e+02 +1.749661335e+02 +1.749661335e+02 +3.0556e+00 +1.2007e+00 -1.9326e+00 -6.5773e-01 +1.4619e+00
% function evaluation | noise-free fitness - Fopt (3.460000000000e+01) | best noise-free fitness - Fopt | measured fitness | best measured fitness | x1 | x2...
1 +5.497983720e+06 +5.497983720e+06 +5.498018320e+06 +5.498018320e+06 +1.4595e+00 -3.6576e+00 +3.0920e+00 -1.8017e+00 +4.0065e-01
6 +2.220549671e+06 +2.220549671e+06 +2.220584271e+06 +2.220584271e+06 +1.8593e+00 -7.4148e-01 -2.4547e+00 +1.4954e+00 -3.1550e+00
7 +1.344490138e+06 +1.344490138e+06 +1.344524738e+06 +1.344524738e+06 +2.8930e+00 -3.8917e+00 -2.1138e+00 -3.1119e+00 -8.2734e-01
16 +6.155136016e+04 +6.155136016e+04 +6.158596016e+04 +6.158596016e+04 -2.8151e-02 +3.1280e+00 +2.1934e+00 +7.9058e-02 -1.6089e+00
28 +3.365662100e+04 +3.365662100e+04 +3.369122100e+04 +3.369122100e+04 +3.3041e-02 +3.0870e+00 +2.1808e+00 +1.3630e-01 -1.7035e+00
129 +1.213728512e+04 +1.213728512e+04 +1.217188512e+04 +1.217188512e+04 +8.1876e-01 +1.6499e+00 +1.4057e+00 +4.7028e-01 -1.8310e+00
507 +9.981540271e+03 +9.981540271e+03 +1.001614027e+04 +1.001614027e+04 +9.1206e-01 +1.7253e+00 +1.4440e+00 +6.8679e-01 -1.7820e+00
1598 +4.991506902e+03 +4.991506902e+03 +5.026106902e+03 +5.026106902e+03 +2.6262e+00 +3.6243e-01 -3.9135e-02 +3.9855e-01 -1.7854e+00
1723 +3.786376580e+03 +3.786376580e+03 +3.820976580e+03 +3.820976580e+03 +2.5324e+00 +4.1848e-01 -1.7405e-02 +4.8547e-01 -1.7950e+00
2244 +2.485596867e+03 +2.485596867e+03 +2.520196867e+03 +2.520196867e+03 +2.4948e+00 +4.6033e-01 -7.3187e-02 +6.8029e-01 -1.8009e+00
5381 +1.374325545e+03 +1.374325545e+03 +1.408925545e+03 +1.408925545e+03 +2.4981e+00 +6.5827e-01 -7.0569e-01 +6.6462e-01 -1.7862e+00
5644 +9.976757543e+02 +9.976757543e+02 +1.032275754e+03 +1.032275754e+03 +2.5758e+00 +7.8135e-01 -7.8752e-01 +7.0348e-01 -1.7921e+00
6393 +5.270044030e+02 +5.270044030e+02 +5.616044030e+02 +5.616044030e+02 +2.5800e+00 +6.5335e-01 -1.0320e+00 +6.5553e-01 -1.7981e+00
% function evaluation | noise-free fitness - Fopt (8.816000000000e+01) | best noise-free fitness - Fopt | measured fitness | best measured fitness | x1 | x2...
1 +5.273925105e+06 +5.273925105e+06 +5.274013265e+06 +5.274013265e+06 -3.6077e+00 +5.3626e-01 +3.7835e+00 -2.2953e-01 -3.1139e+00
2 +3.802196150e+06 +3.802196150e+06 +3.802284310e+06 +3.802284310e+06 -7.4855e-01 -1.8116e+00 +1.5212e+00 -6.0532e-01 -2.5786e+00
3 +6.052590222e+05 +6.052590222e+05 +6.053471822e+05 +6.053471822e+05 +1.9689e+00 +2.3123e+00 +7.5425e-01 -6.7270e-01 -9.3716e-01
24 +2.496404303e+05 +2.496404303e+05 +2.497285903e+05 +2.497285903e+05 +2.9292e-01 -1.2056e+00 -1.0075e-01 +1.9013e+00 -1.2520e+00
208 +8.767031661e+04 +8.767031661e+04 +8.775847661e+04 +8.775847661e+04 -2.5987e+00 +7.2188e-01 -1.6513e+00 +2.2251e+00 -8.9372e-01
341 +6.204288017e+04 +6.204288017e+04 +6.213104017e+04 +6.213104017e+04 -1.8178e+00 +3.5598e-01 -1.8263e+00 +2.4743e+00 -8.7291e-01
721 +3.793709647e+04 +3.793709647e+04 +3.802525647e+04 +3.802525647e+04 -1.7808e+00 +5.0572e-01 -1.8226e+00 +2.7051e+00 -9.0612e-01
998 +2.437846564e+04 +2.437846564e+04 +2.446662564e+04 +2.446662564e+04 -1.4935e+00 +3.5270e-01 -1.7237e+00 +2.8856e+00 -9.0158e-01
1715 +1.537991843e+04 +1.537991843e+04 +1.546807843e+04 +1.546807843e+04 -1.7608e+00 +3.5570e-01 -1.6600e+00 +3.1292e+00 -9.0457e-01
2103 +8.977927797e+03 +8.977927797e+03 +9.066087797e+03 +9.066087797e+03 -1.7318e+00 +2.8267e-01 -1.6644e+00 +3.4355e+00 -9.2099e-01
2492 +5.850879472e+03 +5.850879472e+03 +5.939039472e+03 +5.939039472e+03 -1.7315e+00 +6.9031e-02 -1.5860e+00 +3.6445e+00 -8.9449e-01
3171 +3.914248137e+03 +3.914248137e+03 +4.002408137e+03 +4.002408137e+03 +5.0898e-01 -1.2565e+00 -1.9205e-01 +3.4559e+00 -9.1206e-01
3447 +1.891737605e+03 +1.891737605e+03 +1.979897605e+03 +1.979897605e+03 +5.8775e-01 -1.3897e+00 -2.8878e-02 +3.5764e+00 -8.9579e-01
3577 +1.500975027e+03 +1.500975027e+03 +1.589135027e+03 +1.589135027e+03 +6.0077e-01 -1.4650e+00 +2.6515e-02 +3.6175e+00 -8.9000e-01
6063 +9.580707097e+02 +9.580707097e+02 +1.046230710e+03 +1.046230710e+03 +5.4665e-01 -1.1317e+00 +3.6804e-01 +3.7214e+00 -8.9651e-01
% function evaluation | noise-free fitness - Fopt (-1.866200000000e+02) | best noise-free fitness - Fopt | measured fitness | best measured fitness | x1 | x2...
1 +5.504723086e+06 +5.504723086e+06 +5.504536466e+06 +5.504536466e+06 -2.0754e+00 +2.0140e+00 -3.0541e+00 -1.5559e+00 -1.9985e+00
3 +6.758471498e+05 +6.758471498e+05 +6.756605298e+05 +6.756605298e+05 -2.6507e+00 +2.3529e-01 +1.6070e+00 +1.2580e+00 +1.4011e-01
5 +2.175933361e+05 +2.175933361e+05 +2.174067161e+05 +2.174067161e+05 -3.4410e+00 +2.2287e+00 -3.6057e-01 -2.8233e+00 -5.4301e-02
44 +7.325943360e+04 +7.325943360e+04 +7.307281360e+04 +7.307281360e+04 -3.3758e+00 +2.7937e+00 +2.9216e+00 -1.7019e+00 +4.8063e-01
99 +3.896362959e+04 +3.896362959e+04 +3.877700959e+04 +3.877700959e+04 -2.8949e+00 -6.3325e-01 +2.3925e+00 -2.1143e+00 +4.6803e-01
335 +2.277599224e+04 +2.277599224e+04 +2.258937224e+04 +2.258937224e+04 -2.9458e+00 -5.0589e-01 +2.4352e+00 -2.2758e+00 +4.4498e-01
671 +1.437285123e+04 +1.437285123e+04 +1.418623123e+04 +1.418623123e+04 -3.5687e+00 +2.2400e+00 -6.8199e-01 -2.9009e+00 +3.2193e-01
678 +9.676005729e+03 +9.676005729e+03 +9.489385729e+03 +9.489385729e+03 -3.6730e+00 +2.1771e+00 -6.4240e-01 -2.9334e+00 +3.7885e-01
1115 +5.839759853e+03 +5.839759853e+03 +5.653139853e+03 +5.653139853e+03 -2.8204e+00 -6.8053e-01 +2.4356e+00 -2.7183e+00 +4.1874e-01
1582 +3.688925769e+03 +3.688925769e+03 +3.502305769e+03 +3.502305769e+03 -2.7317e+00 -7.5420e-01 +2.4738e+00 -2.8276e+00 +3.7713e-01
1724 +1.951891231e+03 +1.951891231e+03 +1.765271231e+03 +1.765271231e+03 -2.6436e+00 -6.9133e-01 +2.6335e+00 -2.9119e+00 +3.9656e-01
1842 +1.456773282e+03 +1.456773282e+03 +1.270153282e+03 +1.270153282e+03 -2.7697e+00 -6.9976e-01 +2.3939e+00 -2.9771e+00 +4.1548e-01
2102 +5.698626025e+02 +5.698626025e+02 +3.832426025e+02 +3.832426025e+02 -2.7834e+00 -6.4263e-01 +2.5162e+00 -3.1091e+00 +3.7817e-01
2366 +2.926187151e+02 +2.926187151e+02 +1.059987151e+02 +1.059987151e+02 -2.7619e+00 -7.0906e-01 +2.5397e+00 -3.1345e+00 +3.9357e-01
2755 +2.159095252e+02 +2.159095252e+02 +2.928952521e+01 +2.928952521e+01 -2.6360e+00 -8.6947e-01 +2.3933e+00 -3.1511e+00 +3.8884e-01
3238 +1.579446704e+02 +1.579446704e+02 -2.867532963e+01 -2.867532963e+01 -2.6114e+00 -9.6436e-01 +2.2635e+00 -3.1028e+00 +3.9640e-01
