% function evaluation | noise-free fitness - Fopt (-2.098800000000e+02) | best noise-free fitness - Fopt | measured fitness | best measured fitness | x1 | x2...
1 +1.418587712e+07 +1.418587712e+07 +1.418566724e+07 +1.418566724e+07 +3.8826e+00 -3.7689e+00 -2.7709e-01 -1.8935e+00 +1.8167e+00 -6.2286e-01 -2.2633e+00 +3.1000e+00 +7.8370e-01 -9.8245e-01
4 +2.284273695e+06 +2.284273695e+06 +2.284063815e+06 +2.284063815e+06 -2.4336e+00 -2.7287e-01 +1.6450e+00 -8.9773e-01 -3.0799e+00 -1.9913e+00 -3.7897e+00 +2.2005e+00 +1.3113e+00 +3.0667e+00
26 +9.253173253e+05 +9.253173253e+05 +9.251074453e+05 +9.251074453e+05 -1.6465e+00 +3.0550e+00 -1.7950e-01 +1.2575e-01 -1.6798e-01 +1.7978e+00 +2.9159e-01 +2.1000e+00 +6.9089e-01 +2.4534e+00
34 +4.937250810e+05 +4.937250810e+05 +4.935152010e+05 +4.935152010e+05 -4.2337e-01 +1.3904e+00 +4.7635e-01 -7.7714e-01 -2.6957e+00 -1.5587e+00 -2.6565e+00 +1.1908e+00 -7.0769e-01 +2.8905e+00
84 +3.616029808e+05 +3.616029808e+05 +3.613931008e+05 +3.613931008e+05 -7.1513e-01 +3.3237e+00 -8.4896e-01 +1.7344e+00 +4.0585e-01 +2.0224e+00 -1.3490e-01 +2.2557e+00 -1.3397e+00 +2.6554e+00
224 +2.193623168e+05 +2.193623168e+05 +2.191524368e+05 +2.191524368e+05 +2.2438e+00 +2.1538e+00 +3.1593e+00 -1.4253e+00 +1.7268e+00 -9.2019e-01 +9.8416e-01 +1.3316e+00 -1.1764e+00 +2.8727e+00
230 +1.276156889e+05 +1.276156889e+05 +1.274058089e+05 +1.274058089e+05 -8.1416e-01 +1.5799e+00 -7.8123e-01 -1.6991e+00 -1.0169e-01 +1.7798e+00 +1.8130e-01 +7.4506e-01 -1.1309e+00 +2.8281e+00
337 +9.804391420e+04 +9.804391420e+04 +9.783403420e+04 +9.783403420e+04 -7.4279e-01 +1.5343e+00 -8.5619e-01 -1.6756e+00 -8.8177e-02 +1.6956e+00 +1.1900e-01 +7.1669e-01 -1.1814e+00 +2.7473e+00
1010 +5.741373727e+04 +5.741373727e+04 +5.720385727e+04 +5.720385727e+04 -8.3105e-01 +1.6549e+00 -1.0502e+00 -1.9216e+00 -7.8016e-02 +1.7370e+00 +5.8756e-01 +4.7821e-01 -1.0740e+00 +2.5880e+00
1712 +3.934408532e+04 +3.934408532e+04 +3.913420532e+04 +3.913420532e+04 -9.3482e-01 +1.5572e+00 -1.1323e+00 -1.9298e+00 -2.8729e-02 +1.7187e+00 +8.0459e-01 +2.5105e-01 -1.0643e+00 +2.6155e+00
2491 +2.461835183e+04 +2.461835183e+04 +2.440847183e+04 +2.440847183e+04 -9.2061e-01 +1.8745e+00 -9.8120e-01 -1.9679e+00 -1.4438e-01 +1.9456e+00 +1.0539e+00 +6.1212e-03 -1.0966e+00 +2.6122e+00
3221 +1.583645916e+04 +1.583645916e+04 +1.562657916e+04 +1.562657916e+04 -9.2217e-01 +1.8760e+00 -9.0591e-01 -1.7941e+00 -1.0744e-02 +1.8242e+00 +1.3581e+00 +5.4990e-02 -1.1288e+00 +2.5794e+00
3873 +9.112038893e+03 +9.112038893e+03 +8.902158893e+03 +8.902158893e+03 -9.0898e-01 +1.8394e+00 -7.9644e-01 -1.9660e+00 -1.8104e-01 +1.8846e+00 +1.6710e+00 -1.0518e-01 -1.1220e+00 +2.6150e+00
5251 +6.164266573e+03 +6.164266573e+03 +5.954386573e+03 +5.954386573e+03 -1.0854e+00 +1.6842e+00 -1.1467e+00 -1.7936e+00 -1.3823e-01 +2.0519e+00 +2.0294e+00 -5.4270e-02 -1.1278e+00 +2.5839e+00
10043 +3.969591634e+03 +3.969591634e+03 +3.759711634e+03 +3.759711634e+03 -1.2901e+00 +1.6713e+00 -8.8561e-01 -2.2248e+00 +5.4599e-01 +2.3967e+00 +2.4139e+00 -5.5267e-02 -1.0864e+00 +2.6157e+00
% function evaluation | noise-free fitness - Fopt (-9.209000000000e+01) | best noise-free fitness - Fopt | measured fitness | best measured fitness | x1 | x2...
1 +2.293487764e+07 +2.293487764e+07 +2.293478555e+07 +2.293478555e+07 -2.1176e+00 -1.6979e+00 -3.7579e+00 +3.6729e+00 +2.4343e+00 -2.7742e+00 +3.5722e+00 +3.0089e+00 +1.8486e+00 -3.0817e+00
2 +1.700793670e+06 +1.700793670e+06 +1.700701580e+06 +1.700701580e+06 -1.1167e+00 -1.1322e+00 +1.0790e+00 +1.6224e+00 +3.7716e+00 +6.8386e-01 -8.4809e-01 -1.8629e-01 -7.3631e-02 +5.2427e-01
3 +1.811293912e+05 +1.811293912e+05 +1.810373012e+05 +1.810373012e+05 +4.1829e-01 +3.6169e+00 -3.5866e+00 -3.7151e+00 -1.2236e+00 +2.0793e+00 -1.3768e+00 +2.1175e-01 +5.3817e-01 +1.4493e+00
28 +1.487321682e+05 +1.487321682e+05 +1.486400782e+05 +1.486400782e+05 +4.2315e-01 +3.5564e+00 -3.6452e+00 -3.7966e+00 -1.1698e+00 +2.0803e+00 -1.3956e+00 +2.4670e-01 +5.7918e-01 +1.5408e+00
941 +9.875662700e+04 +9.875662700e+04 +9.866453700e+04 +9.866453700e+04 +5.0060e-01 +3.4957e+00 -3.5908e+00 -4.0116e+00 -1.1515e+00 +1.9788e+00 -1.1159e+00 +5.7005e-01 +5.5999e-01 +1.6690e+00
3049 +6.270066965e+04 +6.270066965e+04 +6.260857965e+04 +6.260857965e+04 +2.2555e-01 +3.6531e+00 -3.4844e+00 -3.7600e+00 -1.0588e+00 +1.5076e+00 -4.8065e-01 +8.9806e-01 +4.8042e-01 +1.6815e+00
3266 +3.916008419e+04 +3.916008419e+04 +3.906799419e+04 +3.906799419e+04 -7.4493e-01 +3.2941e+00 -1.0585e+00 -1.8567e+00 +2.7074e+00 -1.6650e+00 +1.7345e-02 +3.3777e-01 +2.4449e-01 +1.6629e+00
3789 +2.207123151e+04 +2.207123151e+04 +2.197914151e+04 +2.197914151e+04 -7.7541e-01 +3.1157e+00 -1.1629e+00 -1.8195e+00 +2.7122e+00 -1.6496e+00 +2.6832e-02 +5.8827e-01 +4.2876e-01 +1.6704e+00
4190 +1.514837059e+04 +1.514837059e+04 +1.505628059e+04 +1.505628059e+04 -6.7701e-01 +3.1455e+00 -1.2702e+00 -1.9046e+00 +2.5427e+00 -1.8059e+00 +1.7385e-02 +7.3296e-01 +4.5685e-01 +1.6612e+00
6689 +9.734295312e+03 +9.734295312e+03 +9.642205312e+03 +9.642205312e+03 -5.9598e-02 +3.2949e+00 -1.4096e+00 -1.5396e+00 +2.3719e+00 -1.9952e+00 -1.5580e-01 +9.3703e-01 +4.1962e-01 +1.6983e+00
11478 +5.957029365e+03 +5.957029365e+03 +5.864939365e+03 +5.864939365e+03 +4.5925e-02 +3.0210e+00 -1.2477e+00 -1.9750e+00 +2.1155e+00 -2.6321e+00 -1.0707e-02 +9.9641e-01 +4.4848e-01 +1.6815e+00
% function evaluation | noise-free fitness - Fopt (-8.789000000000e+01) | best noise-free fitness - Fopt | measured fitness | best measured fitness | x1 | x2...
1 +5.259089396e+07 +5.259089396e+07 +5.259080607e+07 +5.259080607e+07 +2.3398e+00 +4.7866e-01 +1.0575e+00 +8.3055e-01 -2.8697e+00 -1.1863e+00 -3.5409e+00 -2.2334e+00 +1.3235e+00 -3.9376e+00
2 +2.218409249e+07 +2.218409249e+07 +2.218400460e+07 +2.218400460e+07 -9.7162e-01 -7.9038e-01 +2.4684e+00 +1.1307e+00 +2.1658e+00 -5.0946e-01 +2.7215e+00 -2.7976e+00 +2.8886e+00 -4.0661e-01
3 +3.223004264e+06 +3.223004264e+06 +3.222916374e+06 +3.222916374e+06 +1.6751e+00 +2.9970e+00 +2.2979e+00 +8.1862e-01 +2.7491e+00 +2.2467e+00 +1.7683e+00 -1.2287e-01 -3.3893e+00 +1.9206e+00
5 +1.736141677e+05 +1.736141677e+05 +1.735262777e+05 +1.735262777e+05 -2.5983e+00 +2.9290e+00 +1.1626e+00 +2.0763e-01 +3.4719e-01 -4.4657e-01 -5.8282e-01 +2.3141e+00 -3.1567e+00 +3.3401e+00
39 +1.553789418e+05 +1.553789418e+05 +1.552910518e+05 +1.552910518e+05 -2.5979e+00 +2.9774e+00 +1.2272e+00 +1.1874e-01 +3.2840e-01 -4.2713e-01 -6.1274e-01 +2.2264e+00 -3.0781e+00 +3.3418e+00
207 +6.956299304e+04 +6.956299304e+04 +6.947510304e+04 +6.947510304e+04 +1.3374e+00 +1.1316e+00 +1.1482e+00 +4.8454e-01 +7.5523e-01 +9.7433e-01 -1.4191e+00 +1.2390e+00 -2.7090e+00 +3.2732e+00
334 +6.289266300e+04 +6.289266300e+04 +6.280477300e+04 +6.280477300e+04 +1.3537e+00 +1.0931e+00 +1.2293e+00 +5.1848e-01 +6.8162e-01 +1.0022e+00 -1.4541e+00 +1.2143e+00 -2.7528e+00 +3.3018e+00
464 +3.785437094e+04 +3.785437094e+04 +3.776648094e+04 +3.776648094e+04 +1.3625e+00 +1.0061e+00 +1.2051e+00 +4.6778e-01 +7.6954e-01 +1.0094e+00 -1.4556e+00 +1.2658e+00 -2.6589e+00 +3.4208e+00
2232 +2.312795669e+04 +2.312795669e+04 +2.304006669e+04 +2.304006669e+04 +1.1944e+00 +8.1689e-01 +8.6734e-01 +6.2462e-01 +4.2466e-01 +5.9680e-01 -1.8970e+00 +1.5165e+00 -2.5517e+00 +3.4061e+00
2755 +1.529304022e+04 +1.529304022e+04 +1.520515022e+04 +1.520515022e+04 +1.0313e+00 +8.4680e-01 +9.9754e-01 +4.9425e-01 +4.6472e-01 +4.3326e-01 -2.0914e+00 +1.4747e+00 -2.5532e+00 +3.4402e+00
4146 +9.902830021e+03 +9.902830021e+03 +9.814940021e+03 +9.814940021e+03 +8.7973e-01 +7.3140e-01 +1.0507e+00 +3.6121e-01 +1.5115e-01 +3.2861e-01 -2.5383e+00 +1.3519e+00 -2.5115e+00 +3.4084e+00
6943 +4.464518548e+03 +4.464518548e+03 +4.376628548e+03 +4.376628548e+03 +6.9355e-01 +2.3409e+00 -1.8567e+00 -1.8885e-01 -3.5903e+00 +1.9706e-03 -2.4656e+00 +1.4414e+00 -2.5170e+00 +3.4453e+00
7197 +3.423587359e+03 +3.423587359e+03 +3.335697359e+03 +3.335697359e+03 +8.6414e-01 +2.3484e+00 -1.7701e+00 -2.6618e-01 -3.7107e+00 +1.1813e-01 -2.5515e+00 +1.4129e+00 -2.5261e+00 +3.4302e+00
10349 +2.317874865e+03 +2.317874865e+03 +2.229984865e+03 +2.229984865e+03 +8.6062e-01 +2.4168e+00 -1.8134e+00 -7.8384e-02 -3.9907e+00 -2.0813e-01 -2.7353e+00 +1.3987e+00 -2.5626e+00 +3.4127e+00
11208 +1.569398307e+03 +1.569398307e+03 +1.481508307e+03 +1.481508307e+03 +1.0549e+00 +2.5541e+00 -1.9351e+00 -9.8763e-02 -4.0553e+00 -4.3019e-01 -2.9332e+00 +1.5538e+00 -2.5592e+00 +3.4338e+00
% function evaluation | noise-free fitness - Fopt (3.201900000000e+02) | best noise-free fitness - Fopt | measured fitness | best measured fitness | x1 | x2...
1 +5.857389937e+06 +5.857389937e+06 +5.857710127e+06 +5.857710127e+06 -3.1814e+00 +1.9249e+00 -2.1078e+00 -1.7024e+00 -1.6663e+00 -1.7781e+00 -3.6648e+00 -2.5416e+00 +1.1964e+00 -9.6061e-01
2 +1.675582163e+06 +1.675582163e+06 +1.675902353e+06 +1.675902353e+06 -2.7649e+00 +5.6230e-01 +9.4839e-01 -3.8237e-01 +3.2781e+00 -9.1788e-01 +6.5529e-01 -1.0452e+00 -1.1717e+00 +1.4561e-01
7 +1.230130790e+06 +1.230130790e+06 +1.230450980e+06 +1.230450980e+06 +2.3143e+00 +2.4400e+00 -2.1422e+00 -2.8096e+00 -9.7878e-01 -2.0343e+00 +2.1937e+00 +1.1043e+00 -3.0254e+00 +7.1897e-01
38 +9.585987253e+05 +9.585987253e+05 +9.589189153e+05 +9.589189153e+05 +1.1048e+00 +6.7975e-01 +1.6004e-01 -7.5273e-01 +2.7373e+00 -1.5201e+00 +1.5351e+00 -3.2252e-01 -2.0159e+00 +3.4843e-01
50 +6.223148854e+05 +6.223148854e+05 +6.226350754e+05 +6.226350754e+05 +4.8393e-01 -3.5657e+00 +9.7719e-02 +6.4757e-01 -1.3342e+00 -3.8711e+00 -1.4793e+00 +6.4435e-01 -3.3450e+00 -2.7642e-01
1126 +3.824227994e+05 +3.824227994e+05 +3.827429894e+05 +3.827429894e+05 +4.4885e-01 -3.6230e+00 +4.0073e-01 +6.2625e-01 -1.3362e+00 -3.6942e+00 -1.1573e+00 -5.4377e-02 -3.4911e+00 -2.1424e-01
1795 +2.492914934e+05 +2.492914934e+05 +2.496116834e+05 +2.496116834e+05 +7.9394e-01 +2.7026e-01 +3.6782e-01 -7.6316e-01 +2.4939e+00 -1.3787e+00 +1.4882e+00 -9.0533e-01 -2.7917e+00 -6.8398e-02
2451 +1.443014693e+05 +1.443014693e+05 +1.446216593e+05 +1.446216593e+05 +4.8782e-01 +3.3967e-01 +4.8881e-01 -6.1320e-01 +2.4456e+00 -1.2461e+00 +1.6367e+00 -1.0786e+00 -3.1486e+00 -1.3752e-01
3312 +9.959707809e+04 +9.959707809e+04 +9.991726809e+04 +9.991726809e+04 +5.4730e-01 +2.5859e-01 +2.2752e-01 -5.1022e-01 +2.4223e+00 -9.6864e-01 +1.8177e+00 -9.7824e-01 -3.4946e+00 -2.3865e-01
4817 +5.963725746e+04 +5.963725746e+04 +5.995744746e+04 +5.995744746e+04 +7.3528e-01 +4.5362e-02 +1.7149e-01 -8.7872e-01 +2.1545e+00 -7.1138e-01 +2.1032e+00 -1.5337e+00 -3.6325e+00 -1.8271e-01
7833 +3.953966267e+04 +3.953966267e+04 +3.985985267e+04 +3.985985267e+04 +7.7477e-01 +2.4153e-01 +2.8848e-01 -6.4596e-01 +1.8780e+00 +1.8793e-01 +2.2618e+00 -1.7092e+00 -3.5311e+00 -1.7177e-01
10853 +2.436916976e+04 +2.436916976e+04 +2.468935976e+04 +2.468935976e+04 +1.1385e+00 +5.3514e-01 -1.5965e-01 -3.3901e-01 +1.7159e+00 +1.1193e+00 +2.6500e+00 -1.7154e+00 -3.5783e+00 -1.6723e-01
12848 +1.532142383e+04 +1.532142383e+04 +1.564161383e+04 +1.564161383e+04 +2.5505e+00 -2.6724e+00 -3.6048e+00 +2.3981e+00 -2.4538e+00 +1.1502e+00 +2.4702e+00 -1.7929e+00 -3.5899e+00 -2.1332e-01
% function evaluation | noise-free fitness - Fopt (-1.042400000000e+02) | best noise-free fitness - Fopt | measured fitness | best measured fitness | x1 | x2...
1 +2.976828467e+07 +2.976828467e+07 +2.976818043e+07 +2.976818043e+07 +6.5092e-01 +1.9456e+00 -1.9316e+00 +2.3451e+00 -4.9303e-01 -2.5521e+00 -7.1468e-01 -8.9952e-01 +2.6923e+00 +2.4273e+00
2 +1.362537202e+07 +1.362537202e+07 +1.362526778e+07 +1.362526778e+07 -2.4157e+00 +6.8381e-01 -3.1289e+00 +4.3568e-02 -2.1682e+00 -1.0936e+00 +2.6233e+00 -7.4351e-01 -1.3974e+00 +1.1123e-03
3 +3.122519701e+06 +3.122519701e+06 +3.122415461e+06 +3.122415461e+06 +7.6124e-02 +2.9099e+00 -1.3867e+00 -1.0997e+00 -2.2386e+00 -2.5180e+00 +2.3231e+00 -1.1981e+00 +3.8206e+00 -1.6003e+00
5 +5.555342460e+05 +5.555342460e+05 +5.554300060e+05 +5.554300060e+05 +1.8529e+00 +1.1450e+00 +2.1201e+00 -2.8691e+00 +2.3619e+00 -1.1061e+00 -4.0671e-01 +4.4555e-01 +3.1691e+00 -3.1651e+00
463 +3.954630332e+05 +3.954630332e+05 +3.953587932e+05 +3.953587932e+05 +2.7467e-02 -3.4056e+00 -8.3414e-02 -4.1687e-03 +8.7565e-01 -2.1939e+00 +3.7996e+00 +9.5188e-01 +2.1900e+00 -2.9474e+00
1719 +2.441377994e+05 +2.441377994e+05 +2.440335594e+05 +2.440335594e+05 -3.7792e-02 -3.6360e+00 -1.4680e-01 -8.2392e-02 +1.1070e+00 -2.5002e+00 +3.7920e+00 +1.4403e+00 +2.5521e+00 -3.0385e+00
2492 +1.474504592e+05 +1.474504592e+05 +1.473462192e+05 +1.473462192e+05 -1.9095e-01 -3.7080e+00 +5.3451e-02 +6.3691e-02 +1.1306e+00 -2.5579e+00 +3.6331e+00 +1.8463e+00 +2.8981e+00 -2.9715e+00
3370 +9.704154426e+04 +9.704154426e+04 +9.693730426e+04 +9.693730426e+04 -1.0843e-01 -3.7693e+00 +6.7569e-02 +2.9806e-02 +1.2571e+00 -2.7129e+00 +3.6463e+00 +2.1626e+00 +2.9823e+00 -3.0016e+00
3767 +6.260662349e+04 +6.260662349e+04 +6.250238349e+04 +6.250238349e+04 -1.7272e-01 -3.6787e+00 +1.3761e-02 +3.0290e-01 +1.3578e+00 -2.7903e+00 +3.6317e+00 +2.4084e+00 +2.9028e+00 -3.0606e+00
4154 +3.600518747e+04 +3.600518747e+04 +3.590094747e+04 +3.590094747e+04 -5.4878e-02 -3.9917e+00 +1.9265e-03 +1.8641e-01 +1.3721e+00 -2.6973e+00 +3.5431e+00 +2.6724e+00 +3.0189e+00 -3.0660e+00
4601 +2.332165018e+04 +2.332165018e+04 +2.321741018e+04 +2.321741018e+04 -1.7042e-01 -4.0522e+00 +1.4144e-01 +1.0949e-01 +1.3938e+00 -2.7172e+00 +3.4903e+00 +2.8165e+00 +2.9643e+00 -3.0002e+00
5012 +1.345103534e+04 +1.345103534e+04 +1.334679534e+04 +1.334679534e+04 -3.9919e-01 -3.7937e+00 +2.3231e-03 +2.9298e-01 +1.3668e+00 -3.0314e+00 +3.2755e+00 +3.0012e+00 +2.9855e+00 -3.0072e+00
5272 +9.718505122e+03 +9.718505122e+03 +9.614265122e+03 +9.614265122e+03 -4.1806e-01 -3.7592e+00 +1.8135e-01 +1.9674e-01 +1.3371e+00 -3.0539e+00 +3.1287e+00 +3.1123e+00 +2.9281e+00 -2.9552e+00
5536 +4.286275009e+03 +4.286275009e+03 +4.182035009e+03 +4.182035009e+03 -4.4815e-01 -3.7225e+00 +2.6104e-01 +1.8701e-01 +1.3123e+00 -3.0900e+00 +2.9794e+00 +3.2414e+00 +2.9349e+00 -2.9951e+00
5655 +3.280358288e+03 +3.280358288e+03 +3.176118288e+03 +3.176118288e+03 -3.2151e-01 -3.9113e+00 +1.7154e-01 +8.7470e-02 +1.4105e+00 -3.2165e+00 +2.9806e+00 +3.3299e+00 +3.0226e+00 -3.0085e+00
5800 +2.006282672e+03 +2.006282672e+03 +1.902042672e+03 +1.902042672e+03 -2.8717e-01 -3.8243e+00 +9.0914e-02 +1.1741e-02 +1.4860e+00 -3.2580e+00 +3.0081e+00 +3.3728e+00 +2.9604e+00 -2.9908e+00
6632 +1.306205295e+03 +1.306205295e+03 +1.201965295e+03 +1.201965295e+03 -1.4808e-01 -3.9692e+00 +2.4971e-01 -9.6621e-02 +1.1769e+00 -3.4397e+00 +2.8400e+00 +3.4575e+00 +2.9421e+00 -3.0039e+00
9287 +8.078738956e+02 +8.078738956e+02 +7.036338956e+02 +7.036338956e+02 -1.1075e-01 -3.6341e+00 +1.1089e-01 -2.2160e-01 +9.2659e-01 -3.4816e+00 +2.9111e+00 +3.4015e+00 +2.9523e+00 -2.9956e+00
13203 +5.972234567e+02 +5.972234567e+02 +4.929834567e+02 +4.929834567e+02 -4.5616e-01 -3.5900e+00 +3.5919e-01 +7.7875e-02 +8.0832e-01 -3.8461e+00 +2.7352e+00 +3.3961e+00 +2.9474e+00 -2.9921e+00
% function evaluation | noise-free fitness - Fopt (-1.000000000000e+03) | best noise-free fitness - Fopt | measured fitness | best measured fitness | x1 | x2...
1 +7.014531125e+06 +7.014531125e+06 +7.013531125e+06 +7.013531125e+06 +1.6756e+00 -2.2729e+00 -1.5024e+00 +1.4837e+00 -2.6151e+00 +1.7494e+00 -3.2593e+00 -2.2179e-01 +1.7631e+00 +3.5492e+00
2 +3.995533707e+06 +3.995533707e+06 +3.994533707e+06 +3.994533707e+06 +7.5954e-01 +1.9311e+00 -3.7140e+00 -2.8937e+00 +2.8321e+00 -2.4680e+00 -3.9882e+00 -2.6648e+00 +1.7040e-01 +3.4816e+00
8 +5.902411963e+05 +5.902411963e+05 +5.892411963e+05 +5.892411963e+05 -1.2516e+00 -1.9256e-01 +3.0110e+00 -3.8922e+00 -3.4425e+00 +2.1612e+00 -2.0020e+00 +8.2379e-01 -3.4694e+00 +2.9899e+00
81 +3.006783169e+05 +3.006783169e+05 +2.996783169e+05 +2.996783169e+05 +1.2172e+00 +1.3528e+00 -9.5471e-01 -3.3119e+00 +3.2468e+00 -2.9413e+00 -1.7501e+00 -1.7830e+00 -2.7483e+00 +2.5490e+00
95 +1.704197210e+05 +1.704197210e+05 +1.694197210e+05 +1.694197210e+05 +7.2232e-01 +1.7343e+00 -1.6393e+00 -3.1670e+00 +3.2488e+00 -3.0457e+00 +7.5299e-01 -8.4967e-02 -3.0140e+00 +2.7563e+00
205 +1.285774439e+05 +1.285774439e+05 +1.275774439e+05 +1.275774439e+05 +7.3252e-01 +1.8125e+00 -1.6958e+00 -3.1042e+00 +3.3480e+00 -3.0060e+00 +8.3779e-01 -1.0998e-01 -2.9817e+00 +2.6671e+00
347 +9.795861977e+04 +9.795861977e+04 +9.695861977e+04 +9.695861977e+04 +5.6333e-01 +1.7376e+00 -1.6063e+00 -3.2162e+00 +3.3250e+00 -3.2044e+00 +8.2617e-01 -1.2190e-01 -3.0526e+00 +2.5739e+00
988 +6.204126724e+04 +6.204126724e+04 +6.104126724e+04 +6.104126724e+04 +4.7252e-01 +1.8489e+00 -1.5343e+00 -3.0167e+00 +3.3054e+00 -3.2587e+00 +1.0354e+00 -2.9928e-01 -3.3125e+00 +2.4760e+00
1843 +3.960778820e+04 +3.960778820e+04 +3.860778820e+04 +3.860778820e+04 +5.4471e-01 +1.8518e+00 -1.4402e+00 -3.2452e+00 +3.1801e+00 -3.1718e+00 +1.1952e+00 -5.7463e-01 -3.3953e+00 +2.4912e+00
2494 +2.467406474e+04 +2.467406474e+04 +2.367406474e+04 +2.367406474e+04 +3.0268e-01 +1.8763e+00 -1.4414e+00 -3.4770e+00 +3.5083e+00 -3.0128e+00 +1.5857e+00 -8.7517e-01 -3.3410e+00 +2.4510e+00
3752 +1.529838182e+04 +1.529838182e+04 +1.429838182e+04 +1.429838182e+04 +5.8664e-01 +2.3369e+00 -1.6792e+00 -3.2873e+00 +3.1763e+00 -2.5903e+00 +1.9516e+00 -9.4703e-01 -3.3378e+00 +2.5165e+00
6521 +9.610174061e+03 +9.610174061e+03 +8.610174061e+03 +8.610174061e+03 +3.6524e-01 +2.7488e+00 -1.2474e+00 -3.1462e+00 +3.1003e+00 -1.8417e+00 +2.2686e+00 -1.0079e+00 -3.4137e+00 +2.5047e+00
7772 +6.186076048e+03 +6.186076048e+03 +5.186076048e+03 +5.186076048e+03 +8.6194e-01 +2.3692e+00 -1.2086e+00 -2.9532e+00 +2.6114e+00 -1.6514e+00 +2.3274e+00 -9.1313e-01 -3.3050e+00 +2.4939e+00
8407 +3.736905916e+03 +3.736905916e+03 +2.736905916e+03 +2.736905916e+03 +1.1019e+00 +2.4589e+00 -1.1304e+00 -3.1719e+00 +2.2960e+00 -1.3990e+00 +2.2905e+00 -9.9429e-01 -3.3213e+00 +2.4814e+00
11443 +2.424746097e+03 +2.424746097e+03 +1.424746097e+03 +1.424746097e+03 +8.7320e-01 +2.6813e+00 -1.4484e+00 -2.6930e+00 +2.1888e+00 -1.1082e+00 +2.3520e+00 -1.0203e+00 -3.3570e+00 +2.5019e+00
% function evaluation | noise-free fitness - Fopt (-3.629000000000e+01) | best noise-free fitness - Fopt | measured fitness | best measured fitness | x1 | x2...
1 +1.020693997e+07 +1.020693997e+07 +1.020690368e+07 +1.020690368e+07 -3.5160e+00 -2.8469e+00 +6.7946e-01 +2.8831e+00 +2.9982e+00 -3.1812e-01 +5.9694e-01 -7.6476e-01 -3.4062e+00 +2.2756e+00
3 +8.699468600e+06 +8.699468600e+06 +8.699432310e+06 +8.699432310e+06 +2.8767e+00 +1.8982e+00 +3.2710e+00 -3.6633e+00 +2.2848e+00 +6.6984e-01 +3.9569e+00 -7.6212e-01 -2.3431e+00 +1.9491e+00
5 +1.080469454e+06 +1.080469454e+06 +1.080433164e+06 +1.080433164e+06 -3.2528e+00 -2.8539e+00 +2.1496e+00 -1.5978e-01 +4.3280e-01 +2.6715e+00 -1.5101e+00 -3.2587e+00 +1.9540e+00 +3.1041e+00
7 +9.688566604e+05 +9.688566604e+05 +9.688203704e+05 +9.688203704e+05 -1.9390e+00 +4.5864e-01 -7.9400e-01 +1.1928e+00 +2.2370e+00 -1.1246e+00 +2.1440e+00 -3.2919e+00 +3.3014e+00 +2.3719e+00
32 +3.958342466e+05 +3.958342466e+05 +3.957979566e+05 +3.957979566e+05 -5.2740e-01 -5.5137e-01 -1.0079e+00 +1.2217e+00 +5.2081e-01 +9.7047e-01 +3.7034e-01 -1.2732e+00 +3.1686e+00 +2.5377e+00
411 +2.255153797e+05 +2.255153797e+05 +2.254790897e+05 +2.254790897e+05 -5.6589e-01 -3.7418e-01 -1.1610e+00 +1.1609e+00 +4.7597e-01 +1.0439e+00 +2.7415e-01 -1.1360e+00 +3.2207e+00 +2.7365e+00
545 +1.522148882e+05 +1.522148882e+05 +1.521785982e+05 +1.521785982e+05 -5.3626e-01 -4.4785e-01 -1.1228e+00 +1.1927e+00 +3.5564e-01 +1.0643e+00 +3.5324e-01 -1.1047e+00 +3.3255e+00 +2.8125e+00
801 +6.887697047e+04 +6.887697047e+04 +6.884068047e+04 +6.884068047e+04 -5.5305e-01 -3.3985e-01 -1.0656e+00 +1.0722e+00 +3.9512e-01 +8.9922e-01 +4.3897e-01 -1.1155e+00 +3.5058e+00 +2.9942e+00
939 +5.469118387e+04 +5.469118387e+04 +5.465489387e+04 +5.465489387e+04 -6.0026e-01 -3.5810e-01 -1.1563e+00 +9.7523e-01 +4.2271e-01 +8.9898e-01 +4.4608e-01 -1.0588e+00 +3.5731e+00 +3.0879e+00
1665 +3.884030503e+04 +3.884030503e+04 +3.880401503e+04 +3.880401503e+04 -6.0777e-01 -4.9490e-01 -1.0652e+00 +8.6889e-01 +4.2522e-01 +7.4721e-01 +2.6948e-01 -7.6164e-01 +3.6593e+00 +3.0929e+00
3706 +2.475607239e+04 +2.475607239e+04 +2.471978239e+04 +2.471978239e+04 -4.3534e-01 -4.0057e-01 -9.5486e-01 +1.0946e+00 +2.5719e-01 +6.8922e-01 -1.8086e-01 -3.7565e-01 +3.6097e+00 +3.0754e+00
4700 +1.551765231e+04 +1.551765231e+04 +1.548136231e+04 +1.548136231e+04 -7.0395e-01 -5.3475e-01 -9.2186e-01 +9.5420e-01 -5.1574e-02 +7.3508e-01 -3.9101e-01 -3.9906e-01 +3.6542e+00 +3.0990e+00
6595 +9.654985968e+03 +9.654985968e+03 +9.618695968e+03 +9.618695968e+03 -8.8220e-01 -2.3444e-01 -9.9838e-01 +1.0162e+00 -3.1723e-01 +7.7470e-01 -8.7367e-01 -3.5985e-01 +3.6396e+00 +3.0634e+00
11645 +6.280912062e+03 +6.280912062e+03 +6.244622062e+03 +6.244622062e+03 -6.8353e-01 +8.7898e-02 -7.1382e-01 +1.2449e+00 -7.8022e-01 +1.2849e+00 -1.3075e+00 -3.6664e-01 +3.6348e+00 +3.1030e+00
% function evaluation | noise-free fitness - Fopt (-4.840000000000e+01) | best noise-free fitness - Fopt | measured fitness | best measured fitness | x1 | x2...
1 +7.199220865e+06 +7.199220865e+06 +7.199172465e+06 +7.199172465e+06 +2.5622e+00 -1.5335e+00 -1.9261e+00 +3.7321e+00 +3.1227e+00 -1.2977e+00 +2.1559e+00 -3.6758e+00 +3.0234e-03 +2.8386e+00
2 +6.248817355e+06 +6.248817355e+06 +6.248768955e+06 +6.248768955e+06 +1.7593e+00 +2.2597e-01 +9.2262e-02 -2.4305e+00 +8.3134e-01 -1.6720e+00 -6.4777e-01 +1.9861e+00 -2.3856e+00 -1.6904e+00
4 +1.643728256e+06 +1.643728256e+06 +1.643679856e+06 +1.643679856e+06 +3.4835e+00 -2.8461e-01 +1.1420e+00 +3.3543e+00 +2.6753e+00 +3.4547e+00 -2.7336e+00 -2.9672e-01 +2.5023e+00 +9.2920e-02
7 +1.553499812e+06 +1.553499812e+06 +1.553451412e+06 +1.553451412e+06 -9.5814e-01 +1.1098e+00 +1.6699e+00 -1.7252e+00 -1.3372e+00 +1.7027e+00 -2.0404e+00 -3.2808e+00 -1.6727e+00 +1.1218e+00
23 +5.217738968e+05 +5.217738968e+05 +5.217254968e+05 +5.217254968e+05 -7.1166e-01 +6.2970e-01 +1.2024e+00 +1.5984e+00 +1.8887e-01 +2.2774e+00 -2.0902e+00 -1.7402e+00 -1.1152e+00 +2.8850e-01
50 +3.258557427e+05 +3.258557427e+05 +3.258073427e+05 +3.258073427e+05 +2.7929e+00 +3.8058e+00 -3.7334e-01 -1.0713e+00 -2.6427e+00 -3.5482e+00 -2.6953e+00 -3.5586e+00 +2.6121e-01 +2.4689e-01
467 +2.511849934e+05 +2.511849934e+05 +2.511365934e+05 +2.511365934e+05 +2.9321e+00 +3.8160e+00 -3.2756e-01 -9.7403e-01 -2.5357e+00 -3.7975e+00 -2.5183e+00 -3.3087e+00 +1.4170e-01 +4.8429e-01
1290 +1.476071998e+05 +1.476071998e+05 +1.475587998e+05 +1.475587998e+05 +2.1712e+00 -3.1277e+00 +2.9238e+00 +1.4576e+00 +5.3888e-01 -1.1056e+00 -3.1723e+00 -9.4240e-01 +9.6216e-01 +4.5028e-01
2147 +8.952552337e+04 +8.952552337e+04 +8.947712337e+04 +8.947712337e+04 +2.3830e+00 -2.9857e+00 +2.8601e+00 +1.3755e+00 +8.4282e-01 -1.5098e+00 -3.1484e+00 -9.9110e-01 +6.6508e-01 +4.9457e-01
2284 +6.137130035e+04 +6.137130035e+04 +6.132290035e+04 +6.132290035e+04 +2.4474e+00 -2.9563e+00 +2.8435e+00 +1.4937e+00 +8.0384e-01 -1.4753e+00 -3.1734e+00 -9.5837e-01 +5.4617e-01 +5.2549e-01
2537 +3.437777769e+04 +3.437777769e+04 +3.432937769e+04 +3.432937769e+04 +2.4164e+00 -2.9253e+00 +2.8440e+00 +1.3744e+00 +8.3571e-01 -1.4257e+00 -3.0280e+00 -1.0674e+00 +4.0028e-01 +4.5353e-01
3148 +2.155138582e+04 +2.155138582e+04 +2.150298582e+04 +2.150298582e+04 +2.4346e+00 -2.8811e+00 +2.7120e+00 +1.3977e+00 +8.3205e-01 -1.2468e+00 -3.0577e+00 -1.0081e+00 +2.1360e-01 +4.1918e-01
3656 +1.515868499e+04 +1.515868499e+04 +1.511028499e+04 +1.511028499e+04 +2.5683e+00 -2.8590e+00 +2.6336e+00 +1.6090e+00 +9.3692e-01 -1.5873e+00 -3.1402e+00 -1.1349e+00 +5.9955e-02 +4.3150e-01
4781 +9.634190407e+03 +9.634190407e+03 +9.585790407e+03 +9.585790407e+03 +2.8175e+00 -2.9670e+00 +2.3904e+00 +1.6794e+00 +1.0396e+00 -1.9497e+00 -3.4669e+00 -1.1961e+00 +1.5768e-01 +4.4879e-01
6551 +5.951817279e+03 +5.951817279e+03 +5.903417279e+03 +5.903417279e+03 +2.5652e+00 -3.1921e+00 +2.2414e+00 +1.6435e+00 +1.1040e+00 -2.4198e+00 -3.8116e+00 -1.1749e+00 +1.8718e-01 +4.2209e-01
7807 +3.941777330e+03 +3.941777330e+03 +3.893377330e+03 +3.893377330e+03 +2.2820e+00 -3.0534e+00 +2.4676e+00 +1.4965e+00 +1.2703e+00 -2.6663e+00 -3.7871e+00 -1.0980e+00 +1.1180e-01 +4.2627e-01
11857 +2.449925654e+03 +2.449925654e+03 +2.401525654e+03 +2.401525654e+03 +2.2287e+00 -3.1186e+00 +2.7827e+00 +1.0525e+00 +1.6070e+00 -3.0043e+00 -3.9117e+00 -1.0966e+00 +1.0556e-01 +4.3510e-01
% function evaluation | noise-free fitness - Fopt (1.000000000000e+03) | best noise-free fitness - Fopt | measured fitness | best measured fitness | x1 | x2...
1 +1.840745830e+07 +1.840745830e+07 +1.840845830e+07 +1.840845830e+07 +9.7152e-01 -3.2070e+00 -3.6093e+00 +1.6270e+00 +2.4478e+00 +2.6161e+00 -3.8918e+00 +1.4563e-01 +1.5688e+00 +2.0318e+00
2 +1.037664795e+07 +1.037664795e+07 +1.037764795e+07 +1.037764795e+07 +2.1651e+00 +8.7935e-01 +8.3192e-01 -1.5227e+00 -9.8572e-01 +1.2390e+00 +1.7506e+00 +1.6446e+00 -2.2809e+00 +4.3918e-02
3 +2.328273294e+06 +2.328273294e+06 +2.329273294e+06 +2.329273294e+06 +3.6461e+00 +9.2471e-01 +2.7438e-01 -1.0824e+00 +3.9987e+00 +1.5458e-01 -5.8724e-01 -3.5220e+00 +2.3963e+00 -1.3049e+00
4 +5.046834144e+05 +5.046834144e+05 +5.056834144e+05 +5.056834144e+05 -1.7554e+00 -7.8286e-01 +2.0826e+00 -3.5001e+00 +6.0875e-02 -1.3346e+00 +3.3591e-01 +2.9065e+00 +1.7308e+00 -2.8335e+00
31 +2.551870374e+05 +2.551870374e+05 +2.561870374e+05 +2.561870374e+05 +2.5496e+00 -2.1505e-01 +9.6797e-01 -2.0335e+00 +1.9304e+00 -4.3768e-01 +2.2343e-01 +2.3454e+00 +1.7656e+00 -1.8869e+00
151 +1.700346554e+05 +1.700346554e+05 +1.710346554e+05 +1.710346554e+05 -1.4511e+00 -5.2629e-01 +1.5381e+00 -2.3691e+00 +8.5622e-01 -8.9174e-01 +2.1232e-01 +2.5002e+00 +1.7166e+00 -2.3097e+00
286 +1.428217506e+05 +1.428217506e+05 +1.438217506e+05 +1.438217506e+05 -1.5053e+00 -4.8199e-01 +1.4411e+00 -2.3822e+00 +9.5288e-01 -8.6395e-01 +1.2928e-01 +2.5804e+00 +1.7973e+00 -2.2866e+00
802 +9.447800162e+04 +9.447800162e+04 +9.547800162e+04 +9.547800162e+04 -1.5290e+00 -2.9163e-01 +1.3833e+00 -2.2047e+00 +9.9642e-01 -9.2120e-01 -1.5270e-01 +2.5432e+00 +1.9417e+00 -2.2235e+00
1070 +6.216181079e+04 +6.216181079e+04 +6.316181079e+04 +6.316181079e+04 -1.4926e+00 -3.3267e-01 +1.3855e+00 -2.2490e+00 +1.0326e+00 -9.6662e-01 -1.6848e-01 +2.5896e+00 +2.1223e+00 -2.1720e+00
1797 +3.788438577e+04 +3.788438577e+04 +3.888438577e+04 +3.888438577e+04 -1.5074e+00 -3.3747e-01 +1.2316e+00 -2.1057e+00 +9.7285e-01 -9.4021e-01 -3.9381e-01 +2.5811e+00 +2.3038e+00 -2.1919e+00
2767 +2.265154256e+04 +2.265154256e+04 +2.365154256e+04 +2.365154256e+04 -1.6721e-01 -4.5357e-01 +5.8823e-01 +3.2764e+00 -1.4393e+00 -2.6610e+00 -1.0772e+00 +2.3912e+00 +2.4135e+00 -2.1653e+00
3229 +1.537204782e+04 +1.537204782e+04 +1.637204782e+04 +1.637204782e+04 -2.2596e-01 -3.6400e-01 +4.5711e-01 +3.2170e+00 -1.4405e+00 -2.5063e+00 -1.1932e+00 +2.5111e+00 +2.3910e+00 -2.2192e+00
3887 +9.170639245e+03 +9.170639245e+03 +1.017063924e+04 +1.017063924e+04 -1.7873e-02 -4.5204e-01 +4.7802e-01 +3.1157e+00 -1.4883e+00 -2.5804e+00 -1.5002e+00 +2.6619e+00 +2.3523e+00 -2.1959e+00
4747 +6.067882016e+03 +6.067882016e+03 +7.067882016e+03 +7.067882016e+03 +4.7827e-02 -2.9876e-01 +3.5660e-01 +3.0295e+00 -1.2463e+00 -2.5452e+00 -1.6663e+00 +2.7052e+00 +2.3718e+00 -2.1719e+00
7281 +3.840344964e+03 +3.840344964e+03 +4.840344964e+03 +4.840344964e+03 -1.2293e-01 -6.3601e-01 +6.4094e-01 +2.7978e+00 -1.0788e+00 -2.8119e+00 -2.0099e+00 +2.6668e+00 +2.3961e+00 -2.2109e+00
11506 +2.152021239e+03 +2.152021239e+03 +3.152021239e+03 +3.152021239e+03 -1.2111e+00 -3.4723e-01 +2.7409e-01 -1.8600e+00 -1.2941e-01 -2.0642e+00 -2.1568e+00 +2.7644e+00 +2.3503e+00 -2.1851e+00
12893 +9.651045286e+02 +9.651045286e+02 +1.965104529e+03 +1.965104529e+03 -1.4440e+00 -4.6727e-01 +3.8120e-01 -2.2200e+00 -2.3224e-01 -2.4605e+00 -2.0693e+00 +2.7658e+00 +2.3665e+00 -2.1947e+00
% function evaluation | noise-free fitness - Fopt (3.261100000000e+02) | best noise-free fitness - Fopt | measured fitness | best measured fitness | x1 | x2...
1 +1.086400440e+07 +1.086400440e+07 +1.086433051e+07 +1.086433051e+07 -1.4459e+00 -4.6713e-03 -3.6151e+00 +1.0126e+00 +3.3270e+00 +1.8028e+00 -2.4659e+00 -1.3267e+00 +7.9621e-02 -2.5162e+00
2 +6.175225322e+06 +6.175225322e+06 +6.175551432e+06 +6.175551432e+06 -1.8457e+00 +6.6977e-01 +2.0766e+00 -5.7919e-01 +3.3630e+00 -3.4573e+00 -1.7926e+00 +2.5949e+00 +3.6585e+00 -1.8925e+00
3 +3.563898407e+06 +3.563898407e+06 +3.564224517e+06 +3.564224517e+06 +4.1807e-01 +1.5820e+00 +2.0551e+00 +2.3429e+00 -4.2888e-01 -1.9173e+00 -2.9886e+00 -2.2527e+00 -7.4977e-01 +1.3029e+00
4 +5.277488522e+05 +5.277488522e+05 +5.280749622e+05 +5.280749622e+05 +6.0714e-02 +1.3724e+00 +3.8524e+00 +9.8845e-02 +3.9586e+00 -3.4516e+00 +1.2772e-01 +2.6209e+00 +2.5219e+00 +3.8139e-02
79 +3.681911712e+05 +3.681911712e+05 +3.685172812e+05 +3.685172812e+05 -6.5930e-01 +3.6047e+00 +1.3279e-01 +2.3873e+00 -1.2565e+00 -2.3302e+00 -1.6585e+00 +2.2707e+00 +1.8568e+00 +9.8474e-01
202 +6.497905862e+04 +6.497905862e+04 +6.530516862e+04 +6.530516862e+04 -8.4031e-01 +3.6665e+00 +4.2260e-01 +2.4728e+00 -1.6963e+00 -3.5637e+00 -1.6153e+00 +2.9850e+00 +1.9587e+00 +5.0010e-01
334 +6.232252900e+04 +6.232252900e+04 +6.264863900e+04 +6.264863900e+04 -9.1726e-01 +3.6138e+00 +5.0197e-01 +2.4201e+00 -1.6441e+00 -3.5998e+00 -1.5524e+00 +3.0357e+00 +2.0428e+00 +5.3354e-01
745 +3.934634249e+04 +3.934634249e+04 +3.967245249e+04 +3.967245249e+04 -7.2486e-01 +3.5234e+00 +7.2299e-01 +2.4670e+00 -1.7513e+00 -3.5305e+00 -1.8464e+00 +3.2299e+00 +1.9074e+00 +5.4277e-01
1249 +2.449911108e+04 +2.449911108e+04 +2.482522108e+04 +2.482522108e+04 -9.8940e-01 +3.7739e+00 +4.8510e-01 +2.1216e+00 -1.3985e+00 -3.7805e+00 -2.0644e+00 +3.4553e+00 +1.8644e+00 +5.1035e-01
1971 +1.398677391e+04 +1.398677391e+04 +1.431288391e+04 +1.431288391e+04 -9.9430e-01 +3.8054e+00 +8.8152e-01 +2.5547e+00 -1.6662e+00 -3.3971e+00 -2.1994e+00 +3.6286e+00 +2.0118e+00 +5.2657e-01
2384 +9.594023400e+03 +9.594023400e+03 +9.920133400e+03 +9.920133400e+03 -9.5965e-01 +3.8297e+00 +6.3273e-01 +2.1635e+00 -1.3590e+00 -3.3395e+00 -2.1703e+00 +3.7735e+00 +1.8886e+00 +5.1839e-01
3494 +5.330234729e+03 +5.330234729e+03 +5.656344729e+03 +5.656344729e+03 -7.8553e-01 +3.5659e+00 +4.8615e-01 +2.0726e+00 -1.7495e+00 -3.3147e+00 -2.5030e+00 +3.8474e+00 +1.9011e+00 +4.9765e-01
3758 +3.602687997e+03 +3.602687997e+03 +3.928797997e+03 +3.928797997e+03 -7.7064e-01 +3.5345e+00 +4.6370e-01 +2.0788e+00 -1.9196e+00 -3.1823e+00 -2.5342e+00 +3.9634e+00 +1.9571e+00 +5.1894e-01
4263 +2.472048402e+03 +2.472048402e+03 +2.798158402e+03 +2.798158402e+03 -1.0989e+00 +3.3653e+00 +5.1848e-01 +2.0921e+00 -1.7687e+00 -3.1323e+00 -2.8647e+00 +4.0512e+00 +1.8941e+00 +5.2812e-01
5788 +1.544220800e+03 +1.544220800e+03 +1.870330800e+03 +1.870330800e+03 -5.5162e-01 +3.1888e+00 +4.4090e-01 +1.8857e+00 -1.9346e+00 -3.0808e+00 -2.8165e+00 +3.9763e+00 +1.9397e+00 +5.2502e-01
9133 +7.275792319e+02 +7.275792319e+02 +1.053689232e+03 +1.053689232e+03 -1.1252e+00 +2.7393e+00 +4.0289e-01 +2.3471e+00 -1.9594e+00 -2.5364e+00 -2.9546e+00 +3.9459e+00 +1.9321e+00 +5.1615e-01
12294 +5.610429106e+02 +5.610429106e+02 +8.871529106e+02 +8.871529106e+02 -1.0366e+00 +3.0515e+00 +4.0080e-01 +1.9022e+00 -1.9879e+00 -2.4674e+00 -2.9594e+00 +3.9772e+00 +1.9406e+00 +5.1262e-01
% function evaluation | noise-free fitness - Fopt (-4.682000000000e+01) | best noise-free fitness - Fopt | measured fitness | best measured fitness | x1 | x2...
1 +5.503134994e+07 +5.503134994e+07 +5.503130312e+07 +5.503130312e+07 +7.4921e-01 +3.4640e+00 -3.8451e+00 -1.4658e+00 -2.7612e+00 -1.3576e+00 +1.2952e+00 +1.2386e+00 +2.7076e+00 +3.5394e+00
2 +2.102983350e+07 +2.102983350e+07 +2.102978668e+07 +2.102978668e+07 -2.5497e+00 -2.6915e+00 +1.7947e+00 -4.8404e-01 -2.8677e+00 -1.3987e+00 -3.3992e+00 -3.5598e+00 +3.7700e+00 +7.6166e-01
3 +1.877791144e+06 +1.877791144e+06 +1.877744324e+06 +1.877744324e+06 +1.4390e+00 -2.2674e+00 +3.9219e+00 +1.0057e+00 -3.1727e+00 -3.8765e+00 -1.3241e+00 +2.3660e+00 -1.0506e+00 -3.0708e+00
58 +1.110768799e+06 +1.110768799e+06 +1.110721979e+06 +1.110721979e+06 -2.5090e-01 -2.3015e+00 -9.6858e-01 +1.8846e+00 -6.8204e-01 -1.4008e+00 +2.8496e+00 +5.9423e-01 +8.1246e-01 -2.9156e+00
59 +2.612513965e+05 +2.612513965e+05 +2.612045765e+05 +2.612045765e+05 +2.1184e+00 +3.0420e+00 -2.5781e+00 -3.0907e+00 -1.8047e+00 +1.3356e+00 -3.4396e+00 +3.0247e+00 +1.2064e+00 -3.9209e+00
79 +2.230990981e+05 +2.230990981e+05 +2.230522781e+05 +2.230522781e+05 +2.4827e+00 -1.6211e+00 -2.3695e+00 +3.4782e-01 -2.2652e+00 -2.1754e+00 -2.2913e+00 +3.2958e+00 +1.1387e+00 -3.8498e+00
202 +1.574742743e+05 +1.574742743e+05 +1.574274543e+05 +1.574274543e+05 +2.0877e+00 +3.1771e+00 -2.5118e+00 -3.1748e+00 -1.7738e+00 +1.2373e+00 -3.3772e+00 +3.1009e+00 +1.2244e+00 -3.7811e+00
335 +9.492631444e+04 +9.492631444e+04 +9.487949444e+04 +9.487949444e+04 +3.3474e+00 -2.3428e+00 -2.4830e+00 -5.3151e-01 -1.6929e+00 -9.9971e-01 -3.2678e+00 +3.2300e+00 +1.5217e+00 -3.7307e+00
464 +5.970048438e+04 +5.970048438e+04 +5.965366438e+04 +5.965366438e+04 +3.4052e+00 -2.4424e+00 -2.3495e+00 -3.0339e-01 -1.7048e+00 -9.8739e-01 -3.3200e+00 +3.0454e+00 +1.5783e+00 -3.6494e+00
728 +3.830873732e+04 +3.830873732e+04 +3.826191732e+04 +3.826191732e+04 +3.4195e+00 -2.3963e+00 -2.2517e+00 -4.1222e-01 -1.5561e+00 -8.4724e-01 -3.3418e+00 +3.0572e+00 +1.6579e+00 -3.5345e+00
1737 +2.343008300e+04 +2.343008300e+04 +2.338326300e+04 +2.338326300e+04 +3.3534e+00 -2.1590e+00 -2.2615e+00 -3.9961e-01 -1.3684e+00 -7.3332e-01 -3.0300e+00 +2.7431e+00 +1.7323e+00 -3.5669e+00
2622 +1.583161923e+04 +1.583161923e+04 +1.578479923e+04 +1.578479923e+04 +3.5056e+00 -2.2222e+00 -2.5081e+00 -2.8992e-01 -1.3949e+00 -3.7998e-01 -2.6362e+00 +2.7423e+00 +1.7840e+00 -3.5604e+00
5254 +9.651926722e+03 +9.651926722e+03 +9.605106722e+03 +9.605106722e+03 +3.4908e+00 -2.3936e+00 -2.4616e+00 -7.7365e-01 -8.2506e-01 -7.0294e-02 -2.3866e+00 +2.7870e+00 +1.7591e+00 -3.5325e+00
9544 +6.242121001e+03 +6.242121001e+03 +6.195301001e+03 +6.195301001e+03 +3.7249e+00 -1.9877e+00 -2.6536e+00 -4.0749e-01 -6.6867e-02 +2.3311e-01 -2.1722e+00 +2.7533e+00 +1.7818e+00 -3.5132e+00
% function evaluation | noise-free fitness - Fopt (-5.563000000000e+01) | best noise-free fitness - Fopt | measured fitness | best measured fitness | x1 | x2...
1 +8.568357395e+05 +8.568357395e+05 +8.567801095e+05 +8.567801095e+05 +6.5777e-01 -3.1253e+00 +2.0578e+00 -3.9210e+00 +2.1023e+00 -5.6232e-01 -1.9805e+00 +1.0100e+00 -1.6227e+00 -3.4310e+00
71 +4.767172137e+05 +4.767172137e+05 +4.766615837e+05 +4.766615837e+05 +2.4563e+00 -3.2275e+00 -2.2762e+00 +1.9709e-01 -3.0610e+00 -2.8599e+00 +1.5500e+00 +3.4650e-01 -4.9437e-01 -3.4844e+00
463 +3.877796770e+05 +3.877796770e+05 +3.877240470e+05 +3.877240470e+05 +2.4234e+00 -3.1958e+00 -2.2455e+00 +4.3931e-01 -2.8909e+00 -2.8702e+00 +1.4656e+00 +1.5075e-01 -4.1376e-01 -3.6081e+00
1246 +2.373278481e+05 +2.373278481e+05 +2.372722181e+05 +2.372722181e+05 +2.5656e+00 -3.2757e+00 -2.1691e+00 +7.7807e-01 -3.1135e+00 -2.8309e+00 +1.2785e+00 -2.6257e-01 -4.8553e-01 -3.7020e+00
2102 +1.550883338e+05 +1.550883338e+05 +1.550327038e+05 +1.550327038e+05 +2.3779e+00 -3.2271e+00 -2.0765e+00 +4.6815e-01 -3.3032e+00 -2.9081e+00 +1.0413e+00 -6.1062e-01 -6.4472e-01 -3.8053e+00
3485 +9.188398293e+04 +9.188398293e+04 +9.182835293e+04 +9.182835293e+04 +2.8182e+00 -3.0546e+00 -1.8804e+00 +4.9744e-01 -3.3565e+00 -3.1415e+00 +7.8460e-01 -1.2102e+00 -4.1137e-01 -3.7892e+00
3766 +6.165662023e+04 +6.165662023e+04 +6.160099023e+04 +6.160099023e+04 +2.8077e+00 -2.9617e+00 -2.0185e+00 +4.3699e-01 -3.3955e+00 -2.9992e+00 +7.0920e-01 -1.3801e+00 -4.7604e-01 -3.7451e+00
4732 +3.753871656e+04 +3.753871656e+04 +3.748308656e+04 +3.748308656e+04 +2.8180e+00 -2.9638e+00 -2.0592e+00 +5.4253e-01 -3.1258e+00 -3.1152e+00 +5.1479e-01 -1.8286e+00 -6.0432e-01 -3.7395e+00
5461 +1.974088662e+04 +1.974088662e+04 +1.968525662e+04 +1.968525662e+04 +1.5142e-01 -9.2840e-01 +1.8927e+00 -7.1544e-01 -1.0677e+00 -1.2457e+00 -7.0048e-01 -1.7729e+00 -5.6743e-01 -3.7026e+00
5601 +1.576371247e+04 +1.576371247e+04 +1.570808247e+04 +1.570808247e+04 +2.3620e-01 -9.0276e-01 +1.9163e+00 -6.7049e-01 -1.0301e+00 -1.3296e+00 -6.6009e-01 -1.8657e+00 -4.7698e-01 -3.7273e+00
6586 +9.548493371e+03 +9.548493371e+03 +9.492863371e+03 +9.492863371e+03 +2.4297e-01 -7.1639e-01 +1.8357e+00 -6.0626e-01 -1.0197e+00 -1.4386e+00 -7.1071e-01 -2.1076e+00 -5.5632e-01 -3.7087e+00
10130 +6.218222272e+03 +6.218222272e+03 +6.162592272e+03 +6.162592272e+03 +2.7376e-01 -6.9704e-01 +1.8000e+00 -9.9154e-01 -8.2112e-02 -1.5710e+00 -8.9293e-01 -2.2218e+00 -5.5571e-01 -3.7453e+00
14409 +3.876287280e+03 +3.876287280e+03 +3.820657280e+03 +3.820657280e+03 +3.1450e-01 -1.0237e+00 +1.8922e+00 -8.6753e-01 +2.8149e-02 -2.0161e+00 -8.7043e-01 -2.2458e+00 -5.5747e-01 -3.7249e+00
% function evaluation | noise-free fitness - Fopt (3.460000000000e+01) | best noise-free fitness - Fopt | measured fitness | best measured fitness | x1 | x2...
1 +6.235064147e+07 +6.235064147e+07 +6.235067607e+07 +6.235067607e+07 +1.5099e+00 -2.4624e+00 -7.7748e-01 -1.7174e+00 -2.4346e+00 -8.3604e-01 +2.7738e+00 +1.9308e-01 +2.9231e+00 +3.7675e+00
2 +9.583403581e+06 +9.583403581e+06 +9.583438181e+06 +9.583438181e+06 +1.9284e+00 -7.2064e-02 +8.6584e-01 +1.1377e+00 +6.4915e-01 +3.2647e+00 +2.0033e+00 -1.2656e+00 +3.2345e+00 -2.3824e+00
6 +3.851819597e+06 +3.851819597e+06 +3.851854197e+06 +3.851854197e+06 -3.4236e-01 +9.0003e-01 -1.6005e+00 -3.0902e-01 -3.8956e+00 +2.1637e+00 -3.5839e+00 +1.6349e+00 +6.9886e-01 -2.2410e+00
10 +6.557551182e+05 +6.557551182e+05 +6.557897182e+05 +6.557897182e+05 -1.3890e+00 +3.1530e-01 -2.9821e+00 -3.4929e+00 +3.7180e+00 +2.9818e+00 +3.7963e+00 +3.4748e+00 -3.2106e+00 -3.2163e+00
151 +6.186270226e+05 +6.186270226e+05 +6.186616226e+05 +6.186616226e+05 -1.3647e+00 +2.8829e-01 -3.0337e+00 -3.5600e+00 +3.8132e+00 +3.0245e+00 +3.7463e+00 +3.4027e+00 -3.1534e+00 -3.3273e+00
2061 +3.932647237e+05 +3.932647237e+05 +3.932993237e+05 +3.932993237e+05 -1.3312e+00 +3.0002e-01 -2.7045e+00 -3.3289e+00 +3.8233e+00 +2.8011e+00 +2.8813e+00 +2.9606e+00 -2.8342e+00 -3.3579e+00
3657 +2.493956158e+05 +2.493956158e+05 +2.494302158e+05 +2.494302158e+05 -1.3872e+00 -1.1441e-01 +8.4641e-01 -1.0420e+00 -2.9502e+00 +3.0790e-01 -1.2131e+00 +2.4627e-01 -2.3532e+00 -3.3042e+00
4779 +1.540538564e+05 +1.540538564e+05 +1.540884564e+05 +1.540884564e+05 -1.5230e+00 -4.7100e-02 +6.7808e-01 -1.0131e+00 -3.0727e+00 +2.9528e-01 -1.0238e+00 +7.5838e-01 -2.6389e+00 -3.3010e+00
5303 +9.921556094e+04 +9.921556094e+04 +9.925016094e+04 +9.925016094e+04 -1.5161e+00 +8.1482e-02 +5.8527e-01 -9.6390e-01 -3.0411e+00 +3.5288e-01 -1.2227e+00 +1.0624e+00 -2.8674e+00 -3.3304e+00
6163 +5.909603095e+04 +5.909603095e+04 +5.913063095e+04 +5.913063095e+04 -1.6153e+00 +1.4202e-01 +5.7408e-01 -9.9532e-01 -2.9625e+00 +5.3386e-01 -1.2435e+00 +1.4120e+00 -2.7596e+00 -3.3626e+00
7075 +3.852997695e+04 +3.852997695e+04 +3.856457695e+04 +3.856457695e+04 -1.6459e+00 +6.7889e-02 +3.7778e-01 -1.2350e+00 -2.7873e+00 +4.1873e-01 -1.1826e+00 +1.8217e+00 -2.7588e+00 -3.3464e+00
9568 +2.399037559e+04 +2.399037559e+04 +2.402497559e+04 +2.402497559e+04 -1.7302e+00 -3.4487e-01 -5.6175e-02 -9.7945e-01 -2.9489e+00 +1.6904e-01 -1.6188e+00 +2.3758e+00 -2.7942e+00 -3.3620e+00
9839 +1.506446408e+04 +1.506446408e+04 +1.509906408e+04 +1.509906408e+04 -1.7668e+00 -4.6065e-01 -1.2663e-01 -1.0837e+00 -3.0456e+00 +2.0640e-01 -1.7937e+00 +2.2905e+00 -2.8077e+00 -3.3157e+00
10949 +8.635481202e+03 +8.635481202e+03 +8.670081202e+03 +8.670081202e+03 -2.0183e+00 -3.0118e-01 -2.3318e-01 -1.2053e+00 -3.0093e+00 -2.5567e-01 -2.2231e+00 +2.2957e+00 -2.8166e+00 -3.3304e+00
11342 +6.188277309e+03 +6.188277309e+03 +6.222877309e+03 +6.222877309e+03 -2.2173e+00 -4.1898e-01 -3.0988e-01 -1.0829e+00 -2.9423e+00 -4.3604e-01 -2.4265e+00 +2.3293e+00 -2.8151e+00 -3.3328e+00
11607 +3.950966040e+03 +3.950966040e+03 +3.985566040e+03 +3.985566040e+03 -2.2129e+00 -3.7775e-01 -2.3099e-01 -1.1457e+00 -2.9391e+00 -5.9872e-01 -2.4790e+00 +2.2137e+00 -2.7504e+00 -3.3020e+00
13247 +2.269602981e+03 +2.269602981e+03 +2.304202981e+03 +2.304202981e+03 -2.0009e+00 -2.9239e-01 -1.0364e-01 -1.2823e+00 -2.7692e+00 -8.1364e-01 -2.7492e+00 +2.2208e+00 -2.7443e+00 -3.3178e+00
% function evaluation | noise-free fitness - Fopt (8.816000000000e+01) | best noise-free fitness - Fopt | measured fitness | best measured fitness | x1 | x2...
1 +4.340070877e+06 +4.340070877e+06 +4.340159037e+06 +4.340159037e+06 -1.3284e+00 -3.3019e+00 -3.5826e+00 -1.6493e-02 -3.1668e+00 -2.7262e+00 -3.0599e+00 +1.7208e+00 +3.1503e+00 +3.5036e+00
4 +1.501247987e+06 +1.501247987e+06 +1.501336147e+06 +1.501336147e+06 +3.8123e+00 -3.0394e+00 +1.5420e+00 +3.0893e+00 +2.8405e+00 -2.5151e+00 -3.8837e+00 -3.1102e+00 -3.7894e-01 +1.8715e+00
8 +8.706451590e+05 +8.706451590e+05 +8.707333190e+05 +8.707333190e+05 -3.6325e+00 +3.6447e+00 -7.8606e-01 +3.7035e+00 +3.3752e+00 -2.6895e+00 +1.8282e+00 -1.2115e+00 +5.8866e-01 +2.6049e+00
46 +3.794157385e+05 +3.794157385e+05 +3.795038985e+05 +3.795038985e+05 -2.6845e+00 -2.3048e+00 +3.0123e+00 +3.3025e+00 +2.3880e-01 +1.6165e+00 +3.7636e+00 +7.8008e-01 -8.1336e-01 +1.8872e+00
124 +2.511098059e+05 +2.511098059e+05 +2.511979659e+05 +2.511979659e+05 -2.2140e+00 +2.4446e+00 +8.0080e-01 -3.4319e-01 -5.4076e-01 -1.2443e+00 +1.2840e+00 +2.5060e-01 +2.6422e-01 +1.5138e+00
506 +1.574461621e+05 +1.574461621e+05 +1.575343221e+05 +1.575343221e+05 -2.2367e+00 +2.3170e+00 +8.3961e-01 -3.3809e-01 -4.2965e-01 -1.0062e+00 +1.1803e+00 +2.8272e-01 +1.6904e-01 +1.6913e+00
767 +9.667600644e+04 +9.667600644e+04 +9.676416644e+04 +9.676416644e+04 -1.9360e+00 +2.4802e+00 +1.0841e+00 -3.7280e-01 -2.8303e-01 -1.0500e+00 +1.3063e+00 +4.0771e-01 +2.9335e-01 +1.8137e+00
1121 +5.849459361e+04 +5.849459361e+04 +5.858275361e+04 +5.858275361e+04 -2.5498e+00 -2.2054e+00 +3.1787e+00 +3.3013e+00 +5.4563e-01 +1.3093e+00 +3.4010e+00 +1.0085e+00 -6.4437e-02 +1.8773e+00
1587 +3.789723209e+04 +3.789723209e+04 +3.798539209e+04 +3.798539209e+04 -2.4269e+00 -2.2764e+00 +3.1957e+00 +3.4201e+00 +5.6285e-01 +1.3565e+00 +3.3276e+00 +1.0636e+00 +1.1708e-01 +1.9634e+00
1717 +2.476943655e+04 +2.476943655e+04 +2.485759655e+04 +2.485759655e+04 -2.6007e+00 -2.2045e+00 +3.0829e+00 +3.2934e+00 +3.5675e-01 +1.3830e+00 +3.2832e+00 +9.6153e-01 +1.7347e-01 +1.8378e+00
1844 +1.354566047e+04 +1.354566047e+04 +1.363382047e+04 +1.363382047e+04 -2.5483e+00 -2.3608e+00 +2.9016e+00 +3.4287e+00 +5.3350e-01 +1.2161e+00 +3.4390e+00 +1.1065e+00 +2.6268e-01 +1.8690e+00
1985 +9.614424877e+03 +9.614424877e+03 +9.702584877e+03 +9.702584877e+03 -2.4510e+00 -2.3024e+00 +3.0645e+00 +3.1842e+00 +5.9970e-01 +1.2753e+00 +3.3935e+00 +1.2402e+00 +2.6318e-01 +1.8436e+00
2107 +6.121062542e+03 +6.121062542e+03 +6.209222542e+03 +6.209222542e+03 -2.6116e+00 -2.4348e+00 +2.8185e+00 +3.3520e+00 +5.2207e-01 +1.2157e+00 +3.3384e+00 +1.2603e+00 +3.3731e-01 +1.8361e+00
2372 +2.971979667e+03 +2.971979667e+03 +3.060139667e+03 +3.060139667e+03 -2.6303e+00 -2.3750e+00 +2.9946e+00 +3.3164e+00 +5.2641e-01 +1.2178e+00 +3.2334e+00 +1.3990e+00 +3.5652e-01 +1.8527e+00
2755 +2.439615854e+03 +2.439615854e+03 +2.527775854e+03 +2.527775854e+03 -2.4808e+00 -2.4663e+00 +3.0251e+00 +3.3270e+00 +5.2292e-01 +1.2289e+00 +3.1713e+00 +1.4398e+00 +4.1803e-01 +1.8591e+00
4157 +1.500653039e+03 +1.500653039e+03 +1.588813039e+03 +1.588813039e+03 -2.4874e+00 -2.4203e+00 +3.2703e+00 +3.2869e+00 +2.4559e-01 +1.2391e+00 +2.9490e+00 +1.4708e+00 +3.7681e-01 +1.8575e+00
12282 +8.287230949e+02 +8.287230949e+02 +9.168830949e+02 +9.168830949e+02 -2.1813e+00 -2.2879e+00 +3.0080e+00 +3.2214e+00 -2.7951e-02 +9.0860e-01 +2.8252e+00 +1.4514e+00 +3.9589e-01 +1.8535e+00
14839 +6.063183764e+02 +6.063183764e+02 +6.944783764e+02 +6.944783764e+02 -2.1354e+00 -2.5373e+00 +2.7385e+00 +3.4439e+00 -4.1073e-01 +7.6381e-01 +2.9030e+00 +1.3920e+00 +3.9037e-01 +1.8538e+00
% function evaluation | noise-free fitness - Fopt (-1.866200000000e+02) | best noise-free fitness - Fopt | measured fitness | best measured fitness | x1 | x2...
1 +6.716680072e+06 +6.716680072e+06 +6.716493452e+06 +6.716493452e+06 +2.2234e+00 +2.0185e-01 -9.5552e-01 +2.3711e+00 -2.9795e+00 -2.3005e+00 +3.2356e+00 +3.9725e+00 +1.3659e+00 +2.3074e+00
2 +6.121226940e+06 +6.121226940e+06 +6.121040320e+06 +6.121040320e+06 -5.3593e-01 -3.4644e+00 -2.6306e+00 +1.3276e+00 -8.3031e-01 +3.7557e-01 -6.7905e-01 +5.0074e-01 +1.6664e+00 -1.3537e+00
4 +2.835304104e+06 +2.835304104e+06 +2.835117484e+06 +2.835117484e+06 -2.0216e+00 -2.5092e+00 +3.1944e+00 -2.2163e+00 +2.7496e+00 -3.3122e+00 +3.7900e+00 -3.5964e+00 -1.0063e+00 -6.8135e-01
18 +1.200801526e+06 +1.200801526e+06 +1.200614906e+06 +1.200614906e+06 -1.1693e+00 +9.3509e-01 -4.2020e-01 -3.1884e-01 -1.3701e-02 +3.4456e-02 -1.2263e+00 -2.2285e+00 -3.5534e+00 +1.9659e-01
21 +6.283715001e+05 +6.283715001e+05 +6.281848801e+05 +6.281848801e+05 -1.1584e+00 +8.5558e-01 -8.6237e-01 -2.3714e+00 -2.6052e+00 +1.0500e+00 -1.2488e+00 -5.6979e-01 -6.7629e-01 +2.0460e-01
74 +1.640148529e+05 +1.640148529e+05 +1.638282329e+05 +1.638282329e+05 -2.4237e+00 -7.4045e-01 -1.6880e+00 +7.7732e-01 +3.6139e+00 +1.4783e+00 -2.9927e+00 +1.8096e-01 -1.8420e+00 +6.6876e-01
76 +1.382508751e+05 +1.382508751e+05 +1.380642551e+05 +1.380642551e+05 +9.0541e-02 -2.2056e+00 -1.4537e+00 -2.7369e-01 +3.5533e+00 +2.0489e+00 -2.4817e+00 +5.0873e-01 -1.6464e+00 +6.3121e-01
214 +9.717625484e+04 +9.717625484e+04 +9.698963484e+04 +9.698963484e+04 +6.9878e-02 -2.1432e+00 -1.3991e+00 -3.3622e-01 +3.4535e+00 +1.9753e+00 -2.5587e+00 +5.9008e-01 -1.5583e+00 +5.3758e-01
462 +4.414920535e+04 +4.414920535e+04 +4.396258535e+04 +4.396258535e+04 -3.2823e-02 -2.0747e+00 -1.5670e+00 -4.5846e-01 +3.4590e+00 +1.8628e+00 -2.7297e+00 +6.2526e-01 -1.6964e+00 +3.8334e-01
595 +3.804665962e+04 +3.804665962e+04 +3.786003962e+04 +3.786003962e+04 -1.4055e-02 -2.0799e+00 -1.5468e+00 -4.1247e-01 +3.6276e+00 +1.9232e+00 -2.7088e+00 +5.8077e-01 -1.7624e+00 +3.5472e-01
856 +2.357679174e+04 +2.357679174e+04 +2.339017174e+04 +2.339017174e+04 -9.8011e-02 -1.9517e+00 -1.5559e+00 -5.1655e-01 +3.3531e+00 +1.7086e+00 -2.7760e+00 +6.7777e-01 -1.9060e+00 +3.2236e-01
1581 +1.468545403e+04 +1.468545403e+04 +1.449883403e+04 +1.449883403e+04 -1.1690e-01 -2.1690e+00 -1.6920e+00 -5.3387e-01 +3.5876e+00 +1.7773e+00 -2.5623e+00 +9.6955e-01 -1.9935e+00 +3.6544e-01
3107 +9.761780349e+03 +9.761780349e+03 +9.575160349e+03 +9.575160349e+03 -1.9425e-01 -2.0336e+00 -1.5392e+00 -5.7909e-01 +3.3598e+00 +1.3605e+00 -2.6989e+00 +1.1313e+00 -1.9790e+00 +3.5361e-01
5739 +6.054715945e+03 +6.054715945e+03 +5.868095945e+03 +5.868095945e+03 -8.0068e-01 +6.5812e-01 -1.0987e+00 -2.8253e+00 -1.2561e+00 +7.8504e-01 -2.3789e+00 +1.1578e+00 -1.9817e+00 +3.7074e-01
7580 +3.831156323e+03 +3.831156323e+03 +3.644536323e+03 +3.644536323e+03 -6.2857e-01 +2.4994e-01 -7.4990e-01 -2.9410e+00 -1.3919e+00 +4.6718e-01 -2.5311e+00 +1.1403e+00 -1.9483e+00 +3.5522e-01
9218 +2.435495086e+03 +2.435495086e+03 +2.248875086e+03 +2.248875086e+03 -8.5268e-01 +4.1975e-01 -5.5041e-01 -2.8214e+00 -1.3032e+00 +4.3766e-01 -2.8016e+00 +1.2099e+00 -1.9627e+00 +3.4494e-01
10601 +1.179241475e+03 +1.179241475e+03 +9.926214753e+02 +9.926214753e+02 -9.5411e-01 +4.6260e-01 -5.6258e-01 -2.9112e+00 -8.5892e-01 +1.3939e-01 -2.8631e+00 +1.2026e+00 -1.9746e+00 +3.5639e-01
11379 +9.990029995e+02 +9.990029995e+02 +8.123829995e+02 +8.123829995e+02 -9.8045e-01 +7.2407e-01 -2.9212e-01 -3.1289e+00 -6.8901e-01 +4.2857e-02 -2.9780e+00 +1.1327e+00 -2.0049e+00 +3.5321e-01
11388 +5.978460422e+02 +5.978460422e+02 +4.112260422e+02 +4.112260422e+02 -1.2742e+00 +7.3784e-01 -4.6517e-01 -2.9495e+00 -4.9806e-01 -1.1516e-01 -2.8862e+00 +1.1716e+00 -1.9827e+00 +3.4903e-01
