% function evaluation | noise-free fitness - Fopt (-9.210000000000e+00) | best noise-free fitness - Fopt | measured fitness | best measured fitness | x1 | x2...
1 +3.816765089e+01 +3.816765089e+01 +2.895765089e+01 +2.895765089e+01 +1.1416e+00 +1.5691e+00
9 +1.958722651e+01 +1.958722651e+01 +1.037722651e+01 +1.037722651e+01 -1.1617e+00 +3.6575e+00
16 +1.393629147e+01 +1.393629147e+01 +4.726291469e+00 +4.726291469e+00 +1.7082e+00 +3.9356e+00
121 +5.650183324e+00 +5.650183324e+00 -3.559816676e+00 -3.559816676e+00 +1.4666e+00 +4.7883e+00
205 +3.871667437e+00 +3.871667437e+00 -5.338332563e+00 -5.338332563e+00 +1.1283e+00 +5.2080e+00
216 +2.245764207e+00 +2.245764207e+00 -6.964235793e+00 -6.964235793e+00 +2.7542e+00 +5.2530e+00
270 +8.286595553e-01 +8.286595553e-01 -8.381340445e+00 -8.381340445e+00 +4.1713e+00 +5.4277e+00
313 +5.041468938e-02 +5.041468938e-02 -9.159585311e+00 -9.159585311e+00 +4.9496e+00 +5.1930e+00
416 +0.000000000e+00 +0.000000000e+00 -9.210000000e+00 -9.210000000e+00 +5.0052e+00 +5.2138e+00
