% function evaluation | noise-free fitness - Fopt (7.948000000000e+01) | best noise-free fitness - Fopt | measured fitness | best measured fitness | x1 | x2...
1 +9.766442918e+01 +9.766442918e+01 +1.771444292e+02 +1.771444292e+02 +9.4320e+00 -4.8184e+00
5 +6.078812696e+01 +6.078812696e+01 +1.402681270e+02 +1.402681270e+02 -4.3368e+00 +5.1459e+00
8 +1.550315291e+00 +1.550315291e+00 +8.103031529e+01 +8.103031529e+01 +3.7745e-01 +8.2061e-02
59 +4.058072864e-01 +4.058072864e-01 +7.988580729e+01 +7.988580729e+01 -2.9945e-01 -1.4743e+00
129 +3.281602642e-01 +3.281602642e-01 +7.980816026e+01 +7.980816026e+01 -1.4503e-01 -7.4462e-01
168 +1.005930127e-02 +1.005930127e-02 +7.949005930e+01 +7.949005930e+01 +2.1860e-01 -1.2511e+00
276 +6.418126217e-03 +6.418126217e-03 +7.948641813e+01 +7.948641813e+01 +3.3129e-01 -1.1408e+00
549 +4.543480596e-03 +4.543480596e-03 +7.948454348e+01 +7.948454348e+01 +2.4436e-01 -1.0899e+00
771 +1.473553275e-03 +1.473553275e-03 +7.948147355e+01 +7.948147355e+01 +2.9071e-01 -1.1628e+00
