% function evaluation | noise-free fitness - Fopt (-1.000000000000e+03) | best noise-free fitness - Fopt | measured fitness | best measured fitness | x1 | x2...
1 +8.621548070e+01 +8.621548070e+01 -9.137845193e+02 -9.137845193e+02 -3.1657e+00 +2.5802e+00 -2.5262e+00 -3.4913e+00 +3.1968e+00 -2.8459e+00 +9.0744e-01 +1.7577e+00 -2.9696e+00 -1.1617e+00
15 +6.294219186e+01 +6.294219186e+01 -9.370578081e+02 -9.370578081e+02 +2.0881e+00 +7.9954e-02 +3.0057e+00 -2.6355e+00 +3.7590e+00 -9.7579e-01 +3.8760e+00 +1.8091e-03 -1.7514e+00 +2.5667e+00
802 +3.836318508e+01 +3.836318508e+01 -9.616368149e+02 -9.616368149e+02 +1.9780e+00 -1.5926e-01 +3.4367e+00 -2.8753e+00 +3.5173e+00 -9.5997e-01 +3.8505e+00 -1.2086e-01 -1.5338e+00 +2.6771e+00
1541 +2.394260004e+01 +2.394260004e+01 -9.760574000e+02 -9.760574000e+02 +1.9888e+00 -3.9545e-01 +3.5612e+00 -2.8422e+00 +3.3560e+00 -1.0650e+00 +4.0747e+00 -1.1710e-01 -1.3666e+00 +2.8832e+00
2191 +1.472509253e+01 +1.472509253e+01 -9.852749075e+02 -9.852749075e+02 +2.2844e+00 -5.7995e-01 +3.6764e+00 -2.8757e+00 +3.1574e+00 -1.2999e+00 +4.1337e+00 -2.7495e-01 -1.2344e+00 +2.9659e+00
2703 +9.831847822e+00 +9.831847822e+00 -9.901681522e+02 -9.901681522e+02 +2.2919e+00 -6.0903e-01 +3.8976e+00 -2.9896e+00 +3.0452e+00 -1.2313e+00 +4.3119e+00 -4.1817e-01 -9.2484e-01 +3.0902e+00
3962 +6.262334437e+00 +6.262334437e+00 -9.937376656e+02 -9.937376656e+02 +2.3379e+00 -1.0191e+00 +3.8424e+00 -3.0052e+00 +3.1477e+00 -1.4192e+00 +4.3139e+00 -5.0499e-01 -3.3901e-01 +2.8649e+00
5347 +3.931986472e+00 +3.931986472e+00 -9.960680135e+02 -9.960680135e+02 +2.4318e+00 -1.4214e+00 +3.8313e+00 -2.7360e+00 +3.1596e+00 -1.4043e+00 +4.4530e+00 -7.6174e-01 +7.8478e-02 +2.5815e+00
9132 +2.502336782e+00 +2.502336782e+00 -9.974976632e+02 -9.974976632e+02 +1.1949e+00 +3.4142e-01 +3.1747e-01 +3.1022e+00 +3.3050e+00 -3.8809e-01 +5.6408e-01 +2.4193e+00 +3.6069e+00 +1.2622e+00
% function evaluation | noise-free fitness - Fopt (1.000000000000e+03) | best noise-free fitness - Fopt | measured fitness | best measured fitness | x1 | x2...
1 +8.152881281e+01 +8.152881281e+01 +1.081528813e+03 +1.081528813e+03 -1.6764e+00 -8.7722e-01 -7.1328e-01 -4.2146e-02 +1.5888e+00 -6.4598e-01 -2.0777e+00 -3.4896e+00 -2.6131e+00 +3.2310e+00
388 +6.000112533e+01 +6.000112533e+01 +1.060001125e+03 +1.060001125e+03 +5.8345e-02 +1.8458e-02 +1.1880e-02 -3.3882e+00 -7.9298e-01 -7.4024e-01 -6.0949e-01 -2.8899e+00 -5.3713e-01 +2.9938e+00
1758 +3.919711994e+01 +3.919711994e+01 +1.039197120e+03 +1.039197120e+03 -2.1985e-01 +2.0796e-01 +3.5576e-02 -3.2348e+00 -6.0764e-01 -8.2002e-01 -1.1953e+00 -3.0748e+00 -6.0690e-01 +3.0479e+00
3398 +2.470303220e+01 +2.470303220e+01 +1.024703032e+03 +1.024703032e+03 -6.6286e-01 +3.4475e-02 +2.0061e-01 -3.0439e+00 -6.8803e-01 -7.4800e-01 -1.6783e+00 -3.5260e+00 -1.2025e+00 +3.0170e+00
4907 +1.569507812e+01 +1.569507812e+01 +1.015695078e+03 +1.015695078e+03 -9.4983e-01 -5.1646e-01 +8.8964e-01 -3.0048e+00 -8.7020e-01 -4.3945e-01 -2.3143e+00 -3.6896e+00 -1.2640e+00 +3.1159e+00
7066 +9.963732837e+00 +9.963732837e+00 +1.009963733e+03 +1.009963733e+03 -1.3388e+00 -1.1692e+00 +1.3910e+00 -2.9291e+00 -1.1085e+00 -2.1122e-01 -2.6237e+00 -3.9743e+00 -1.4172e+00 +3.0858e+00
% function evaluation | noise-free fitness - Fopt (-4.913000000000e+01) | best noise-free fitness - Fopt | measured fitness | best measured fitness | x1 | x2...
1 +8.036038336e+01 +8.036038336e+01 +3.123038336e+01 +3.123038336e+01 -1.9637e+00 -3.4864e+00 -1.0221e+00 +2.5555e+00 +2.8421e-01 +3.8830e+00 +2.9452e+00 -1.6696e+00 +2.0182e+00 -1.0873e+00
44 +5.724217225e+01 +5.724217225e+01 +8.112172249e+00 +8.112172249e+00 +2.9974e+00 -1.2337e+00 -3.8918e+00 -2.6252e+00 +7.8690e-01 +1.4818e+00 +9.1318e-01 +3.4809e+00 +4.5872e-01 +1.1409e+00
852 +3.795972541e+01 +3.795972541e+01 -1.117027459e+01 -1.117027459e+01 +3.1020e+00 -1.1454e+00 -3.6889e+00 -2.3805e+00 +1.1298e+00 +1.3676e+00 +1.0091e+00 +3.0604e+00 +3.7491e-01 +1.0479e+00
1985 +2.501844325e+01 +2.501844325e+01 -2.411155675e+01 -2.411155675e+01 +3.0483e+00 -1.3920e+00 -3.2558e+00 -2.3551e+00 +1.3808e+00 +1.4228e+00 +4.8194e-01 +2.8100e+00 +3.8636e-01 +1.3923e+00
3378 +1.577580452e+01 +1.577580452e+01 -3.335419548e+01 -3.335419548e+01 +3.3360e+00 -1.8236e+00 -3.0160e+00 -2.1820e+00 +1.6942e+00 +1.1952e+00 +2.5236e-01 +2.3889e+00 +1.4883e-01 +1.8020e+00
4605 +9.881696613e+00 +9.881696613e+00 -3.924830339e+01 -3.924830339e+01 +3.8933e+00 -2.1408e+00 -2.4776e+00 -2.3054e+00 +1.9760e+00 +1.0913e+00 +3.3640e-01 +2.4262e+00 +4.7952e-03 +1.8815e+00
6515 +6.188729871e+00 +6.188729871e+00 -4.294127013e+01 -4.294127013e+01 +4.2748e+00 -2.6910e+00 -2.3603e+00 -2.1955e+00 +2.4407e+00 +6.9792e-01 +2.2724e-01 +2.3775e+00 -2.0447e-01 +2.3087e+00
7887 +3.711020710e+00 +3.711020710e+00 -4.541897929e+01 -4.541897929e+01 +4.5813e+00 -2.9543e+00 -2.6456e+00 -1.8301e+00 +2.6625e+00 +3.2435e-01 +1.7892e-01 +2.0806e+00 -2.5531e-01 +2.5755e+00
9548 +2.459166744e+00 +2.459166744e+00 -4.667083326e+01 -4.667083326e+01 +4.7074e+00 -3.1821e+00 -2.6736e+00 -2.0212e+00 +3.0183e+00 +2.3777e-01 -1.9168e-01 +1.9292e+00 -3.9731e-01 +3.2069e+00
% function evaluation | noise-free fitness - Fopt (2.977300000000e+02) | best noise-free fitness - Fopt | measured fitness | best measured fitness | x1 | x2...
1 +8.192210847e+01 +8.192210847e+01 +3.796521085e+02 +3.796521085e+02 +3.9672e+00 -4.0665e-02 -1.2369e+00 -1.4096e+00 +2.4924e+00 -2.7434e+00 +3.0211e+00 -1.9984e-01 +3.3343e+00 -3.4737e+00
90 +4.281966825e+01 +4.281966825e+01 +3.405496682e+02 +3.405496682e+02 +5.0029e-01 +1.6530e+00 -9.1399e-01 +2.2309e+00 +1.1193e-01 -3.4459e-01 +2.1960e+00 +6.0576e-01 +2.5597e+00 +2.4328e+00
334 +3.953870066e+01 +3.953870066e+01 +3.372687007e+02 +3.372687007e+02 +6.3336e-01 +1.6561e+00 -1.0524e+00 +2.1067e+00 +7.7578e-03 -4.0987e-01 +2.1643e+00 +6.7041e-01 +2.5220e+00 +2.4173e+00
1246 +2.442132391e+01 +2.442132391e+01 +3.221513239e+02 +3.221513239e+02 +1.2862e+00 +1.7395e+00 -1.1433e+00 +1.8783e+00 -1.7835e-01 -2.9742e-01 +2.4357e+00 +1.0899e+00 +2.5065e+00 +2.7687e+00
2237 +1.537188415e+01 +1.537188415e+01 +3.131018842e+02 +3.131018842e+02 +1.5323e+00 +1.7209e+00 -8.0138e-01 +1.6435e+00 -6.7339e-02 -4.6435e-01 +2.5973e+00 +1.4914e+00 +2.7306e+00 +3.1110e+00
3225 +9.607848890e+00 +9.607848890e+00 +3.073378489e+02 +3.073378489e+02 +1.6835e+00 +1.6954e+00 -5.3912e-01 +1.6742e+00 +1.0051e-01 -3.5620e-01 +2.8093e+00 +1.9652e+00 +2.9356e+00 +3.1990e+00
4262 +6.220073425e+00 +6.220073425e+00 +3.039500734e+02 +3.039500734e+02 +2.0479e+00 +1.5350e+00 -3.1932e-01 +1.7583e+00 +5.0722e-02 +1.3075e-01 +2.4922e+00 +2.4232e+00 +3.1415e+00 +3.4693e+00
5140 +3.953687276e+00 +3.953687276e+00 +3.016836873e+02 +3.016836873e+02 +2.2954e+00 +1.4408e+00 -2.0889e-01 +1.6085e+00 -3.5065e-02 +1.2853e-01 +2.3955e+00 +2.5737e+00 +3.2622e+00 +3.7118e+00
5788 +2.510698058e+00 +2.510698058e+00 +3.002406981e+02 +3.002406981e+02 +2.5723e+00 +1.3170e+00 -1.0137e-01 +1.7459e+00 -1.8049e-01 +3.3001e-01 +2.1111e+00 +2.8651e+00 +3.3146e+00 +3.8282e+00
% function evaluation | noise-free fitness - Fopt (5.157000000000e+01) | best noise-free fitness - Fopt | measured fitness | best measured fitness | x1 | x2...
1 +7.924701582e+01 +7.924701582e+01 +1.308170158e+02 +1.308170158e+02 +1.4892e+00 +4.9885e-01 -1.7558e+00 -2.0755e+00 +2.9500e+00 +2.6855e+00 +1.3730e+00 -1.4409e+00 +5.8149e-01 +3.5498e+00
22 +6.207101234e+01 +6.207101234e+01 +1.136410123e+02 +1.136410123e+02 -2.3513e+00 +2.2606e+00 -1.5774e+00 -1.5578e+00 -2.0810e+00 -5.2920e-01 +1.7965e+00 +2.8971e+00 -1.4785e+00 -2.5536e+00
998 +3.923570640e+01 +3.923570640e+01 +9.080570640e+01 +9.080570640e+01 +3.1652e+00 +3.1564e+00 -3.5327e+00 -9.1312e-01 -8.3532e-01 +1.1050e+00 -2.5793e+00 +2.6502e+00 -1.2685e+00 -1.2554e+00
1582 +2.481985991e+01 +2.481985991e+01 +7.638985991e+01 +7.638985991e+01 +3.0832e+00 +3.2436e+00 -3.5849e+00 -1.1329e+00 -8.9059e-01 +1.3533e+00 -2.6597e+00 +2.3964e+00 -1.5566e+00 -1.0427e+00
1975 +1.351110649e+01 +1.351110649e+01 +6.508110649e+01 +6.508110649e+01 +3.1794e+00 +3.2559e+00 -3.3949e+00 -1.1812e+00 -9.1105e-01 +1.4749e+00 -2.2669e+00 +2.4939e+00 -1.7541e+00 -9.4911e-01
2236 +9.949652901e+00 +9.949652901e+00 +6.151965290e+01 +6.151965290e+01 +3.0730e+00 +3.3184e+00 -3.3611e+00 -1.2680e+00 -8.3560e-01 +1.2778e+00 -2.5149e+00 +2.4082e+00 -1.9404e+00 -1.0300e+00
2762 +4.735516217e+00 +4.735516217e+00 +5.630551622e+01 +5.630551622e+01 +2.9820e+00 +3.3581e+00 -3.1512e+00 -1.2588e+00 -7.7032e-01 +1.2110e+00 -2.2395e+00 +2.4729e+00 -2.1981e+00 -9.2386e-01
3101 +2.929009863e+00 +2.929009863e+00 +5.449900986e+01 +5.449900986e+01 +2.8930e+00 +3.3870e+00 -3.1825e+00 -1.2209e+00 -6.9949e-01 +1.1299e+00 -2.1731e+00 +2.2619e+00 -2.2510e+00 -9.8307e-01
3229 +2.434659470e+00 +2.434659470e+00 +5.400465947e+01 +5.400465947e+01 +2.8963e+00 +3.4148e+00 -3.1949e+00 -1.2882e+00 -6.2023e-01 +1.2237e+00 -2.0984e+00 +2.2924e+00 -2.2785e+00 -9.8301e-01
3753 +1.548086529e+00 +1.548086529e+00 +5.311808653e+01 +5.311808653e+01 +2.7152e+00 +3.2202e+00 -3.1097e+00 -1.2833e+00 -5.9633e-01 +1.3193e+00 -1.8950e+00 +2.2246e+00 -2.5593e+00 -8.8922e-01
4017 +8.927703413e-01 +8.927703413e-01 +5.246277034e+01 +5.246277034e+01 +2.7094e+00 +3.4267e+00 -3.0442e+00 -1.2741e+00 -6.0963e-01 +1.3478e+00 -1.8550e+00 +2.2005e+00 -2.6066e+00 -8.3816e-01
4284 +5.901643241e-01 +5.901643241e-01 +5.216016432e+01 +5.216016432e+01 +2.7227e+00 +3.3361e+00 -2.9108e+00 -1.4113e+00 -4.4470e-01 +1.4393e+00 -1.6980e+00 +2.1551e+00 -2.5495e+00 -7.5010e-01
5792 +3.707882227e-01 +3.707882227e-01 +5.194078822e+01 +5.194078822e+01 +2.7286e+00 +2.9415e+00 -2.6359e+00 -1.2040e+00 -3.1883e-01 +1.7175e+00 -1.3195e+00 +2.2635e+00 -2.5753e+00 -7.7509e-01
6252 +2.447984118e-01 +2.447984118e-01 +5.181479841e+01 +5.181479841e+01 +2.5954e+00 +2.8522e+00 -2.6061e+00 -1.1633e+00 -2.8137e-01 +1.8082e+00 -1.1833e+00 +2.2390e+00 -2.4766e+00 -8.8120e-01
7624 +1.495277350e-01 +1.495277350e-01 +5.171952774e+01 +5.171952774e+01 +2.4825e+00 +2.7274e+00 -2.6097e+00 -1.3945e+00 +5.7228e-02 +2.0375e+00 -1.0398e+00 +2.2144e+00 -2.4351e+00 -1.1083e+00
8661 +9.804082302e-02 +9.804082302e-02 +5.166804082e+01 +5.166804082e+01 +2.5774e+00 +2.4166e+00 -2.5630e+00 -9.0031e-01 -1.7896e-01 +2.0114e+00 -9.7083e-01 +2.3615e+00 -2.5461e+00 -1.1020e+00
9543 +5.984527549e-02 +5.984527549e-02 +5.162984528e+01 +5.162984528e+01 +2.6294e+00 +2.2992e+00 -2.6982e+00 -9.1530e-01 +2.4472e-02 +2.0201e+00 -7.3040e-01 +2.4186e+00 -2.5675e+00 -1.2406e+00
10329 +3.760875618e-02 +3.760875618e-02 +5.160760876e+01 +5.160760876e+01 +2.5688e+00 +2.1223e+00 -2.5206e+00 -8.2282e-01 -2.3304e-02 +1.8876e+00 -4.7071e-01 +2.4780e+00 -2.4047e+00 -1.3584e+00
11686 +1.596033078e-02 +1.596033078e-02 +5.158596033e+01 +5.158596033e+01 +2.5720e+00 +1.9846e+00 -2.4916e+00 -9.9975e-01 +2.3005e-01 +2.2976e+00 -4.2701e-01 +2.5566e+00 -2.3961e+00 -1.3736e+00
12561 +1.532849393e-02 +1.532849393e-02 +5.158532849e+01 +5.158532849e+01 +2.4797e+00 +1.8886e+00 -2.4165e+00 -9.5039e-01 +2.9371e-01 +2.3222e+00 -4.6466e-01 +2.3466e+00 -2.4108e+00 -1.3848e+00
14701 +7.645812576e-03 +7.645812576e-03 +5.157764581e+01 +5.157764581e+01 +2.5662e+00 +1.6968e+00 -2.4627e+00 -1.0580e+00 +6.0453e-01 +2.6077e+00 -1.6488e-01 +2.4679e+00 -2.2822e+00 -1.4783e+00
14720 +3.690202696e-03 +3.690202696e-03 +5.157369020e+01 +5.157369020e+01 +2.4765e+00 +1.6357e+00 -2.4459e+00 -1.0824e+00 +5.5882e-01 +2.6354e+00 -1.4641e-01 +2.5386e+00 -2.3104e+00 -1.5302e+00
% function evaluation | noise-free fitness - Fopt (1.495000000000e+01) | best noise-free fitness - Fopt | measured fitness | best measured fitness | x1 | x2...
1 +8.315056865e+01 +8.315056865e+01 +9.810056865e+01 +9.810056865e+01 +3.8968e+00 -3.8061e-01 +1.9492e+00 -2.8226e+00 +1.5809e+00 +5.0112e-01 -3.7437e+00 -1.0386e+00 -4.0425e-01 +6.4096e-01
931 +6.308196809e+01 +6.308196809e+01 +7.803196809e+01 +7.803196809e+01 -3.9608e+00 -2.8098e-01 +1.2677e-01 -1.2235e+00 -1.3465e+00 +2.7745e+00 -3.3227e+00 +1.7783e+00 -2.3355e+00 -1.2048e-01
2451 +3.930707889e+01 +3.930707889e+01 +5.425707889e+01 +5.425707889e+01 -4.4159e+00 -8.3112e-01 -6.8280e-02 -1.2632e+00 -1.9309e+00 +2.2720e+00 -3.5769e+00 +1.4299e+00 -2.1645e+00 +3.4685e-02
3703 +2.445617341e+01 +2.445617341e+01 +3.940617341e+01 +3.940617341e+01 -4.6048e+00 -1.3181e+00 -3.6917e-01 -1.1721e+00 -2.2366e+00 +1.9190e+00 -3.6973e+00 +1.5409e+00 -2.2348e+00 +1.0499e-01
4695 +1.573151179e+01 +1.573151179e+01 +3.068151179e+01 +3.068151179e+01 -4.5738e+00 -1.7184e+00 -4.1578e-01 -1.2491e+00 -2.5906e+00 +1.5979e+00 -3.8975e+00 +1.4984e+00 -2.3511e+00 +2.8905e-01
5467 +9.630351989e+00 +9.630351989e+00 +2.458035199e+01 +2.458035199e+01 -4.6603e+00 -2.0941e+00 -5.7873e-01 -1.4078e+00 -2.7883e+00 +1.4301e+00 -3.9184e+00 +1.2723e+00 -2.3523e+00 +5.1022e-01
6591 +6.099368490e+00 +6.099368490e+00 +2.104936849e+01 +2.104936849e+01 -4.6219e+00 -2.6132e+00 -6.8549e-01 -1.5455e+00 -2.8808e+00 +1.2628e+00 -4.2686e+00 +9.9872e-01 -2.0444e+00 +5.6387e-01
7102 +3.563863471e+00 +3.563863471e+00 +1.851386347e+01 +1.851386347e+01 -4.6639e+00 -2.8338e+00 -8.0946e-01 -1.3859e+00 -2.9277e+00 +9.3617e-01 -4.2505e+00 +1.1268e+00 -2.1727e+00 +5.1895e-01
7588 +2.494670703e+00 +2.494670703e+00 +1.744467070e+01 +1.744467070e+01 -4.5996e+00 -3.0403e+00 -6.5160e-01 -1.3541e+00 -2.8875e+00 +1.0334e+00 -4.3117e+00 +9.0828e-01 -2.2730e+00 +5.1968e-01
8616 +1.524632506e+00 +1.524632506e+00 +1.647463251e+01 +1.647463251e+01 -4.6743e+00 -3.6190e+00 -1.0034e+00 -1.2931e+00 -3.0597e+00 +9.8525e-01 -4.3860e+00 +9.1428e-01 -2.3389e+00 +1.5793e-01
9342 +9.976559402e-01 +9.976559402e-01 +1.594765594e+01 +1.594765594e+01 -4.8350e+00 -3.8664e+00 -1.1190e+00 -1.1863e+00 -2.9156e+00 +8.9784e-01 -4.4762e+00 +8.2146e-01 -2.5881e+00 +2.1624e-01
% function evaluation | noise-free fitness - Fopt (6.938000000000e+01) | best noise-free fitness - Fopt | measured fitness | best measured fitness | x1 | x2...
1 +8.530107760e+01 +8.530107760e+01 +1.546810776e+02 +1.546810776e+02 -2.1379e+00 -7.3989e-01 +1.3183e+00 -3.5206e+00 -5.2543e-01 -3.5874e+00 -3.1487e+00 +2.4468e+00 +1.4435e+00 -3.7609e+00
11 +6.250494412e+01 +6.250494412e+01 +1.318849441e+02 +1.318849441e+02 -1.8880e+00 -1.6871e+00 -7.5293e-01 +1.3877e+00 +6.1081e-01 -9.7641e-01 -8.6864e-02 +2.6178e+00 +2.5171e+00 -1.2212e+00
1111 +3.905063347e+01 +3.905063347e+01 +1.084306335e+02 +1.084306335e+02 -3.2719e+00 +3.2185e+00 +3.1178e+00 -3.6694e+00 -3.8472e+00 -8.0632e-01 +4.1420e+00 +5.1541e-01 -1.4201e+00 -1.3034e+00
2101 +2.220325870e+01 +2.220325870e+01 +9.158325870e+01 +9.158325870e+01 -3.0820e+00 +3.1955e+00 +3.5491e+00 -3.5063e+00 -3.5066e+00 -8.9430e-01 +4.2099e+00 +8.7824e-01 -1.5693e+00 -1.2025e+00
2752 +1.573129370e+01 +1.573129370e+01 +8.511129370e+01 +8.511129370e+01 -3.0348e+00 +3.2660e+00 +3.8028e+00 -3.4532e+00 -3.2698e+00 -7.9457e-01 +4.4701e+00 +1.0424e+00 -1.7066e+00 -1.1986e+00
5121 +9.887211697e+00 +9.887211697e+00 +7.926721170e+01 +7.926721170e+01 -2.7941e+00 +3.2355e+00 +3.8948e+00 -3.1337e+00 -2.6422e+00 -8.8336e-01 +4.5699e+00 +1.7309e+00 -1.7265e+00 -1.3611e+00
13072 +6.267614090e+00 +6.267614090e+00 +7.564761409e+01 +7.564761409e+01 -2.9798e+00 +2.9300e+00 +3.5348e+00 -2.3376e+00 -9.3371e-01 -1.5305e+00 +4.3454e+00 +3.5738e+00 -1.8160e+00 -1.6638e+00
% function evaluation | noise-free fitness - Fopt (7.255000000000e+01) | best noise-free fitness - Fopt | measured fitness | best measured fitness | x1 | x2...
1 +8.453504902e+01 +8.453504902e+01 +1.570850490e+02 +1.570850490e+02 +1.5569e+00 -1.4922e-01 -2.6618e+00 +1.8519e+00 +2.4340e+00 -2.3385e-01 -4.4889e-01 +2.8674e+00 -1.9127e+00 +3.2500e+00
21 +5.220938337e+01 +5.220938337e+01 +1.247593834e+02 +1.247593834e+02 -1.3253e+00 -1.0665e+00 +3.1444e-01 +2.1281e+00 -2.3342e-01 -3.6009e+00 +2.9621e+00 +2.0365e+00 -1.2315e+00 +1.0639e+00
30 +3.493429040e+01 +3.493429040e+01 +1.074842904e+02 +1.074842904e+02 -8.1025e-01 -1.4083e+00 +4.0398e-01 +2.1597e+00 -8.4279e-01 -3.4042e+00 +2.5937e+00 +1.2645e+00 -3.3887e+00 -1.3445e-01
351 +2.072712986e+01 +2.072712986e+01 +9.327712986e+01 +9.327712986e+01 -2.7660e+00 +3.7102e-02 -2.8280e+00 +1.4021e+00 -3.3457e+00 +1.5411e-01 -2.5506e-01 -9.5434e-02 +1.7278e-01 +2.5285e+00
724 +1.563766627e+01 +1.563766627e+01 +8.818766627e+01 +8.818766627e+01 -2.8994e+00 -1.9844e-02 -2.6725e+00 +1.3882e+00 -3.1509e+00 +6.4980e-02 -2.4075e-01 -9.1440e-02 +2.2832e-01 +2.4744e+00
1243 +9.997402994e+00 +9.997402994e+00 +8.254740299e+01 +8.254740299e+01 -2.9384e+00 -1.0870e-01 -2.5887e+00 +1.5284e+00 -2.9242e+00 +1.4710e-01 -4.5093e-01 -2.3750e-01 +8.9450e-02 +2.6209e+00
2248 +6.284374819e+00 +6.284374819e+00 +7.883437482e+01 +7.883437482e+01 -3.2384e+00 -1.7494e-01 -2.3909e+00 +1.9749e+00 -2.5426e+00 +2.6410e-01 -2.4437e-01 -2.5235e-01 +2.2440e-01 +2.4068e+00
2758 +3.499792720e+00 +3.499792720e+00 +7.604979272e+01 +7.604979272e+01 -3.0212e+00 -4.4439e-01 -2.3015e+00 +1.9826e+00 -2.2287e+00 +3.9785e-01 -2.4975e-01 -5.2589e-01 +1.0487e-01 +2.2398e+00
3354 +2.489205133e+00 +2.489205133e+00 +7.503920513e+01 +7.503920513e+01 -2.9229e+00 -4.7595e-01 -2.1637e+00 +2.1313e+00 -2.0717e+00 +2.4156e-01 -1.4480e-01 -4.1553e-01 +1.8400e-01 +2.1927e+00
4262 +1.404598248e+00 +1.404598248e+00 +7.395459825e+01 +7.395459825e+01 -3.0051e+00 -8.1190e-01 -2.0197e+00 +2.2819e+00 -1.6987e+00 +2.1480e-01 +2.1257e-01 -6.5329e-01 +4.3203e-01 +2.0551e+00
4758 +8.509424291e-01 +8.509424291e-01 +7.340094243e+01 +7.340094243e+01 -3.0329e+00 -7.9905e-01 -1.8564e+00 +2.4402e+00 -1.5846e+00 +1.5677e-01 +2.9406e-01 -7.1924e-01 +3.1256e-01 +1.9174e+00
5121 +5.873262728e-01 +5.873262728e-01 +7.313732627e+01 +7.313732627e+01 -3.1596e+00 -6.8548e-01 -1.4950e+00 +2.4123e+00 -1.7118e+00 +1.6132e-01 +3.8445e-01 -8.4028e-01 +4.2300e-01 +1.7914e+00
6631 +3.882983649e-01 +3.882983649e-01 +7.293829836e+01 +7.293829836e+01 -2.9557e+00 -1.0171e+00 -1.3822e+00 +2.4113e+00 -1.2336e+00 +5.8274e-02 +5.9596e-01 -9.6968e-01 +5.3461e-01 +1.7417e+00
7024 +2.454164696e-01 +2.454164696e-01 +7.279541647e+01 +7.279541647e+01 -2.7665e+00 -1.0737e+00 -1.0738e+00 +2.6360e+00 -1.2496e+00 +5.7674e-02 +5.7825e-01 -1.1215e+00 +7.2449e-01 +1.7704e+00
7629 +1.557479268e-01 +1.557479268e-01 +7.270574793e+01 +7.270574793e+01 -2.5878e+00 -1.1036e+00 -1.1211e+00 +2.4277e+00 -1.1624e+00 +3.2353e-02 +7.4565e-01 -1.0449e+00 +7.3759e-01 +1.8539e+00
8402 +7.828130493e-02 +7.828130493e-02 +7.262828130e+01 +7.262828130e+01 -2.4915e+00 -1.1664e+00 -8.3354e-01 +2.6715e+00 -1.1578e+00 -1.1242e-01 +9.7271e-01 -1.1224e+00 +9.6390e-01 +1.7960e+00
9274 +6.138061258e-02 +6.138061258e-02 +7.261138061e+01 +7.261138061e+01 -2.3522e+00 -1.1991e+00 -6.2352e-01 +2.9288e+00 -1.2664e+00 -1.9595e-01 +9.3356e-01 -1.2069e+00 +9.9899e-01 +1.7585e+00
10314 +3.571696186e-02 +3.571696186e-02 +7.258571696e+01 +7.258571696e+01 -2.5704e+00 -1.0577e+00 -4.5188e-01 +3.0486e+00 -1.2207e+00 -2.0112e-01 +1.1686e+00 -1.1688e+00 +1.1860e+00 +1.6498e+00
11031 +2.354568175e-02 +2.354568175e-02 +7.257354568e+01 +7.257354568e+01 -2.4844e+00 -9.9729e-01 -3.3101e-01 +3.0666e+00 -1.3303e+00 -3.0934e-01 +1.3165e+00 -1.1530e+00 +1.3908e+00 +1.8141e+00
11300 +1.524751304e-02 +1.524751304e-02 +7.256524751e+01 +7.256524751e+01 -2.3358e+00 -1.1111e+00 -3.4998e-01 +3.1286e+00 -1.2880e+00 -3.2563e-01 +1.3275e+00 -1.1210e+00 +1.4742e+00 +1.8735e+00
12678 +4.709590474e-03 +4.709590474e-03 +7.255470959e+01 +7.255470959e+01 -2.1044e+00 -1.1859e+00 -1.8772e-01 +3.2301e+00 -1.0896e+00 -4.9016e-01 +1.7486e+00 -1.0928e+00 +1.8684e+00 +2.0304e+00
12940 +3.695174790e-03 +3.695174790e-03 +7.255369517e+01 +7.255369517e+01 -2.1669e+00 -1.1855e+00 -2.1259e-01 +3.0828e+00 -1.1686e+00 -4.5260e-01 +1.7504e+00 -1.1030e+00 +1.8065e+00 +2.0462e+00
% function evaluation | noise-free fitness - Fopt (-5.473100000000e+02) | best noise-free fitness - Fopt | measured fitness | best measured fitness | x1 | x2...
1 +8.524215761e+01 +8.524215761e+01 -4.620678424e+02 -4.620678424e+02 -2.3718e+00 -2.9016e+00 -1.6964e+00 -2.9317e-01 +1.3471e+00 -3.8879e+00 -2.0380e+00 -2.0726e-01 +3.2920e+00 -3.8743e+00
211 +5.233832300e+01 +5.233832300e+01 -4.949716770e+02 -4.949716770e+02 +3.3230e+00 -6.1154e-01 -1.8601e+00 -2.5590e+00 +2.5774e+00 +2.3819e+00 +1.3711e+00 -1.7835e+00 -1.3481e+00 -1.5439e-01
591 +3.685201364e+01 +3.685201364e+01 -5.104579864e+02 -5.104579864e+02 +3.1693e+00 -3.6893e-01 -1.8046e+00 -2.5611e+00 +2.6405e+00 +2.2565e+00 +1.5449e+00 -1.6975e+00 -1.3521e+00 -7.1399e-02
981 +2.439559830e+01 +2.439559830e+01 -5.229144017e+02 -5.229144017e+02 +3.0371e+00 -3.8774e-01 -1.5963e+00 -2.9276e+00 +2.7454e+00 +2.3044e+00 +1.3864e+00 -1.6910e+00 -1.4559e+00 -2.1650e-01
2102 +1.520845844e+01 +1.520845844e+01 -5.321015416e+02 -5.321015416e+02 +2.6251e+00 -5.7541e-01 -1.4314e+00 -3.3057e+00 +2.8249e+00 +2.1179e+00 +1.5197e+00 -1.6612e+00 -1.5974e+00 +8.9357e-02
3233 +9.790279528e+00 +9.790279528e+00 -5.375197205e+02 -5.375197205e+02 +2.4286e+00 -2.8272e-01 -1.2013e+00 -3.6561e+00 +2.7917e+00 +2.2153e+00 +1.3724e+00 -1.5175e+00 -1.8260e+00 +3.7117e-01
4868 +6.087172401e+00 +6.087172401e+00 -5.412228276e+02 -5.412228276e+02 +1.9174e+00 +9.5200e-02 -7.2956e-01 -3.9033e+00 +2.6650e+00 +2.1274e+00 +8.6563e-01 -1.3115e+00 -1.5722e+00 +8.0759e-01
5784 +3.924508483e+00 +3.924508483e+00 -5.433854915e+02 -5.433854915e+02 +1.6662e+00 +3.4745e-01 -6.1398e-01 -3.9101e+00 +2.5450e+00 +2.2390e+00 +7.6144e-01 -1.0799e+00 -1.6763e+00 +8.9579e-01
6920 +2.489947450e+00 +2.489947450e+00 -5.448200525e+02 -5.448200525e+02 +1.4699e+00 +5.9406e-01 -2.4531e-01 -3.9951e+00 +2.3301e+00 +2.2958e+00 +6.4732e-01 -8.2076e-01 -1.6918e+00 +1.1291e+00
8576 +1.551931409e+00 +1.551931409e+00 -5.457580686e+02 -5.457580686e+02 -2.8850e-01 +3.6968e-01 +4.0156e+00 -3.5756e-01 -1.2073e+00 -1.9113e-01 -1.9965e+00 +1.6742e+00 -4.1018e+00 +4.0642e+00
9310 +8.732182641e-01 +8.732182641e-01 -5.464367817e+02 -5.464367817e+02 -1.3998e-01 -2.1439e-02 +4.0754e+00 -4.5196e-01 -1.1789e+00 -2.9691e-01 -2.1042e+00 +1.6482e+00 -3.9880e+00 +3.9363e+00
10196 +5.829520876e-01 +5.829520876e-01 -5.467270479e+02 -5.467270479e+02 +4.1883e-01 +1.3908e+00 +2.1701e-01 -3.6263e+00 +1.7476e+00 +2.0741e+00 +6.0461e-02 -7.0715e-01 -2.1947e+00 +6.2022e-01
11707 +3.759826704e-01 +3.759826704e-01 -5.469340173e+02 -5.469340173e+02 -1.1054e-01 +1.6695e+00 +3.9827e-01 -3.7133e+00 +1.4019e+00 +2.0290e+00 -1.1865e-01 -9.5725e-01 -2.1975e+00 +4.7743e-01
12294 +2.293855433e-01 +2.293855433e-01 -5.470806145e+02 -5.470806145e+02 -1.7360e-01 +1.7474e+00 +4.6445e-01 -3.5798e+00 +1.4211e+00 +1.9122e+00 -1.7780e-01 -8.1681e-01 -2.3466e+00 +3.2392e-01
13193 +1.484830348e-01 +1.484830348e-01 -5.471615170e+02 -5.471615170e+02 -2.4004e-01 +1.8469e+00 +5.8298e-01 -3.7235e+00 +1.0642e+00 +1.9023e+00 -3.6917e-01 -1.1908e+00 -2.3529e+00 +9.7962e-02
14705 +8.886198536e-02 +8.886198536e-02 -5.472211380e+02 -5.472211380e+02 -6.0158e-01 +2.0061e+00 +8.3068e-01 -3.5766e+00 +9.4602e-01 +1.8896e+00 -5.3746e-01 -1.0784e+00 -2.3526e+00 +8.3618e-02
% function evaluation | noise-free fitness - Fopt (1.000000000000e+03) | best noise-free fitness - Fopt | measured fitness | best measured fitness | x1 | x2...
1 +8.520349980e+01 +8.520349980e+01 +1.085203500e+03 +1.085203500e+03 +6.2104e-01 +3.0792e+00 -1.8817e+00 -3.3837e+00 +1.8414e+00 -3.9065e-01 +3.8088e-01 -9.7889e-01 +3.9942e+00 +3.8224e+00
31 +6.232684193e+01 +6.232684193e+01 +1.062326842e+03 +1.062326842e+03 -7.1212e-01 -2.5964e+00 +2.6104e+00 +5.1707e-01 -3.7835e-01 -1.2772e+00 +3.0913e+00 +3.8749e+00 +2.2190e+00 -3.3583e+00
201 +3.597470260e+01 +3.597470260e+01 +1.035974703e+03 +1.035974703e+03 -3.4708e-02 -3.8297e+00 +2.6900e+00 +1.2853e+00 +2.4394e-01 +1.3381e+00 +2.1141e+00 +2.9225e+00 +5.4066e-01 -2.2353e-01
466 +2.161346964e+01 +2.161346964e+01 +1.021613470e+03 +1.021613470e+03 -2.3210e-01 -3.6476e+00 +2.7830e+00 +1.4479e+00 +2.2955e-01 +1.2478e+00 +2.1454e+00 +2.8460e+00 +6.1331e-01 -1.4815e-01
741 +1.503681891e+01 +1.503681891e+01 +1.015036819e+03 +1.015036819e+03 -1.2842e-01 -3.4304e+00 +2.7721e+00 +1.2998e+00 +8.6568e-02 +1.4682e+00 +2.2476e+00 +2.7994e+00 +4.8735e-01 -1.2120e-02
981 +9.906818705e+00 +9.906818705e+00 +1.009906819e+03 +1.009906819e+03 -2.8526e-01 -3.3548e+00 +2.9283e+00 +1.1920e+00 -1.9837e-02 +1.6064e+00 +2.3355e+00 +2.6483e+00 +5.2835e-01 +9.4586e-02
1861 +6.246026738e+00 +6.246026738e+00 +1.006246027e+03 +1.006246027e+03 -2.5368e-01 -3.1542e+00 +2.9951e+00 +8.8968e-01 +7.4651e-02 +1.6196e+00 +2.2798e+00 +2.3754e+00 +6.3665e-01 +2.5881e-01
2232 +3.532346769e+00 +3.532346769e+00 +1.003532347e+03 +1.003532347e+03 -1.4654e-01 -3.0220e+00 +2.9992e+00 +9.3270e-01 -2.0090e-02 +1.4231e+00 +2.3264e+00 +2.2102e+00 +7.5680e-01 +3.8854e-01
2515 +2.357927745e+00 +2.357927745e+00 +1.002357928e+03 +1.002357928e+03 -9.5699e-02 -2.9020e+00 +3.0378e+00 +7.4065e-01 +2.9905e-03 +1.3143e+00 +2.3021e+00 +2.2276e+00 +7.9357e-01 +6.4035e-01
3481 +1.390485551e+00 +1.390485551e+00 +1.001390486e+03 +1.001390486e+03 -1.0633e-01 -2.7377e+00 +3.4721e+00 +9.1640e-01 +7.4155e-03 +1.4412e+00 +2.1366e+00 +2.0052e+00 +9.4786e-01 +7.7882e-01
3622 +9.697523948e-01 +9.697523948e-01 +1.000969752e+03 +1.000969752e+03 +6.7625e-02 -2.5504e+00 +3.3573e+00 +8.5048e-01 +7.4573e-02 +1.2200e+00 +2.1820e+00 +1.9530e+00 +1.0698e+00 +9.8413e-01
4005 +5.904317920e-01 +5.904317920e-01 +1.000590432e+03 +1.000590432e+03 +6.9772e-02 -2.4751e+00 +3.5186e+00 +6.8243e-01 +1.1280e-01 +1.2633e+00 +2.1329e+00 +2.0007e+00 +1.0133e+00 +9.0994e-01
5384 +3.899063776e-01 +3.899063776e-01 +1.000389906e+03 +1.000389906e+03 -2.2769e-02 -2.0973e+00 +3.7575e+00 +4.1125e-01 +6.7377e-01 +1.2940e+00 +1.7962e+00 +1.9062e+00 +9.8222e-01 +8.8884e-01
6121 +2.477283093e-01 +2.477283093e-01 +1.000247728e+03 +1.000247728e+03 +9.2499e-02 -1.9905e+00 +3.7382e+00 +1.5962e-01 +4.5983e-01 +1.0974e+00 +1.6700e+00 +2.0149e+00 +8.4720e-01 +9.3445e-01
6895 +1.491725762e-01 +1.491725762e-01 +1.000149173e+03 +1.000149173e+03 +2.5426e-01 -1.8140e+00 +3.7971e+00 -1.5671e-01 +4.4366e-01 +1.1603e+00 +1.6923e+00 +1.9771e+00 +7.7534e-01 +9.1192e-01
7905 +9.738825021e-02 +9.738825021e-02 +1.000097388e+03 +1.000097388e+03 +3.5115e-01 -1.6033e+00 +3.9679e+00 -3.8529e-01 +5.6388e-01 +1.1843e+00 +1.4780e+00 +1.9905e+00 +6.9291e-01 +7.8674e-01
8408 +5.895235793e-02 +5.895235793e-02 +1.000058952e+03 +1.000058952e+03 +2.8433e-01 -1.6077e+00 +4.0557e+00 -4.7434e-01 +6.6619e-01 +1.2391e+00 +1.2615e+00 +2.0130e+00 +4.9853e-01 +7.9453e-01
10180 +3.840387645e-02 +3.840387645e-02 +1.000038404e+03 +1.000038404e+03 +4.5432e-01 -1.5005e+00 +4.1025e+00 -7.3666e-01 +7.5429e-01 +1.3305e+00 +1.1427e+00 +1.8814e+00 +1.7573e-01 +7.9558e-01
10773 +2.437330574e-02 +2.437330574e-02 +1.000024373e+03 +1.000024373e+03 +5.6868e-01 -1.2486e+00 +4.0326e+00 -7.9715e-01 +8.4207e-01 +1.2027e+00 +9.7405e-01 +1.8942e+00 +6.8269e-02 +9.8311e-01
12810 +1.471008842e-02 +1.471008842e-02 +1.000014710e+03 +1.000014710e+03 +4.8998e-01 -1.1338e+00 +3.9842e+00 -1.0558e+00 +1.0771e+00 +1.0907e+00 +7.6754e-01 +1.9028e+00 -7.2014e-02 +1.0761e+00
14712 +9.633998215e-03 +9.633998215e-03 +1.000009634e+03 +1.000009634e+03 +4.0602e-01 -9.3834e-01 +3.9145e+00 -1.1680e+00 +1.4169e+00 +1.0566e+00 +6.5356e-01 +1.9243e+00 -1.0938e-01 +9.6318e-01
% function evaluation | noise-free fitness - Fopt (2.935800000000e+02) | best noise-free fitness - Fopt | measured fitness | best measured fitness | x1 | x2...
1 +8.199440652e+01 +8.199440652e+01 +3.755744065e+02 +3.755744065e+02 +9.3882e-02 +1.3091e+00 -2.5217e+00 +1.4874e+00 -1.2990e+00 +1.9089e+00 +2.0009e+00 -3.7504e-02 +7.2747e-01 -1.6271e+00
40 +6.286655587e+01 +6.286655587e+01 +3.564465559e+02 +3.564465559e+02 +3.5583e+00 +3.2130e+00 +2.8079e+00 -2.0171e+00 -3.7244e+00 -6.7232e-01 -3.0796e+00 -1.8898e+00 -4.6119e-01 -2.8479e+00
1665 +3.895562113e+01 +3.895562113e+01 +3.325356211e+02 +3.325356211e+02 +3.6440e+00 +3.7750e+00 +2.4363e+00 -2.2264e+00 -3.5602e+00 -7.2064e-01 -3.2341e+00 -1.7874e+00 +1.5274e-01 -2.9162e+00
3052 +2.466564453e+01 +2.466564453e+01 +3.182456445e+02 +3.182456445e+02 +3.1337e+00 +4.1776e+00 +2.5036e+00 -2.4448e+00 -3.3535e+00 -8.7265e-01 -3.5415e+00 -1.0166e+00 +2.0662e-01 -3.3298e+00
5132 +1.580811025e+01 +1.580811025e+01 +3.093881103e+02 +3.093881103e+02 -1.3579e+00 +3.3976e+00 +1.8942e+00 +3.8516e+00 +1.1480e+00 +2.7139e+00 -1.9220e+00 +2.0710e+00 +2.5552e+00 -3.1737e+00
7206 +9.844464924e+00 +9.844464924e+00 +3.034244649e+02 +3.034244649e+02 -1.9797e-01 -4.2949e-01 +1.8693e+00 +4.0863e+00 +1.5145e+00 +1.9743e+00 -2.7102e+00 -9.1301e-01 -3.3441e+00 -2.4675e+00
8841 +6.290173127e+00 +6.290173127e+00 +2.998701731e+02 +2.998701731e+02 +1.7842e-01 -5.4849e-01 +1.4112e+00 +3.8900e+00 +2.1264e+00 +2.0840e+00 -2.8332e+00 -1.0620e+00 -4.0327e+00 -2.7613e+00
% function evaluation | noise-free fitness - Fopt (3.712600000000e+02) | best noise-free fitness - Fopt | measured fitness | best measured fitness | x1 | x2...
1 +8.443042134e+01 +8.443042134e+01 +4.556904213e+02 +4.556904213e+02 -1.2689e+00 -3.3297e+00 -1.5857e+00 +1.4829e+00 +2.2981e+00 +3.4570e+00 +2.3690e+00 -5.7033e-01 +1.4444e+00 -2.5553e+00
27 +6.305451139e+01 +6.305451139e+01 +4.343145114e+02 +4.343145114e+02 -3.9108e+00 -2.1763e+00 -1.4792e+00 -7.6186e-01 +3.0314e+00 -5.1069e-01 +1.2744e+00 -2.4071e+00 -3.0747e+00 +3.2357e+00
723 +3.973855932e+01 +3.973855932e+01 +4.109985593e+02 +4.109985593e+02 -3.4907e+00 +3.6014e-01 -3.2959e+00 +1.9719e+00 +2.0036e+00 +1.5632e+00 +3.9732e+00 -1.7151e+00 +1.4254e+00 +1.1011e+00
1851 +2.469720192e+01 +2.469720192e+01 +3.959572019e+02 +3.959572019e+02 -3.5803e+00 -9.3047e-02 -3.3460e+00 +2.3781e+00 +2.8622e+00 +1.5068e+00 +3.8587e+00 -2.0212e+00 +1.2825e+00 +8.0141e-01
2752 +1.563543175e+01 +1.563543175e+01 +3.868954318e+02 +3.868954318e+02 -3.3948e+00 -1.3956e-01 -3.5065e+00 +2.2957e+00 +3.1609e+00 +1.8565e+00 +3.9635e+00 -2.6179e+00 +6.7557e-01 +6.3630e-01
4025 +9.777694112e+00 +9.777694112e+00 +3.810376941e+02 +3.810376941e+02 -3.6885e+00 -3.6364e-01 -3.7168e+00 +2.3042e+00 +3.4855e+00 +1.9123e+00 +3.8543e+00 -2.9174e+00 +1.7422e-01 +3.4269e-01
6847 +6.202805527e+00 +6.202805527e+00 +3.774628055e+02 +3.774628055e+02 -4.4238e+00 -3.6388e+00 -2.8267e+00 +6.6375e-01 +1.6877e+00 -2.5865e+00 +6.0357e-01 -4.6215e-01 -3.4671e+00 +3.8842e+00
7975 +3.679813771e+00 +3.679813771e+00 +3.749398138e+02 +3.749398138e+02 -4.3875e+00 -3.9257e+00 -2.8498e+00 +9.2357e-01 +1.5633e+00 -2.7714e+00 +6.1082e-01 -1.9693e-01 -3.7308e+00 +3.8243e+00
% function evaluation | noise-free fitness - Fopt (5.226000000000e+01) | best noise-free fitness - Fopt | measured fitness | best measured fitness | x1 | x2...
1 +8.557681942e+01 +8.557681942e+01 +1.378368194e+02 +1.378368194e+02 +7.9670e-01 -1.5273e+00 +1.4237e+00 -3.5916e+00 +8.9091e-01 +3.2480e+00 +3.5050e+00 -4.1320e-01 +1.5765e+00 +3.5111e+00
76 +5.853319362e+01 +5.853319362e+01 +1.107931936e+02 +1.107931936e+02 -9.9335e-01 +4.1616e-01 +4.9131e-01 -1.3853e+00 -1.2124e+00 -1.7256e+00 +4.5371e-01 -5.7177e-01 -3.2091e+00 -3.5386e+00
482 +3.906982761e+01 +3.906982761e+01 +9.132982761e+01 +9.132982761e+01 -1.9706e+00 +1.3634e+00 +1.3463e+00 -1.4646e+00 -1.2865e+00 -1.5032e+00 +5.4820e-01 -7.6669e-01 -3.2623e+00 -3.5161e+00
2017 +2.483480555e+01 +2.483480555e+01 +7.709480555e+01 +7.709480555e+01 -4.5911e-01 -7.2801e-01 -2.0478e+00 +1.2998e+00 -7.7035e-01 -1.2919e+00 +2.2182e-01 +8.0288e-01 +4.0062e-01 +7.2383e-01
2536 +1.555299016e+01 +1.555299016e+01 +6.781299016e+01 +6.781299016e+01 -6.7389e-01 -6.6957e-01 -1.9729e+00 +1.2917e+00 -8.8672e-01 -1.3187e+00 +5.5191e-01 +5.6048e-01 +4.5471e-01 +6.8021e-01
3144 +9.592448346e+00 +9.592448346e+00 +6.185244835e+01 +6.185244835e+01 -9.7223e-01 -7.0061e-01 -2.0954e+00 +1.4207e+00 -7.5387e-01 -1.1484e+00 +6.9880e-01 +5.0692e-01 +5.2641e-01 +5.8549e-01
3789 +6.290930379e+00 +6.290930379e+00 +5.855093038e+01 +5.855093038e+01 -1.2669e+00 -8.3277e-01 -2.0403e+00 +1.5184e+00 -8.6100e-01 -1.1096e+00 +8.9910e-01 +2.2554e-01 +3.6796e-01 +9.7949e-01
4056 +3.731959973e+00 +3.731959973e+00 +5.599195997e+01 +5.599195997e+01 -1.3026e+00 -7.5285e-01 -1.9101e+00 +1.8024e+00 -5.4128e-01 -9.0593e-01 +8.6687e-01 +3.8124e-01 +3.7325e-01 +1.1080e+00
4308 +2.250268170e+00 +2.250268170e+00 +5.451026817e+01 +5.451026817e+01 -1.3868e+00 -7.1962e-01 -1.8611e+00 +1.8739e+00 -5.8373e-01 -8.7451e-01 +9.8990e-01 +2.9351e-01 +3.6583e-01 +1.1007e+00
5177 +1.549778054e+00 +1.549778054e+00 +5.380977805e+01 +5.380977805e+01 -1.4961e+00 -6.8541e-01 -1.6760e+00 +1.9608e+00 -5.3709e-01 -7.6277e-01 +1.1040e+00 +2.8035e-02 +3.1119e-01 +1.0893e+00
5303 +9.396356709e-01 +9.396356709e-01 +5.319963567e+01 +5.319963567e+01 -1.6945e+00 -7.1203e-01 -1.6619e+00 +1.9389e+00 -5.2551e-01 -7.3078e-01 +1.0996e+00 -2.1282e-02 +4.8190e-01 +1.1466e+00
5432 +5.774841976e-01 +5.774841976e-01 +5.283748420e+01 +5.283748420e+01 -1.6685e+00 -6.7349e-01 -1.6638e+00 +2.2132e+00 -3.8797e-01 -7.8639e-01 +1.1820e+00 -1.2251e-02 +4.3920e-01 +1.0860e+00
6156 +3.699296055e-01 +3.699296055e-01 +5.262992961e+01 +5.262992961e+01 -1.5806e+00 -5.6295e-01 -1.5314e+00 +2.3085e+00 -2.7058e-01 -6.8385e-01 +1.3272e+00 -3.2452e-01 +6.2113e-01 +9.3469e-01
6417 +2.253261363e-01 +2.253261363e-01 +5.248532614e+01 +5.248532614e+01 -1.5122e+00 -4.8263e-01 -1.4775e+00 +2.2553e+00 -2.7286e-01 -7.5457e-01 +1.4293e+00 -3.9384e-01 +6.3618e-01 +1.0376e+00
6549 +1.536113019e-01 +1.536113019e-01 +5.241361130e+01 +5.241361130e+01 -1.5392e+00 -4.8063e-01 -1.4282e+00 +2.2209e+00 -3.0362e-01 -7.7400e-01 +1.5120e+00 -3.0380e-01 +7.3298e-01 +9.4991e-01
7203 +9.301023934e-02 +9.301023934e-02 +5.235301024e+01 +5.235301024e+01 -1.5605e+00 -3.7059e-01 -1.3726e+00 +2.2714e+00 -1.1401e-01 -7.8221e-01 +1.6893e+00 -3.4712e-01 +9.6412e-01 +1.0572e+00
8321 +6.276900919e-02 +6.276900919e-02 +5.232276901e+01 +5.232276901e+01 -1.1852e+00 -3.8907e-01 -1.1054e+00 +2.3036e+00 -2.1807e-01 -7.2487e-01 +1.9619e+00 -7.0411e-01 +7.8076e-01 +9.1183e-01
8720 +3.539908806e-02 +3.539908806e-02 +5.229539909e+01 +5.229539909e+01 -1.2004e+00 -1.9546e-01 -1.1736e+00 +2.2397e+00 -2.3671e-01 -6.3945e-01 +2.0176e+00 -6.6943e-01 +6.1789e-01 +9.2403e-01
9317 +2.155563500e-02 +2.155563500e-02 +5.228155563e+01 +5.228155563e+01 -1.0812e+00 -2.3339e-01 -1.0417e+00 +2.1603e+00 -2.9213e-01 -7.6643e-01 +2.1649e+00 -7.7631e-01 +8.5040e-01 +9.4240e-01
11734 +1.421988486e-02 +1.421988486e-02 +5.227421988e+01 +5.227421988e+01 -9.0204e-01 -4.8661e-02 -9.4408e-01 +1.9439e+00 -3.6192e-01 -6.3844e-01 +2.4097e+00 -9.8940e-01 +8.2430e-01 +8.4908e-01
14356 +7.212783931e-03 +7.212783931e-03 +5.226721278e+01 +5.226721278e+01 -9.1723e-01 -2.2496e-01 -9.1438e-01 +1.8442e+00 -3.2743e-01 -7.4074e-01 +2.3228e+00 -9.0184e-01 +7.6250e-01 +1.2480e+00
14365 +3.629248669e-03 +3.629248669e-03 +5.226362925e+01 +5.226362925e+01 -8.4264e-01 -2.3044e-01 -8.0036e-01 +1.8161e+00 -3.4441e-01 -7.5589e-01 +2.4209e+00 -9.8679e-01 +7.9733e-01 +1.2183e+00
% function evaluation | noise-free fitness - Fopt (5.034000000000e+01) | best noise-free fitness - Fopt | measured fitness | best measured fitness | x1 | x2...
1 +8.415451218e+01 +8.415451218e+01 +1.344945122e+02 +1.344945122e+02 -2.6395e+00 +3.2375e+00 -2.3315e-01 +3.3222e+00 +1.3931e+00 -8.9242e-01 +2.7952e+00 +1.3467e+00 -9.4326e-01 -4.3401e-01
24 +6.129430643e+01 +6.129430643e+01 +1.116343064e+02 +1.116343064e+02 -2.1004e+00 +5.8931e-01 -6.9327e-01 +2.6404e-01 -2.1424e+00 +2.2006e+00 -3.7055e+00 -1.8969e+00 +1.0613e+00 +1.0530e+00
352 +2.876082061e+01 +2.876082061e+01 +7.910082061e+01 +7.910082061e+01 -7.2378e-01 +2.4225e+00 -1.6083e-01 +1.7117e+00 -2.0641e+00 +6.3018e-01 -1.4986e+00 -2.0773e+00 -1.5668e+00 +2.4426e-01
596 +2.493350128e+01 +2.493350128e+01 +7.527350128e+01 +7.527350128e+01 -6.2877e-01 +2.1238e+00 +4.6009e-01 +9.7526e-01 -2.4122e+00 +1.7868e-01 -1.5563e+00 -1.9641e+00 -1.4169e+00 +2.6749e-01
1721 +1.531716772e+01 +1.531716772e+01 +6.565716772e+01 +6.565716772e+01 -6.4979e-01 +1.4265e+00 +1.4159e-01 +7.1945e-01 -2.3385e+00 +5.2128e-01 -1.7842e+00 -2.6292e+00 -1.2897e+00 +4.3697e-01
2504 +9.965704323e+00 +9.965704323e+00 +6.030570432e+01 +6.030570432e+01 -8.7222e-01 +1.5630e+00 +1.4678e-01 +8.6886e-01 -2.3818e+00 +7.3313e-01 -1.5682e+00 -3.1164e+00 -1.0879e+00 +3.1555e-01
3744 +6.116253491e+00 +6.116253491e+00 +5.645625349e+01 +5.645625349e+01 -1.0674e+00 +1.6782e+00 +9.9302e-03 +5.1530e-01 -2.5650e+00 +9.1433e-01 -1.6712e+00 -3.4674e+00 -7.6216e-01 +1.0112e-02
4263 +3.849528673e+00 +3.849528673e+00 +5.418952867e+01 +5.418952867e+01 -1.0351e+00 +1.9947e+00 +2.4436e-01 +4.7236e-01 -2.4693e+00 +1.0322e+00 -1.7423e+00 -3.6464e+00 -6.7613e-01 -2.4099e-01
4996 +2.487576423e+00 +2.487576423e+00 +5.282757642e+01 +5.282757642e+01 -1.1251e+00 +1.9370e+00 +2.6393e-02 +1.3599e-01 -2.3469e+00 +1.0944e+00 -1.8144e+00 -3.7897e+00 -4.0076e-01 -2.3401e-01
% function evaluation | noise-free fitness - Fopt (-2.314000000000e+01) | best noise-free fitness - Fopt | measured fitness | best measured fitness | x1 | x2...
1 +8.099993458e+01 +8.099993458e+01 +5.785993458e+01 +5.785993458e+01 +9.9276e-01 +3.4513e+00 +3.0539e+00 -1.5699e+00 -2.8398e+00 -6.4924e-01 +3.4170e+00 +2.8316e+00 -2.4932e+00 -2.4865e+00
124 +6.141872999e+01 +6.141872999e+01 +3.827872999e+01 +3.827872999e+01 +1.4816e+00 +2.4923e+00 +1.2670e-01 -1.9214e+00 -1.9040e+00 +2.5174e+00 -1.3977e+00 -3.1010e+00 -3.9342e-01 -1.0593e+00
768 +3.799148522e+01 +3.799148522e+01 +1.485148522e+01 +1.485148522e+01 +1.5156e+00 +2.5702e+00 +3.4508e-01 -1.8561e+00 -2.0874e+00 +2.5447e+00 -1.2491e+00 -3.1923e+00 -3.0796e-01 -7.6015e-01
1287 +2.439735698e+01 +2.439735698e+01 +1.257356982e+00 +1.257356982e+00 +1.3866e+00 +2.7183e+00 +5.1744e-01 -1.8357e+00 -2.1588e+00 +2.4328e+00 -9.2995e-01 -3.0860e+00 -2.3996e-01 -5.2045e-01
2019 +1.571526303e+01 +1.571526303e+01 -7.424736965e+00 -7.424736965e+00 +1.1878e+00 +2.9195e+00 +5.6886e-01 -1.4838e+00 -2.1765e+00 +2.5954e+00 -7.5471e-01 -3.0923e+00 -2.3778e-01 -3.5060e-01
2803 +9.807359920e+00 +9.807359920e+00 -1.333264008e+01 -1.333264008e+01 +1.2282e+00 +3.1919e+00 +6.6107e-01 -1.1108e+00 -2.2107e+00 +2.3700e+00 -5.0354e-01 -2.9430e+00 -2.5609e-01 +7.1400e-02
3889 +5.674141802e+00 +5.674141802e+00 -1.746585820e+01 -1.746585820e+01 -1.9178e+00 +2.8732e+00 +1.4493e+00 +5.5866e-01 -8.3954e-01 -1.0135e+00 -5.5857e-01 -3.6185e-01 -5.9213e-01 +1.5595e+00
4146 +3.767704563e+00 +3.767704563e+00 -1.937229544e+01 -1.937229544e+01 -1.9365e+00 +2.9058e+00 +1.5976e+00 +4.2164e-01 -7.9176e-01 -1.0085e+00 -6.8988e-01 -2.8730e-01 -7.0591e-01 +1.3982e+00
4604 +2.480501999e+00 +2.480501999e+00 -2.065949800e+01 -2.065949800e+01 -1.6252e+00 +2.8740e+00 +1.5297e+00 +3.6934e-01 -8.7511e-01 -1.1990e+00 -7.0880e-01 -3.7687e-01 -4.8681e-01 +1.5108e+00
6242 +1.502839566e+00 +1.502839566e+00 -2.163716043e+01 -2.163716043e+01 -1.0042e+00 +2.9675e+00 +1.6994e+00 +1.5358e-01 -8.4307e-01 -1.4661e+00 -9.0061e-01 -1.4800e-01 -4.2819e-01 +1.3651e+00
6529 +9.623211663e-01 +9.623211663e-01 -2.217767883e+01 -2.217767883e+01 -7.6854e-01 +2.9152e+00 +1.6638e+00 +7.1123e-02 -9.7393e-01 -1.3296e+00 -9.1820e-01 -1.4571e-01 -5.5995e-01 +1.4422e+00
7162 +6.000190943e-01 +6.000190943e-01 -2.253998091e+01 -2.253998091e+01 -4.9347e-01 +3.0421e+00 +1.7140e+00 +2.8546e-02 -8.9672e-01 -1.2782e+00 -8.5802e-01 -1.9575e-01 -8.7460e-01 +1.4573e+00
9405 +3.946904637e-01 +3.946904637e-01 -2.274530954e+01 -2.274530954e+01 +2.2860e-01 +3.1278e+00 +1.7530e+00 +2.6800e-01 -9.7110e-01 -1.4418e+00 -9.9049e-01 +1.2876e-01 -9.6991e-01 +1.6437e+00
10176 +1.991737546e-01 +1.991737546e-01 -2.294082625e+01 -2.294082625e+01 +5.1799e-01 +3.0687e+00 +1.9137e+00 +4.3039e-01 -8.3741e-01 -1.4906e+00 -7.9266e-01 +1.6963e-01 -1.0792e+00 +1.6406e+00
11038 +1.499150873e-01 +1.499150873e-01 -2.299008491e+01 -2.299008491e+01 +6.8766e-01 +3.0134e+00 +1.8714e+00 +4.9260e-01 -7.9480e-01 -1.5791e+00 -7.4383e-01 +2.0304e-01 -1.1759e+00 +1.7277e+00
12946 +9.549964207e-02 +9.549964207e-02 -2.304450036e+01 -2.304450036e+01 +9.9508e-01 +3.0218e+00 +1.7867e+00 +7.7378e-01 -7.9255e-01 -1.9016e+00 -6.9338e-01 +1.7764e-01 -1.1807e+00 +1.8888e+00
14193 +6.251571787e-02 +6.251571787e-02 -2.307748428e+01 -2.307748428e+01 +1.2599e+00 +3.0773e+00 +1.7658e+00 +7.2643e-01 -6.8320e-01 -1.8749e+00 -6.6325e-01 +1.2805e-01 -1.2243e+00 +1.8938e+00
