% function evaluation | noise-free fitness - Fopt (-1.000000000000e+03) | best noise-free fitness - Fopt | measured fitness | best measured fitness | x1 | x2...
1 +8.425678081e+01 +8.425678081e+01 -9.157432192e+02 -9.157432192e+02 -3.9825e+00 -1.2765e+00 -2.9258e+00 +1.5902e+00 -1.8072e+00
2 +4.515125564e+01 +4.515125564e+01 -9.548487444e+02 -9.548487444e+02 -3.0118e+00 +3.6085e+00 -2.4245e+00 -2.7764e+00 -1.8587e+00
156 +3.659882367e+01 +3.659882367e+01 -9.634011763e+02 -9.634011763e+02 -2.9627e+00 +3.7231e+00 -2.3423e+00 -2.8098e+00 -1.6858e+00
464 +2.434273221e+01 +2.434273221e+01 -9.756572678e+02 -9.756572678e+02 +1.2446e+00 +3.7826e+00 +1.8749e+00 +1.6123e+00 -4.1013e+00
510 +1.505586945e+01 +1.505586945e+01 -9.849441305e+02 -9.849441305e+02 +5.5313e-01 +8.0912e-01 +3.1101e+00 +9.8999e-01 -1.0786e+00
639 +8.376862959e+00 +8.376862959e+00 -9.916231370e+02 -9.916231370e+02 +6.0082e-01 +8.1847e-01 +3.2088e+00 +1.1376e+00 -1.1193e+00
896 +2.235605687e+00 +2.235605687e+00 -9.977643943e+02 -9.977643943e+02 +7.0073e-01 +7.1646e-01 +3.1398e+00 +1.0943e+00 -1.2528e+00
1035 +1.059021999e+00 +1.059021999e+00 -9.989409780e+02 -9.989409780e+02 +7.8218e-01 +8.9363e-01 +3.1127e+00 +1.1265e+00 -1.3180e+00
1159 +9.113826664e-01 +9.113826664e-01 -9.990886173e+02 -9.990886173e+02 +7.1972e-01 +8.9959e-01 +3.0003e+00 +1.1539e+00 -1.3145e+00
1166 +6.087042955e-01 +6.087042955e-01 -9.993912957e+02 -9.993912957e+02 +7.8604e-01 +8.7166e-01 +3.0198e+00 +1.1700e+00 -1.3435e+00
1626 +3.334109460e-01 +3.334109460e-01 -9.996665891e+02 -9.996665891e+02 +9.2752e-01 +9.6569e-01 +2.9470e+00 +1.1114e+00 -1.3283e+00
1767 +1.569987968e-01 +1.569987968e-01 -9.998430012e+02 -9.998430012e+02 +9.8693e-01 +1.0738e+00 +2.9862e+00 +1.1018e+00 -1.4311e+00
2154 +6.590032814e-02 +6.590032814e-02 -9.999340997e+02 -9.999340997e+02 +1.1708e+00 +1.1250e+00 +2.8113e+00 +1.0895e+00 -1.3021e+00
2541 +5.262054602e-02 +5.262054602e-02 -9.999473795e+02 -9.999473795e+02 +1.2720e+00 +1.1824e+00 +2.9262e+00 +1.1712e+00 -1.2660e+00
2666 +3.609239768e-02 +3.609239768e-02 -9.999639076e+02 -9.999639076e+02 +1.3385e+00 +1.2416e+00 +2.9062e+00 +1.1483e+00 -1.2795e+00
3145 +1.582797158e-02 +1.582797158e-02 -9.999841720e+02 -9.999841720e+02 +1.4607e+00 +1.1676e+00 +2.7277e+00 +1.1244e+00 -1.1683e+00
4049 +8.484428291e-03 +8.484428291e-03 -9.999915156e+02 -9.999915156e+02 +1.5768e+00 +1.0454e+00 +2.5782e+00 +9.7621e-01 -1.0781e+00
4051 +3.973141405e-03 +3.973141405e-03 -9.999960269e+02 -9.999960269e+02 +1.6569e+00 +1.0336e+00 +2.4883e+00 +9.7549e-01 -1.0617e+00
6547 +2.078560305e-03 +2.078560305e-03 -9.999979214e+02 -9.999979214e+02 +1.5227e+00 +8.8345e-01 +2.4452e+00 +6.2936e-01 -1.2118e+00
7203 +1.085307205e-03 +1.085307205e-03 -9.999989147e+02 -9.999989147e+02 +1.6772e+00 +8.8825e-01 +2.3946e+00 +5.4937e-01 -1.1881e+00
% function evaluation | noise-free fitness - Fopt (1.000000000000e+03) | best noise-free fitness - Fopt | measured fitness | best measured fitness | x1 | x2...
1 +7.715845739e+01 +7.715845739e+01 +1.077158457e+03 +1.077158457e+03 +2.0316e+00 -3.4387e+00 -2.5229e-01 +1.9852e+00 -2.3652e+00
4 +2.597033380e+01 +2.597033380e+01 +1.025970334e+03 +1.025970334e+03 +2.0660e+00 +7.1613e-01 +2.2929e+00 +3.9000e+00 +2.7829e+00
18 +2.424192863e+01 +2.424192863e+01 +1.024241929e+03 +1.024241929e+03 +9.4066e-02 -2.0994e+00 +6.5524e-02 +3.7364e+00 -1.1925e+00
152 +1.260642611e+01 +1.260642611e+01 +1.012606426e+03 +1.012606426e+03 +1.0355e-01 -1.9389e+00 -6.2584e-02 +3.6265e+00 -1.1646e+00
412 +9.478453455e+00 +9.478453455e+00 +1.009478453e+03 +1.009478453e+03 +2.3074e-01 -1.9257e+00 -6.4209e-02 +3.5052e+00 -1.1444e+00
932 +5.606720946e+00 +5.606720946e+00 +1.005606721e+03 +1.005606721e+03 +1.2219e-01 -1.7353e+00 -3.5713e-01 +3.4572e+00 -1.2255e+00
1080 +3.829627428e+00 +3.829627428e+00 +1.003829627e+03 +1.003829627e+03 +1.4140e-01 -1.6114e+00 -4.0537e-01 +3.5638e+00 -1.1766e+00
1537 +2.404493700e+00 +2.404493700e+00 +1.002404494e+03 +1.002404494e+03 +2.0972e-01 -1.5426e+00 -5.2427e-01 +3.5780e+00 -1.2194e+00
1925 +1.566319184e+00 +1.566319184e+00 +1.001566319e+03 +1.001566319e+03 +2.5377e-01 -1.3185e+00 -6.5767e-01 +3.5734e+00 -1.3411e+00
2181 +9.880550853e-01 +9.880550853e-01 +1.000988055e+03 +1.000988055e+03 +2.2823e-01 -1.2397e+00 -7.1029e-01 +3.6088e+00 -1.4660e+00
2314 +5.626287208e-01 +5.626287208e-01 +1.000562629e+03 +1.000562629e+03 +1.5361e-01 -1.0918e+00 -7.4351e-01 +3.6143e+00 -1.3792e+00
2453 +3.406546255e-01 +3.406546255e-01 +1.000340655e+03 +1.000340655e+03 +6.8806e-02 -1.0612e+00 -9.0886e-01 +3.5485e+00 -1.6045e+00
2702 +2.278236926e-01 +2.278236926e-01 +1.000227824e+03 +1.000227824e+03 -5.1294e-02 -9.0096e-01 -9.8822e-01 +3.7113e+00 -1.3809e+00
3044 +1.478462991e-01 +1.478462991e-01 +1.000147846e+03 +1.000147846e+03 +6.4298e-02 -8.4936e-01 -1.0384e+00 +3.6731e+00 -1.3123e+00
3172 +8.890564886e-02 +8.890564886e-02 +1.000088906e+03 +1.000088906e+03 +8.9071e-03 -8.0761e-01 -1.1613e+00 +3.6532e+00 -1.3945e+00
3443 +5.569569788e-02 +5.569569788e-02 +1.000055696e+03 +1.000055696e+03 -1.3366e-01 -8.1089e-01 -1.2573e+00 +3.5731e+00 -1.5005e+00
3567 +3.111315069e-02 +3.111315069e-02 +1.000031113e+03 +1.000031113e+03 -1.4888e-01 -9.0015e-01 -1.3700e+00 +3.4766e+00 -1.5628e+00
3698 +2.511863486e-02 +2.511863486e-02 +1.000025119e+03 +1.000025119e+03 -1.5891e-01 -8.9447e-01 -1.4053e+00 +3.4713e+00 -1.4994e+00
3957 +1.571147324e-02 +1.571147324e-02 +1.000015711e+03 +1.000015711e+03 -2.4676e-01 -1.0020e+00 -1.4619e+00 +3.3161e+00 -1.6634e+00
4557 +9.413301503e-03 +9.413301503e-03 +1.000009413e+03 +1.000009413e+03 -3.1008e-01 -1.0005e+00 -1.6275e+00 +3.2371e+00 -1.8045e+00
4825 +3.612866929e-03 +3.612866929e-03 +1.000003613e+03 +1.000003613e+03 -3.8348e-01 -1.0636e+00 -1.7350e+00 +3.1141e+00 -1.8462e+00
5077 +2.187046133e-03 +2.187046133e-03 +1.000002187e+03 +1.000002187e+03 -4.3931e-01 -1.1433e+00 -1.7736e+00 +3.0953e+00 -1.6534e+00
5201 +1.190361215e-03 +1.190361215e-03 +1.000001190e+03 +1.000001190e+03 -5.1601e-01 -1.1533e+00 -1.8224e+00 +3.0596e+00 -1.6237e+00
5340 +9.013012843e-04 +9.013012843e-04 +1.000000901e+03 +1.000000901e+03 -5.4952e-01 -1.1585e+00 -1.9110e+00 +3.0190e+00 -1.7592e+00
5607 +3.967586800e-04 +3.967586800e-04 +1.000000397e+03 +1.000000397e+03 -5.5616e-01 -1.2656e+00 -1.8569e+00 +2.9234e+00 -1.8646e+00
% function evaluation | noise-free fitness - Fopt (-4.913000000000e+01) | best noise-free fitness - Fopt | measured fitness | best measured fitness | x1 | x2...
1 +2.246749961e+01 +2.246749961e+01 -2.666250039e+01 -2.666250039e+01 +2.1060e+00 -1.0875e+00 +2.5586e+00 +1.4610e-01 +1.1579e+00
25 +1.396865842e+01 +1.396865842e+01 -3.516134158e+01 -3.516134158e+01 +2.1149e+00 -9.8955e-01 +2.5294e+00 +2.3591e-01 +1.1036e+00
156 +8.007117824e+00 +8.007117824e+00 -4.112288218e+01 -4.112288218e+01 +2.2116e+00 -1.0550e+00 +2.5064e+00 +1.9708e-01 +1.0551e+00
281 +5.766154641e+00 +5.766154641e+00 -4.336384536e+01 -4.336384536e+01 +2.3187e+00 -9.0057e-01 +2.3714e+00 +3.4792e-01 +1.2076e+00
289 +3.826652434e+00 +3.826652434e+00 -4.530334757e+01 -4.530334757e+01 +2.1808e+00 -1.1002e+00 +2.4082e+00 +1.5029e-01 +9.5590e-01
413 +2.077682238e+00 +2.077682238e+00 -4.705231776e+01 -4.705231776e+01 +2.2570e+00 -1.1601e+00 +2.3608e+00 +1.9357e-01 +9.5277e-01
547 +1.440213938e+00 +1.440213938e+00 -4.768978606e+01 -4.768978606e+01 +2.1793e+00 -1.0421e+00 +2.3029e+00 +2.4335e-01 +8.5833e-01
674 +7.027878450e-01 +7.027878450e-01 -4.842721215e+01 -4.842721215e+01 +2.1854e+00 -9.8050e-01 +2.2748e+00 +3.3301e-01 +9.5138e-01
687 +6.059290859e-01 +6.059290859e-01 -4.852407091e+01 -4.852407091e+01 +2.1103e+00 -1.0004e+00 +2.2168e+00 +2.9157e-01 +8.4155e-01
942 +3.739859411e-01 +3.739859411e-01 -4.875601406e+01 -4.875601406e+01 +2.3484e+00 -1.0082e+00 +2.0347e+00 +3.7890e-01 +1.0425e+00
1201 +2.365063367e-01 +2.365063367e-01 -4.889349366e+01 -4.889349366e+01 +2.3572e+00 -7.7310e-01 +2.0905e+00 +2.7579e-01 +1.0456e+00
2458 +1.532683523e-01 +1.532683523e-01 -4.897673165e+01 -4.897673165e+01 +2.4770e+00 -5.3474e-01 +2.2628e+00 +3.9352e-01 +1.0351e+00
4682 +8.653788132e-02 +8.653788132e-02 -4.904346212e+01 -4.904346212e+01 +2.6746e+00 -2.1869e-03 +2.4601e+00 +3.9757e-01 +9.7774e-01
% function evaluation | noise-free fitness - Fopt (2.977300000000e+02) | best noise-free fitness - Fopt | measured fitness | best measured fitness | x1 | x2...
1 +8.269020774e+01 +8.269020774e+01 +3.804202077e+02 +3.804202077e+02 +1.8243e+00 +1.8326e+00 -2.0940e+00 +3.8510e+00 +2.9406e+00
3 +6.054654882e+01 +6.054654882e+01 +3.582765488e+02 +3.582765488e+02 -3.8783e+00 -2.2211e+00 +3.4186e+00 +3.5132e+00 +2.4775e+00
16 +3.416530490e+01 +3.416530490e+01 +3.318953049e+02 +3.318953049e+02 -3.9519e+00 -5.3049e-03 -2.7192e-01 -1.0281e+00 -2.2399e+00
109 +2.474832776e+01 +2.474832776e+01 +3.224783278e+02 +3.224783278e+02 -4.6040e-01 -4.2610e-01 +1.0866e+00 +9.8120e-01 +8.7454e-01
113 +1.291562705e+01 +1.291562705e+01 +3.106456271e+02 +3.106456271e+02 -1.9414e+00 +2.1121e+00 +3.4506e+00 +1.3188e+00 -1.4471e+00
117 +8.060708867e+00 +8.060708867e+00 +3.057907089e+02 +3.057907089e+02 -2.0277e+00 +2.1730e+00 +3.3914e+00 +1.3938e+00 -1.4280e+00
252 +4.535104638e+00 +4.535104638e+00 +3.022651046e+02 +3.022651046e+02 -1.9302e+00 +2.2694e+00 +3.4747e+00 +1.3765e+00 -1.3416e+00
376 +3.294096748e+00 +3.294096748e+00 +3.010240967e+02 +3.010240967e+02 -1.9063e+00 +2.3008e+00 +3.4266e+00 +1.4190e+00 -1.3103e+00
382 +2.457330971e+00 +2.457330971e+00 +3.001873310e+02 +3.001873310e+02 -1.8339e+00 +2.3256e+00 +3.5548e+00 +1.4763e+00 -1.3472e+00
1160 +1.434218796e+00 +1.434218796e+00 +2.991642188e+02 +2.991642188e+02 -2.0255e+00 +2.1390e+00 +3.5061e+00 +1.8244e+00 -9.7539e-01
1756 +8.758832324e-01 +8.758832324e-01 +2.986058832e+02 +2.986058832e+02 -2.0209e+00 +2.0288e+00 +3.5870e+00 +1.7797e+00 -8.5269e-01
2025 +5.579579142e-01 +5.579579142e-01 +2.982879579e+02 +2.982879579e+02 -2.1696e+00 +1.9179e+00 +3.5882e+00 +1.9263e+00 -6.9971e-01
2672 +3.799437292e-01 +3.799437292e-01 +2.981099437e+02 +2.981099437e+02 -2.1909e+00 +1.7384e+00 +3.6977e+00 +1.9164e+00 -3.5576e-01
3406 +2.079443365e-01 +2.079443365e-01 +2.979379443e+02 +2.979379443e+02 -2.0112e+00 +1.6175e+00 +3.6299e+00 +2.0085e+00 -1.8354e-01
3665 +1.420725925e-01 +1.420725925e-01 +2.978720726e+02 +2.978720726e+02 -2.0847e+00 +1.5347e+00 +3.6569e+00 +2.0442e+00 -8.2001e-02
4319 +9.997727940e-02 +9.997727940e-02 +2.978299773e+02 +2.978299773e+02 -2.0794e+00 +1.3844e+00 +3.5683e+00 +2.1074e+00 +6.1912e-02
5041 +6.269514838e-02 +6.269514838e-02 +2.977926951e+02 +2.977926951e+02 -2.2894e+00 +1.2134e+00 +3.5855e+00 +2.0844e+00 +2.8243e-01
5694 +3.939979908e-02 +3.939979908e-02 +2.977693998e+02 +2.977693998e+02 -2.0952e+00 +1.1012e+00 +3.4590e+00 +2.2193e+00 +4.2202e-01
6425 +1.795844774e-02 +1.795844774e-02 +2.977479584e+02 +2.977479584e+02 -2.1890e+00 +1.0867e+00 +3.5848e+00 +2.2230e+00 +5.1760e-01
6428 +1.460856085e-02 +1.460856085e-02 +2.977446086e+02 +2.977446086e+02 -2.3059e+00 +1.0358e+00 +3.5664e+00 +2.2899e+00 +5.7067e-01
7198 +9.037219971e-03 +9.037219971e-03 +2.977390372e+02 +2.977390372e+02 -2.6605e+00 +9.8276e-01 +3.6159e+00 +2.2437e+00 +6.5456e-01
7208 +5.285695674e-03 +5.285695674e-03 +2.977352857e+02 +2.977352857e+02 -2.6427e+00 +9.7952e-01 +3.6635e+00 +2.2810e+00 +6.4770e-01
% function evaluation | noise-free fitness - Fopt (5.157000000000e+01) | best noise-free fitness - Fopt | measured fitness | best measured fitness | x1 | x2...
1 +7.472305836e+01 +7.472305836e+01 +1.262930584e+02 +1.262930584e+02 +8.2927e-01 +2.0793e+00 +8.4746e-01 +3.3418e+00 -1.3569e+00
12 +6.050058397e+01 +6.050058397e+01 +1.120705840e+02 +1.120705840e+02 -1.4732e-01 -2.0961e+00 +9.1530e-01 -2.2234e+00 -2.1780e+00
17 +1.392985664e+01 +1.392985664e+01 +6.549985664e+01 +6.549985664e+01 -2.8002e+00 -3.6893e+00 +7.5157e-01 -2.9959e+00 -7.8517e-01
413 +9.540433284e+00 +9.540433284e+00 +6.111043328e+01 +6.111043328e+01 -3.0267e+00 -3.7171e+00 +4.9992e-01 -3.0991e+00 -6.7465e-01
1061 +6.149065679e+00 +6.149065679e+00 +5.771906568e+01 +5.771906568e+01 -2.9976e+00 -3.3026e+00 +2.3381e-01 -3.0983e+00 -6.3780e-01
1535 +3.503824177e+00 +3.503824177e+00 +5.507382418e+01 +5.507382418e+01 -2.8396e+00 -3.3276e+00 +7.2243e-02 -3.2865e+00 -4.3765e-01
1795 +2.418971070e+00 +2.418971070e+00 +5.398897107e+01 +5.398897107e+01 -2.8922e+00 -3.2281e+00 -1.1431e-01 -3.2710e+00 -3.3043e-01
3044 +1.531288162e+00 +1.531288162e+00 +5.310128816e+01 +5.310128816e+01 -2.5719e+00 -2.9462e+00 -3.8333e-01 -3.1770e+00 +2.1441e-01
3562 +9.808108585e-01 +9.808108585e-01 +5.255081086e+01 +5.255081086e+01 -2.5115e+00 -2.8988e+00 -4.6276e-01 -3.3183e+00 +5.6177e-01
% function evaluation | noise-free fitness - Fopt (1.495000000000e+01) | best noise-free fitness - Fopt | measured fitness | best measured fitness | x1 | x2...
1 +6.782176781e+01 +6.782176781e+01 +8.277176781e+01 +8.277176781e+01 +1.8799e+00 +3.1928e+00 +2.6594e+00 +4.4446e-01 -8.2590e-01
2 +6.024873062e+01 +6.024873062e+01 +7.519873062e+01 +7.519873062e+01 +8.3215e-01 -3.8724e+00 -3.1125e-01 +6.2539e-02 -3.9098e+00
18 +2.178246456e+01 +2.178246456e+01 +3.673246456e+01 +3.673246456e+01 +3.3990e+00 +5.5309e-01 -1.2432e+00 +1.8574e+00 -2.6647e+00
166 +1.536561727e+01 +1.536561727e+01 +3.031561727e+01 +3.031561727e+01 +3.2841e+00 +6.5565e-01 -1.4259e+00 +1.8262e+00 -2.6489e+00
211 +7.607549229e+00 +7.607549229e+00 +2.255754923e+01 +2.255754923e+01 -4.8079e-01 -1.1740e+00 +1.1421e+00 +1.4470e+00 +2.4818e+00
334 +2.760083159e+00 +2.760083159e+00 +1.771008316e+01 +1.771008316e+01 -5.6920e-01 -1.1057e+00 +1.2035e+00 +1.5398e+00 +2.4380e+00
467 +1.995097110e+00 +1.995097110e+00 +1.694509711e+01 +1.694509711e+01 -5.3182e-01 -1.0990e+00 +1.1119e+00 +1.5023e+00 +2.3046e+00
607 +8.662363854e-01 +8.662363854e-01 +1.581623639e+01 +1.581623639e+01 -6.4226e-01 -9.7927e-01 +1.2655e+00 +1.5671e+00 +2.3259e+00
727 +5.541990834e-01 +5.541990834e-01 +1.550419908e+01 +1.550419908e+01 -6.1456e-01 -9.6999e-01 +1.2795e+00 +1.4875e+00 +2.2939e+00
1126 +3.802261958e-01 +3.802261958e-01 +1.533022620e+01 +1.533022620e+01 -6.1257e-01 -7.7028e-01 +1.3482e+00 +1.5413e+00 +2.3362e+00
1246 +2.379873170e-01 +2.379873170e-01 +1.518798732e+01 +1.518798732e+01 -5.9795e-01 -7.1444e-01 +1.4960e+00 +1.4340e+00 +2.3287e+00
1991 +1.571236527e-01 +1.571236527e-01 +1.510712365e+01 +1.510712365e+01 -7.0901e-01 -4.7946e-01 +1.5233e+00 +1.5859e+00 +2.4531e+00
3751 +9.222538869e-02 +9.222538869e-02 +1.504222539e+01 +1.504222539e+01 -1.0959e+00 -8.2259e-01 +1.9666e+00 +1.4523e+00 +2.3534e+00
4282 +5.933440303e-02 +5.933440303e-02 +1.500933440e+01 +1.500933440e+01 -1.2192e+00 -9.1300e-01 +2.0402e+00 +1.4743e+00 +2.3915e+00
4999 +3.869706251e-02 +3.869706251e-02 +1.498869706e+01 +1.498869706e+01 -1.4174e+00 -8.9731e-01 +2.1541e+00 +1.4966e+00 +2.4089e+00
5251 +2.266760040e-02 +2.266760040e-02 +1.497266760e+01 +1.497266760e+01 -1.6292e+00 -9.4497e-01 +2.2240e+00 +1.4794e+00 +2.3526e+00
6251 +1.526306430e-02 +1.526306430e-02 +1.496526306e+01 +1.496526306e+01 -1.7428e+00 -1.0084e+00 +2.3977e+00 +1.4766e+00 +2.3974e+00
% function evaluation | noise-free fitness - Fopt (6.938000000000e+01) | best noise-free fitness - Fopt | measured fitness | best measured fitness | x1 | x2...
1 +5.414024380e+01 +5.414024380e+01 +1.235202438e+02 +1.235202438e+02 -7.9211e-01 +3.4243e-01 +1.6537e+00 +8.1894e-02 +1.3798e+00
3 +8.665687487e+00 +8.665687487e+00 +7.804568749e+01 +7.804568749e+01 -1.4413e+00 -1.6291e+00 +1.0189e-01 +2.8345e+00 -1.4638e+00
285 +6.142206474e+00 +6.142206474e+00 +7.552220647e+01 +7.552220647e+01 -1.6828e+00 -1.6684e+00 +2.3835e-01 +2.8718e+00 -1.4672e+00
2628 +3.933168131e+00 +3.933168131e+00 +7.331316813e+01 +7.331316813e+01 +3.3142e+00 +6.4594e-02 -2.2653e+00 +2.4607e+00 -9.1432e-01
% function evaluation | noise-free fitness - Fopt (7.255000000000e+01) | best noise-free fitness - Fopt | measured fitness | best measured fitness | x1 | x2...
1 +7.711721847e+01 +7.711721847e+01 +1.496672185e+02 +1.496672185e+02 +1.5042e+00 +1.4126e+00 +1.6621e+00 +3.1189e+00 +3.4957e+00
2 +1.737760607e+01 +1.737760607e+01 +8.992760607e+01 +8.992760607e+01 +3.6342e+00 -9.9648e-02 +1.4446e+00 -2.6472e+00 +6.7977e-02
36 +1.568172516e+01 +1.568172516e+01 +8.823172516e+01 +8.823172516e+01 +3.5987e+00 -4.1552e-02 +1.3601e+00 -2.6831e+00 +1.4791e-02
506 +8.852718774e+00 +8.852718774e+00 +8.140271877e+01 +8.140271877e+01 -3.1426e+00 -7.9526e-01 +3.9358e-01 +2.2038e+00 -2.9228e+00
777 +6.085805639e+00 +6.085805639e+00 +7.863580564e+01 +7.863580564e+01 -3.2234e+00 -8.7247e-01 +4.2951e-01 +2.4769e+00 -2.7956e+00
1029 +2.614039515e+00 +2.614039515e+00 +7.516403952e+01 +7.516403952e+01 -3.1655e+00 -1.0641e+00 +2.6598e-01 +2.5594e+00 -2.6805e+00
1157 +2.088442982e+00 +2.088442982e+00 +7.463844298e+01 +7.463844298e+01 -3.1116e+00 -1.1287e+00 +2.7766e-01 +2.5840e+00 -2.6481e+00
1767 +1.518618968e+00 +1.518618968e+00 +7.406861897e+01 +7.406861897e+01 -3.1442e+00 -1.1601e+00 +4.0349e-01 +2.7398e+00 -2.4164e+00
1900 +6.451293935e-01 +6.451293935e-01 +7.319512939e+01 +7.319512939e+01 -3.0679e+00 -1.1073e+00 +3.4636e-01 +2.8331e+00 -2.3424e+00
2016 +6.031112074e-01 +6.031112074e-01 +7.315311121e+01 +7.315311121e+01 -3.0092e+00 -1.1811e+00 +3.6794e-01 +2.9048e+00 -2.3839e+00
2276 +3.355891228e-01 +3.355891228e-01 +7.288558912e+01 +7.288558912e+01 -3.0497e+00 -1.2089e+00 +3.2803e-01 +2.9435e+00 -2.1277e+00
2409 +1.512172469e-01 +1.512172469e-01 +7.270121725e+01 +7.270121725e+01 -2.9807e+00 -1.2728e+00 +2.5347e-01 +2.9091e+00 -2.0161e+00
2676 +9.262303469e-02 +9.262303469e-02 +7.264262303e+01 +7.264262303e+01 -2.9728e+00 -1.2120e+00 +3.1220e-01 +2.9764e+00 -1.9216e+00
3139 +5.140820551e-02 +5.140820551e-02 +7.260140821e+01 +7.260140821e+01 -2.8730e+00 -1.2038e+00 +2.4214e-01 +3.0030e+00 -1.8333e+00
3270 +1.952954538e-02 +1.952954538e-02 +7.256952955e+01 +7.256952955e+01 -2.8872e+00 -1.1636e+00 +2.8927e-01 +3.0308e+00 -1.7339e+00
3403 +1.525966874e-02 +1.525966874e-02 +7.256525967e+01 +7.256525967e+01 -2.8855e+00 -1.1630e+00 +3.1508e-01 +3.0920e+00 -1.7244e+00
3534 +5.260202149e-03 +5.260202149e-03 +7.255526020e+01 +7.255526020e+01 -2.8399e+00 -1.0794e+00 +3.3542e-01 +3.1715e+00 -1.6453e+00
3797 +3.571380879e-03 +3.571380879e-03 +7.255357138e+01 +7.255357138e+01 -2.7913e+00 -1.0427e+00 +2.8969e-01 +3.1410e+00 -1.5405e+00
3928 +2.177539063e-03 +2.177539063e-03 +7.255217754e+01 +7.255217754e+01 -2.7272e+00 -9.6063e-01 +3.3249e-01 +3.1626e+00 -1.5362e+00
4183 +8.833143461e-04 +8.833143461e-04 +7.255088331e+01 +7.255088331e+01 -2.7445e+00 -9.1184e-01 +3.2161e-01 +3.1436e+00 -1.4941e+00
4314 +1.701140569e-04 +1.701140569e-04 +7.255017011e+01 +7.255017011e+01 -2.6908e+00 -9.1554e-01 +3.4582e-01 +3.3558e+00 -1.4503e+00
4919 +3.070136492e-05 +3.070136492e-05 +7.255003070e+01 +7.255003070e+01 -2.6483e+00 -8.2244e-01 +3.3931e-01 +3.3484e+00 -1.3417e+00
% function evaluation | noise-free fitness - Fopt (-5.473100000000e+02) | best noise-free fitness - Fopt | measured fitness | best measured fitness | x1 | x2...
1 +7.991470058e+01 +7.991470058e+01 -4.673952994e+02 -4.673952994e+02 -1.3639e+00 +6.7006e-01 -6.1333e-02 -3.2902e+00 -4.1799e-01
2 +2.527938624e+01 +2.527938624e+01 -5.220306138e+02 -5.220306138e+02 +1.0910e+00 -1.6636e+00 +8.6067e-01 +1.0040e+00 -2.1928e+00
10 +2.257001075e+01 +2.257001075e+01 -5.247399893e+02 -5.247399893e+02 +1.3646e+00 -1.2470e+00 +5.6994e-01 +3.0884e+00 +1.9003e+00
376 +1.564883663e+01 +1.564883663e+01 -5.316611634e+02 -5.316611634e+02 +2.1057e+00 -2.6088e+00 -2.5502e+00 +2.9119e+00 +2.7063e+00
390 +7.659249359e+00 +7.659249359e+00 -5.396507506e+02 -5.396507506e+02 +2.0114e+00 -1.5873e+00 -1.9416e+00 +2.9496e+00 +9.8894e-01
514 +5.966296036e+00 +5.966296036e+00 -5.413437040e+02 -5.413437040e+02 +2.0563e+00 -1.6549e+00 -2.0270e+00 +2.8771e+00 +8.9889e-01
517 +3.935804664e+00 +3.935804664e+00 -5.433741953e+02 -5.433741953e+02 +2.0458e+00 -1.9904e+00 -2.2889e+00 +2.8233e+00 +1.0966e+00
% function evaluation | noise-free fitness - Fopt (1.000000000000e+03) | best noise-free fitness - Fopt | measured fitness | best measured fitness | x1 | x2...
1 +7.149937152e+01 +7.149937152e+01 +1.071499372e+03 +1.071499372e+03 +2.5138e+00 +2.9420e+00 +3.5234e+00 +1.1121e+00 -1.6734e+00
14 +4.628333633e+01 +4.628333633e+01 +1.046283336e+03 +1.046283336e+03 -1.3854e+00 -1.6766e-01 -1.9161e+00 -3.1018e+00 -2.6410e+00
17 +3.882390357e+01 +3.882390357e+01 +1.038823904e+03 +1.038823904e+03 -1.4940e+00 +4.3544e-01 -1.0636e+00 -1.1638e+00 -1.8209e+00
60 +9.801715804e+00 +9.801715804e+00 +1.009801716e+03 +1.009801716e+03 +3.3742e+00 +2.9060e+00 -3.4958e+00 -2.0566e+00 -3.0760e-01
333 +5.535236316e+00 +5.535236316e+00 +1.005535236e+03 +1.005535236e+03 +3.3015e+00 +3.0924e+00 -3.5170e+00 -1.8845e+00 -1.8953e-01
608 +3.900638714e+00 +3.900638714e+00 +1.003900639e+03 +1.003900639e+03 +3.1610e+00 +3.1678e+00 -3.5282e+00 -1.8457e+00 -4.0368e-02
1246 +2.502731250e+00 +2.502731250e+00 +1.002502731e+03 +1.002502731e+03 +3.2567e+00 +2.9672e+00 -3.7158e+00 -1.4895e+00 +3.0351e-01
% function evaluation | noise-free fitness - Fopt (2.935800000000e+02) | best noise-free fitness - Fopt | measured fitness | best measured fitness | x1 | x2...
1 +7.433268668e+01 +7.433268668e+01 +3.679126867e+02 +3.679126867e+02 +2.2353e+00 -2.5031e+00 -2.1059e+00 +3.9910e+00 -1.9514e+00
3 +2.680381439e+01 +2.680381439e+01 +3.203838144e+02 +3.203838144e+02 -3.8078e-01 +1.3024e+00 -1.4151e+00 -3.9779e+00 -2.4205e+00
38 +2.406763968e+01 +2.406763968e+01 +3.176476397e+02 +3.176476397e+02 -3.7621e-01 +1.3845e+00 -1.3356e+00 -3.8993e+00 -2.3549e+00
353 +7.327991195e+00 +7.327991195e+00 +3.009079912e+02 +3.009079912e+02 -1.8402e+00 -2.5273e+00 -1.3795e+00 +1.1852e-01 -1.5855e+00
469 +6.028210245e+00 +6.028210245e+00 +2.996082102e+02 +2.996082102e+02 -1.7418e+00 -2.5577e+00 -1.4316e+00 +7.6727e-02 -1.6764e+00
596 +3.473146450e+00 +3.473146450e+00 +2.970531465e+02 +2.970531465e+02 -1.0062e+00 -1.7269e+00 -1.3385e+00 -9.3769e-01 -1.6813e+00
1135 +2.498806243e+00 +2.498806243e+00 +2.960788062e+02 +2.960788062e+02 -9.3288e-01 -1.7940e+00 -1.2550e+00 -8.3606e-01 -1.7914e+00
% function evaluation | noise-free fitness - Fopt (3.712600000000e+02) | best noise-free fitness - Fopt | measured fitness | best measured fitness | x1 | x2...
1 +7.365471715e+01 +7.365471715e+01 +4.449147171e+02 +4.449147171e+02 +7.0615e-02 -3.7413e+00 +3.5504e+00 +1.8801e+00 -2.6192e+00
9 +2.805897873e+01 +2.805897873e+01 +3.993189787e+02 +3.993189787e+02 -1.8206e+00 +2.1957e+00 +1.2069e+00 +1.7638e+00 +1.0232e-01
77 +2.468136099e+01 +2.468136099e+01 +3.959413610e+02 +3.959413610e+02 -2.1384e+00 +3.3494e+00 +2.4012e+00 +7.9035e-02 +1.0447e-02
344 +1.520621422e+01 +1.520621422e+01 +3.864662142e+02 +3.864662142e+02 -6.2131e-01 +2.4901e+00 +2.2777e+00 -6.5578e-01 +8.0001e-02
982 +9.961388809e+00 +9.961388809e+00 +3.812213888e+02 +3.812213888e+02 -6.8690e-01 +2.5304e+00 +1.9932e+00 -2.7481e-01 +3.0535e-01
3659 +6.306754115e+00 +6.306754115e+00 +3.775667541e+02 +3.775667541e+02 -4.0641e+00 -9.7565e-01 -2.5273e+00 +1.4077e+00 -3.4472e+00
% function evaluation | noise-free fitness - Fopt (5.226000000000e+01) | best noise-free fitness - Fopt | measured fitness | best measured fitness | x1 | x2...
1 +8.171250462e+01 +8.171250462e+01 +1.339725046e+02 +1.339725046e+02 -9.4768e-01 +3.9417e+00 +7.1284e-01 +3.2976e+00 -1.9844e+00
7 +5.849345929e+01 +5.849345929e+01 +1.107534593e+02 +1.107534593e+02 +7.2570e-01 -2.2142e+00 -1.3420e+00 +3.9725e-01 +2.6588e+00
14 +9.480825620e+00 +9.480825620e+00 +6.174082562e+01 +6.174082562e+01 -2.7249e+00 -1.6481e+00 +2.3225e+00 +3.7231e+00 -1.3638e+00
288 +6.116439166e+00 +6.116439166e+00 +5.837643917e+01 +5.837643917e+01 -2.6835e+00 -1.4384e+00 +2.2422e+00 +3.8735e+00 -1.1648e+00
511 +3.522054051e+00 +3.522054051e+00 +5.578205405e+01 +5.578205405e+01 -8.6314e-02 -3.3540e+00 +6.7157e-01 -3.0766e+00 +2.6620e+00
767 +2.240055423e+00 +2.240055423e+00 +5.450005542e+01 +5.450005542e+01 +5.1048e-02 -3.4604e+00 +7.3620e-01 -2.8315e+00 +2.8795e+00
1288 +1.565224601e+00 +1.565224601e+00 +5.382522460e+01 +5.382522460e+01 +1.2378e-01 -3.5777e+00 +6.5468e-01 -2.5898e+00 +2.6200e+00
2018 +9.365618678e-01 +9.365618678e-01 +5.319656187e+01 +5.319656187e+01 +2.8766e-01 -3.8742e+00 +5.8176e-01 -2.5800e+00 +2.5886e+00
2710 +5.560016520e-01 +5.560016520e-01 +5.281600165e+01 +5.281600165e+01 -1.9626e+00 -9.5080e-01 +1.9009e+00 +3.8557e+00 -3.7945e-01
3699 +3.451841704e-01 +3.451841704e-01 +5.260518417e+01 +5.260518417e+01 -1.4772e+00 -6.8859e-01 +2.0862e+00 +3.8038e+00 -2.4181e-01
4083 +2.167888294e-01 +2.167888294e-01 +5.247678883e+01 +5.247678883e+01 -1.4044e+00 -7.4507e-01 +1.9843e+00 +3.6316e+00 -2.9566e-01
4829 +1.399775916e-01 +1.399775916e-01 +5.239997759e+01 +5.239997759e+01 -1.2455e+00 -7.3140e-01 +1.8597e+00 +3.4900e+00 -2.2717e-01
6062 +9.894629905e-02 +9.894629905e-02 +5.235894630e+01 +5.235894630e+01 -8.9670e-01 -5.3561e-01 +1.9918e+00 +3.4435e+00 -1.1108e-01
6321 +6.106321109e-02 +6.106321109e-02 +5.232106321e+01 +5.232106321e+01 -7.0640e-01 -4.4342e-01 +1.8988e+00 +3.2978e+00 -1.8999e-01
% function evaluation | noise-free fitness - Fopt (5.034000000000e+01) | best noise-free fitness - Fopt | measured fitness | best measured fitness | x1 | x2...
1 +6.520237697e+01 +6.520237697e+01 +1.155423770e+02 +1.155423770e+02 -1.0121e+00 +1.5397e+00 +3.4768e+00 +2.8842e+00 +1.4622e+00
2 +2.206254252e+01 +2.206254252e+01 +7.240254252e+01 +7.240254252e+01 +3.5983e+00 +3.7827e+00 -3.2769e+00 +3.8128e+00 -3.2350e+00
31 +1.517362727e+01 +1.517362727e+01 +6.551362727e+01 +6.551362727e+01 +3.6541e+00 +3.7723e+00 -3.3598e+00 +3.7187e+00 -3.3338e+00
152 +9.664088392e+00 +9.664088392e+00 +6.000408839e+01 +6.000408839e+01 +3.5955e+00 +3.6679e+00 -3.4354e+00 +3.6930e+00 -3.3750e+00
936 +6.285767897e+00 +6.285767897e+00 +5.662576790e+01 +5.662576790e+01 +3.5434e+00 +3.3152e+00 -3.6035e+00 +3.6674e+00 -3.2499e+00
1296 +3.616598434e+00 +3.616598434e+00 +5.395659843e+01 +5.395659843e+01 -2.1368e+00 -8.7766e-01 +1.9873e+00 -3.1222e+00 +3.7586e+00
1757 +2.372601145e+00 +2.372601145e+00 +5.271260115e+01 +5.271260115e+01 -1.9352e+00 -1.0461e+00 +2.0819e+00 -3.3073e+00 +3.7777e+00
2022 +1.559951730e+00 +1.559951730e+00 +5.189995173e+01 +5.189995173e+01 -2.2293e+00 -1.1651e+00 +2.0134e+00 -3.2106e+00 +3.6072e+00
2278 +9.987869490e-01 +9.987869490e-01 +5.133878695e+01 +5.133878695e+01 -2.2763e+00 -1.2787e+00 +2.0216e+00 -3.2526e+00 +3.5627e+00
2418 +6.010826089e-01 +6.010826089e-01 +5.094108261e+01 +5.094108261e+01 -2.2130e+00 -1.3182e+00 +2.1346e+00 -3.3203e+00 +3.5545e+00
3141 +2.646124998e-01 +2.646124998e-01 +5.060461250e+01 +5.060461250e+01 -2.2096e+00 -1.3287e+00 +2.0707e+00 -3.3291e+00 +3.2719e+00
3149 +2.155048502e-01 +2.155048502e-01 +5.055550485e+01 +5.055550485e+01 -2.2170e+00 -1.3409e+00 +2.0706e+00 -3.4047e+00 +3.2476e+00
3278 +1.391434032e-01 +1.391434032e-01 +5.047914340e+01 +5.047914340e+01 -2.2206e+00 -1.3498e+00 +2.0994e+00 -3.3309e+00 +3.1673e+00
3526 +9.124152752e-02 +9.124152752e-02 +5.043124153e+01 +5.043124153e+01 -2.2555e+00 -1.4373e+00 +2.2451e+00 -3.3657e+00 +3.1606e+00
3657 +5.050060398e-02 +5.050060398e-02 +5.039050060e+01 +5.039050060e+01 -2.1864e+00 -1.5355e+00 +2.3198e+00 -3.4343e+00 +3.1448e+00
3792 +1.994729402e-02 +1.994729402e-02 +5.035994729e+01 +5.035994729e+01 -2.2466e+00 -1.4352e+00 +2.3369e+00 -3.3154e+00 +2.9816e+00
3916 +4.590961378e-03 +4.590961378e-03 +5.034459096e+01 +5.034459096e+01 -2.1589e+00 -1.5902e+00 +2.4298e+00 -3.4265e+00 +2.9476e+00
4181 +3.504896505e-03 +3.504896505e-03 +5.034350490e+01 +5.034350490e+01 -2.1289e+00 -1.7127e+00 +2.3767e+00 -3.5497e+00 +2.8914e+00
4782 +1.973139904e-03 +1.973139904e-03 +5.034197314e+01 +5.034197314e+01 -1.9421e+00 -1.7316e+00 +2.4084e+00 -3.6463e+00 +2.8676e+00
4914 +1.158263589e-03 +1.158263589e-03 +5.034115826e+01 +5.034115826e+01 -2.0167e+00 -1.7576e+00 +2.3139e+00 -3.6703e+00 +2.8681e+00
5169 +9.806213433e-04 +9.806213433e-04 +5.034098062e+01 +5.034098062e+01 -1.9309e+00 -1.8150e+00 +2.4585e+00 -3.6940e+00 +2.8729e+00
6288 +4.137761915e-04 +4.137761915e-04 +5.034041378e+01 +5.034041378e+01 -2.0662e+00 -1.6602e+00 +2.4927e+00 -3.5218e+00 +2.8339e+00
% function evaluation | noise-free fitness - Fopt (-2.314000000000e+01) | best noise-free fitness - Fopt | measured fitness | best measured fitness | x1 | x2...
1 +6.462832180e+01 +6.462832180e+01 +4.148832180e+01 +4.148832180e+01 -2.5882e+00 -1.3844e+00 -1.3036e-02 -3.6728e+00 -3.9696e+00
11 +6.258017072e+01 +6.258017072e+01 +3.944017072e+01 +3.944017072e+01 +1.0560e+00 +3.3673e-01 -3.0914e+00 -3.4983e+00 +2.1409e+00
39 +3.802622889e+01 +3.802622889e+01 +1.488622889e+01 +1.488622889e+01 -1.0361e+00 -1.1283e+00 -2.8042e+00 -3.4495e+00 +8.9318e-01
47 +2.477649133e+01 +2.477649133e+01 +1.636491330e+00 +1.636491330e+00 -2.9079e+00 +2.4456e+00 -1.9789e+00 -1.7351e+00 -2.5111e+00
71 +1.408838946e+01 +1.408838946e+01 -9.051610540e+00 -9.051610540e+00 +3.9681e+00 +2.0641e+00 +2.8170e+00 +9.5228e-01 +3.2829e+00
331 +9.574173127e+00 +9.574173127e+00 -1.356582687e+01 -1.356582687e+01 +3.8100e+00 +2.0089e+00 +2.7556e+00 +9.5859e-01 +3.3485e+00
728 +5.830188591e+00 +5.830188591e+00 -1.730981141e+01 -1.730981141e+01 +3.6632e+00 +1.9013e+00 +2.8421e+00 +7.0053e-01 +3.1545e+00
1130 +3.879639740e+00 +3.879639740e+00 -1.926036026e+01 -1.926036026e+01 +3.4612e+00 +1.7348e+00 +2.7917e+00 +7.1475e-01 +3.2636e+00
4311 +2.409534324e+00 +2.409534324e+00 -2.073046568e+01 -2.073046568e+01 -1.4170e+00 +7.9120e-01 +1.8497e+00 -8.4196e-01 +9.0343e-01
6420 +1.540085872e+00 +1.540085872e+00 -2.159991413e+01 -2.159991413e+01 -1.6723e+00 +1.3876e+00 +1.9340e+00 -6.7380e-01 +1.6894e+00
