% function evaluation | noise-free fitness - Fopt (-1.000000000000e+03) | best noise-free fitness - Fopt | measured fitness | best measured fitness | x1 | x2...
1 +8.630308285e+01 +8.630308285e+01 -9.136969172e+02 -9.136969172e+02 -3.6417e+00 -1.2133e+00 +9.1356e-01 +4.1686e-01 +2.9870e+00 -3.4970e-01 -5.4148e-01 +2.2654e+00 -1.6651e-01 -3.0222e+00 +1.0294e+00 +2.0488e+00 +1.0122e+00 +9.4128e-01 +3.5682e+00 +2.3155e+00 -3.5846e+00 -2.6527e-01 +3.8660e+00 +2.1366e+00
1795 +6.243903967e+01 +6.243903967e+01 -9.375609603e+02 -9.375609603e+02 +2.9164e+00 +6.7057e-01 +3.3026e+00 +3.3282e+00 +1.6843e+00 -1.8153e+00 +2.0766e+00 +4.7904e-01 +1.1300e+00 -4.0988e+00 -2.7477e+00 +3.4434e+00 -2.3717e+00 +2.0118e-01 +3.4965e+00 +1.7960e+00 +5.9791e-01 -3.4596e+00 +2.2394e+00 -2.3595e-01
3176 +3.903363679e+01 +3.903363679e+01 -9.609663632e+02 -9.609663632e+02 +2.7346e+00 +7.2973e-01 +3.2726e+00 +2.9886e+00 +1.2827e+00 -1.6265e+00 +1.9409e+00 +3.3932e-01 +1.4976e+00 -3.7633e+00 -2.4729e+00 +3.1566e+00 -2.0128e+00 +1.5585e-01 +3.4032e+00 +1.7998e+00 +7.2202e-01 -3.3055e+00 +1.8778e+00 -3.3884e-01
3966 +2.498597858e+01 +2.498597858e+01 -9.750140214e+02 -9.750140214e+02 +2.5997e+00 +7.6340e-01 +3.1191e+00 +2.8390e+00 +1.4638e+00 -1.7816e+00 +1.5837e+00 +5.8754e-02 +1.4292e+00 -4.0375e+00 -2.3490e+00 +2.8933e+00 -1.8109e+00 +9.5979e-02 +3.5252e+00 +1.5475e+00 +6.8686e-01 -2.9290e+00 +1.7554e+00 -3.8157e-01
5464 +1.542314780e+01 +1.542314780e+01 -9.845768522e+02 -9.845768522e+02 +2.3471e+00 +8.9678e-01 +3.0473e+00 +2.6151e+00 +1.4510e+00 -2.1775e+00 +1.5300e+00 -9.2730e-02 +1.7978e+00 -3.7829e+00 -2.2365e+00 +2.7161e+00 -1.6450e+00 +2.4135e-02 +3.9009e+00 +1.7446e+00 +9.5117e-01 -2.6610e+00 +1.5239e+00 -2.9458e-01
6452 +9.888991818e+00 +9.888991818e+00 -9.901110082e+02 -9.901110082e+02 +1.9040e+00 +6.7655e-01 +2.9938e+00 +2.4824e+00 +1.3094e+00 -2.1230e+00 +1.6614e+00 -2.8358e-01 +1.9718e+00 -3.7371e+00 -2.4005e+00 +2.6527e+00 -1.3955e+00 -2.6011e-01 +3.6911e+00 +1.6302e+00 +1.1384e+00 -2.5745e+00 +1.4665e+00 -2.7143e-01
8231 +5.795140994e+00 +5.795140994e+00 -9.942048590e+02 -9.942048590e+02 +1.6862e+00 +6.7184e-01 +2.9249e+00 +2.1733e+00 +8.0415e-01 -2.5413e+00 +1.5430e+00 -4.2328e-01 +2.4562e+00 -3.5114e+00 -2.4668e+00 +2.6148e+00 -1.2769e+00 -4.5120e-01 +3.8361e+00 +1.4997e+00 +1.2099e+00 -2.5871e+00 +1.2638e+00 -4.8383e-01
8749 +3.937353701e+00 +3.937353701e+00 -9.960626463e+02 -9.960626463e+02 +1.6875e+00 +3.7750e-01 +3.0881e+00 +2.1064e+00 +9.7888e-01 -2.7765e+00 +1.3295e+00 -6.0418e-01 +2.6637e+00 -3.7325e+00 -2.3931e+00 +2.7674e+00 -1.2387e+00 -6.6090e-01 +3.7576e+00 +1.5290e+00 +1.3154e+00 -2.3972e+00 +1.4771e+00 -3.6987e-01
9871 +2.414036837e+00 +2.414036837e+00 -9.975859632e+02 -9.975859632e+02 +1.7060e+00 +2.6882e-01 +2.8951e+00 +2.1087e+00 +7.1768e-01 -2.5636e+00 +1.0062e+00 -5.3351e-01 +2.9757e+00 -3.6684e+00 -2.2191e+00 +2.6352e+00 -1.0762e+00 -1.0369e+00 +3.8860e+00 +1.6343e+00 +1.2004e+00 -2.5333e+00 +1.2580e+00 -1.4449e-01
11631 +1.583967216e+00 +1.583967216e+00 -9.984160328e+02 -9.984160328e+02 +1.3245e+00 +3.5558e-02 +3.1575e+00 +1.6908e+00 +5.2180e-01 -3.0425e+00 +7.6267e-01 -7.3502e-01 +3.2083e+00 -3.1939e+00 -1.9061e+00 +2.6467e+00 -1.1251e+00 -1.1814e+00 +3.5606e+00 +1.6460e+00 +1.1988e+00 -2.4124e+00 +1.3922e+00 +5.9029e-02
12900 +9.880475663e-01 +9.880475663e-01 -9.990119524e+02 -9.990119524e+02 +1.2540e+00 -3.4677e-03 +3.0078e+00 +1.5192e+00 +3.0793e-01 -2.8624e+00 +7.9573e-01 -4.7295e-01 +3.5169e+00 -3.0130e+00 -1.9439e+00 +2.5501e+00 -1.0653e+00 -1.1145e+00 +3.6522e+00 +1.7624e+00 +1.3767e+00 -2.4183e+00 +1.5926e+00 -8.6844e-02
13749 +6.235359341e-01 +6.235359341e-01 -9.993764641e+02 -9.993764641e+02 +1.3487e+00 -7.4391e-02 +3.0744e+00 +1.3738e+00 +6.3864e-02 -2.7737e+00 +7.9270e-01 -5.5466e-01 +3.8305e+00 -2.7769e+00 -1.8333e+00 +2.5525e+00 -9.1114e-01 -1.1237e+00 +3.5293e+00 +1.6904e+00 +1.3364e+00 -2.4114e+00 +1.6391e+00 -3.4076e-02
18534 +3.848900448e-01 +3.848900448e-01 -9.996151100e+02 -9.996151100e+02 +1.3302e+00 -4.0341e-01 +2.7214e+00 +1.2661e+00 -9.0516e-01 -2.7886e+00 +2.2615e-01 +2.2534e-01 +4.2109e+00 -2.4833e+00 -1.7405e+00 +2.6998e+00 -1.4063e+00 -5.7294e-01 +3.4793e+00 +2.1424e+00 +1.1474e+00 -2.3897e+00 +1.6444e+00 -2.9381e-02
19316 +2.390973838e-01 +2.390973838e-01 -9.997609026e+02 -9.997609026e+02 +1.1772e+00 -2.9497e-01 +2.6095e+00 +1.1073e+00 -1.0593e+00 -2.8572e+00 +1.7458e-02 +2.3549e-01 +3.9312e+00 -2.4597e+00 -1.7584e+00 +2.6327e+00 -1.2170e+00 -4.2641e-01 +3.5690e+00 +2.1210e+00 +1.2282e+00 -2.6350e+00 +1.7190e+00 +2.4807e-01
20314 +1.550919974e-01 +1.550919974e-01 -9.998449080e+02 -9.998449080e+02 +1.0900e+00 -3.1532e-01 +2.6584e+00 +7.9461e-01 -1.0183e+00 -2.7419e+00 +1.9926e-01 +2.1356e-01 +4.0823e+00 -2.6916e+00 -1.5664e+00 +2.5750e+00 -1.3958e+00 -3.2443e-01 +3.4696e+00 +2.1358e+00 +1.2686e+00 -2.7220e+00 +1.7147e+00 +3.5144e-01
22931 +9.936868886e-02 +9.936868886e-02 -9.999006313e+02 -9.999006313e+02 +9.3818e-01 -3.5021e-01 +2.4610e+00 +8.0728e-01 -9.2955e-01 -2.6541e+00 -4.7903e-02 +3.0646e-01 +4.0805e+00 -1.9476e+00 -1.3915e+00 +2.4313e+00 -1.6003e+00 -1.8379e-01 +3.5592e+00 +1.9157e+00 +1.2800e+00 -2.8816e+00 +1.8347e+00 +5.7223e-01
26611 +5.485548407e-02 +5.485548407e-02 -9.999451445e+02 -9.999451445e+02 +6.5594e-01 -2.4777e-01 +2.7410e+00 +6.0280e-01 -9.1465e-01 -2.5217e+00 -4.6318e-01 +1.3101e-01 +3.6542e+00 -1.5822e+00 -1.0843e+00 +2.4050e+00 -1.8501e+00 -4.8645e-02 +3.2181e+00 +2.1379e+00 +1.1946e+00 -3.0052e+00 +1.6893e+00 +8.1832e-01
% function evaluation | noise-free fitness - Fopt (1.000000000000e+03) | best noise-free fitness - Fopt | measured fitness | best measured fitness | x1 | x2...
1 +8.633076903e+01 +8.633076903e+01 +1.086330769e+03 +1.086330769e+03 +9.7135e-01 +2.1288e-01 +1.2961e+00 -3.2245e+00 -5.0666e-01 +2.4406e+00 +8.2230e-01 -4.6483e-01 +3.6100e+00 +4.2122e-02 +3.4117e+00 -2.5952e+00 -1.9036e+00 +3.6002e+00 +3.2010e+00 -1.0818e+00 +7.3668e-01 -1.8523e+00 -3.1735e+00 -2.7858e+00
1286 +6.236796025e+01 +6.236796025e+01 +1.062367960e+03 +1.062367960e+03 +2.9396e+00 +1.6657e+00 -2.4000e+00 +2.0538e+00 +2.7530e+00 +2.9342e+00 +1.3477e+00 +1.2251e-01 +5.4825e-01 -3.1019e+00 -2.1448e+00 +3.9461e+00 -6.5318e-01 -2.6940e-01 -1.5328e+00 -3.7730e+00 -1.0713e+00 -2.9441e+00 -2.0901e+00 +1.1287e+00
3396 +3.648597258e+01 +3.648597258e+01 +1.036485973e+03 +1.036485973e+03 +2.7776e+00 +2.3971e+00 -2.8932e+00 +1.7267e+00 +2.1481e+00 +3.3100e+00 +1.3117e+00 -5.5490e-01 +7.5150e-01 -2.9822e+00 -2.2901e+00 +3.7656e+00 -2.6497e-01 -2.7407e-01 -1.4305e+00 -4.0143e+00 -1.1880e+00 -2.9131e+00 -2.1172e+00 +1.2949e+00
4309 +2.511476592e+01 +2.511476592e+01 +1.025114766e+03 +1.025114766e+03 +2.5483e+00 +2.5048e+00 -3.2465e+00 +1.5269e+00 +1.9131e+00 +3.5265e+00 +1.2185e+00 -8.3045e-01 +8.5472e-01 -3.0334e+00 -2.3889e+00 +3.7177e+00 -1.1980e-01 -6.8899e-01 -1.4909e+00 -4.3233e+00 -1.1900e+00 -2.7848e+00 -2.0971e+00 +1.4247e+00
5695 +1.558285463e+01 +1.558285463e+01 +1.015582855e+03 +1.015582855e+03 +2.4882e+00 +2.5380e+00 -3.4093e+00 +1.2107e+00 +1.6231e+00 +4.0435e+00 +1.4799e+00 -1.4110e+00 +3.9930e-01 -2.6722e+00 -2.4108e+00 +3.8354e+00 -7.9777e-05 -1.0209e+00 -1.6853e+00 -4.0710e+00 -1.1852e+00 -2.6763e+00 -2.1115e+00 +1.7318e+00
6936 +9.871567084e+00 +9.871567084e+00 +1.009871567e+03 +1.009871567e+03 +2.2629e+00 +2.7528e+00 -3.4020e+00 +1.0204e+00 +1.6001e+00 +4.2478e+00 +1.3981e+00 -1.5742e+00 +5.2116e-01 -2.5475e+00 -2.2086e+00 +3.8758e+00 -2.3443e-02 -1.3693e+00 -2.1892e+00 -3.8522e+00 -1.2247e+00 -2.7552e+00 -1.8807e+00 +1.6601e+00
9176 +6.104397104e+00 +6.104397104e+00 +1.006104397e+03 +1.006104397e+03 +2.2037e+00 +3.1425e+00 -3.3452e+00 +3.4029e-01 +1.1522e+00 +4.4096e+00 +1.0935e+00 -1.9848e+00 +5.4963e-01 -2.6724e+00 -2.3599e+00 +3.8684e+00 +3.7004e-01 -1.6229e+00 -2.5998e+00 -3.5832e+00 -1.2743e+00 -2.8474e+00 -2.0472e+00 +1.4105e+00
10219 +3.817620553e+00 +3.817620553e+00 +1.003817621e+03 +1.003817621e+03 +2.1753e+00 +3.2167e+00 -3.3364e+00 +2.3253e-01 +1.2390e+00 +4.5864e+00 +1.1971e+00 -2.0449e+00 +8.8190e-01 -2.9021e+00 -2.1838e+00 +3.6829e+00 +7.0920e-01 -1.8436e+00 -2.8632e+00 -3.6736e+00 -1.5383e+00 -3.1329e+00 -2.2177e+00 +1.5477e+00
11598 +2.440099530e+00 +2.440099530e+00 +1.002440100e+03 +1.002440100e+03 +1.9833e+00 +3.4266e+00 -3.6206e+00 -1.3026e-01 +1.2110e+00 +4.6831e+00 +9.6638e-01 -2.0823e+00 +1.1018e+00 -3.0883e+00 -2.1442e+00 +3.8756e+00 +8.6647e-01 -1.9136e+00 -3.2384e+00 -3.5300e+00 -1.5887e+00 -2.9991e+00 -2.2982e+00 +1.5311e+00
14887 +1.495013969e+00 +1.495013969e+00 +1.001495014e+03 +1.001495014e+03 +2.0547e+00 +4.2046e+00 -3.4233e+00 -8.1165e-01 +1.1619e+00 +4.9051e+00 +9.9807e-01 -2.0663e+00 +1.6328e+00 -3.2135e+00 -2.0170e+00 +3.8048e+00 +1.2655e+00 -2.4340e+00 -3.5055e+00 -3.2326e+00 -2.1639e+00 -3.4544e+00 -2.8777e+00 +1.0825e+00
17258 +9.713305777e-01 +9.713305777e-01 +1.000971331e+03 +1.000971331e+03 +1.9553e+00 +4.6652e+00 -3.3324e+00 -8.4019e-01 +8.9145e-01 +4.6873e+00 +5.9484e-01 -1.9636e+00 +2.2360e+00 -3.6512e+00 -1.9125e+00 +3.8017e+00 +1.3198e+00 -2.5489e+00 -3.5950e+00 -3.1621e+00 -2.4730e+00 -3.0080e+00 -3.1224e+00 +1.2038e+00
% function evaluation | noise-free fitness - Fopt (-4.913000000000e+01) | best noise-free fitness - Fopt | measured fitness | best measured fitness | x1 | x2...
1 +8.591203374e+01 +8.591203374e+01 +3.678203374e+01 +3.678203374e+01 -3.7668e+00 -3.4026e+00 -3.1834e+00 +1.0828e+00 +1.7803e+00 +3.6715e+00 +2.9140e+00 -2.4901e+00 -1.6693e+00 -1.8409e+00 +2.0664e+00 -1.7082e+00 -8.6277e-01 +2.1326e+00 +1.6439e+00 -1.1330e-01 -2.6215e+00 -3.2484e+00 -2.1100e+00 +1.7941e+00
3048 +6.154699503e+01 +6.154699503e+01 +1.241699503e+01 +1.241699503e+01 +3.5510e+00 +3.0376e+00 +2.7073e+00 +6.7337e-01 +3.4264e+00 -2.1718e+00 +3.3174e+00 -9.6092e-01 +2.7314e+00 +1.9748e+00 +2.2446e-02 -1.3209e+00 +1.1079e+00 +1.3469e+00 -9.0537e-01 -1.7623e+00 +4.9904e-01 +1.0435e+00 -2.8210e-02 +3.2409e+00
4812 +3.774088332e+01 +3.774088332e+01 -1.138911668e+01 -1.138911668e+01 +3.7124e+00 +3.2769e+00 +3.0776e+00 +8.9136e-01 +3.5966e+00 -1.8747e+00 +3.1781e+00 -1.0428e+00 +2.7230e+00 +1.5507e+00 -5.5557e-02 -1.4274e+00 +6.1267e-01 +1.1941e+00 -8.0775e-01 -2.1191e+00 +7.5392e-01 +7.4469e-01 -2.3712e-01 +3.1184e+00
5726 +2.505550929e+01 +2.505550929e+01 -2.407449071e+01 -2.407449071e+01 +3.7188e+00 +3.2822e+00 +3.2905e+00 +9.4857e-01 +3.5270e+00 -1.5319e+00 +3.3008e+00 -8.4361e-01 +2.5914e+00 +1.3145e+00 -2.6232e-01 -1.3465e+00 +2.8157e-01 +1.0795e+00 -6.0423e-01 -2.2251e+00 +9.6002e-01 +5.9246e-01 -1.2324e-01 +3.0672e+00
7232 +1.568531684e+01 +1.568531684e+01 -3.344468316e+01 -3.344468316e+01 +4.0933e+00 +3.5084e+00 +3.5998e+00 +1.2508e+00 +3.7017e+00 -1.3676e+00 +3.0732e+00 -6.3778e-01 +2.7146e+00 +1.1895e+00 -2.6245e-01 -1.4041e+00 -2.9315e-01 +1.0399e+00 -2.0129e-01 -2.3916e+00 +1.3888e+00 +5.3922e-01 -1.3624e-01 +2.8835e+00
8618 +9.959671938e+00 +9.959671938e+00 -3.917032806e+01 -3.917032806e+01 +4.3421e+00 +3.6585e+00 +3.6805e+00 +1.4276e+00 +3.7532e+00 -1.2067e+00 +2.7769e+00 -2.2517e-01 +2.6631e+00 +8.2639e-01 -2.1069e-01 -1.2979e+00 -8.8785e-01 +1.2830e+00 +1.6807e-01 -2.3005e+00 +1.5087e+00 +2.1353e-01 -1.0064e-01 +2.7293e+00
11504 +6.239678937e+00 +6.239678937e+00 -4.289032106e+01 -4.289032106e+01 +4.6069e+00 +3.7212e+00 +3.7432e+00 +1.0460e+00 +3.8141e+00 -7.3629e-01 +2.8413e+00 -4.3707e-02 +2.6182e+00 +6.9312e-02 -4.6718e-01 -1.2443e+00 -1.2350e+00 +1.4006e+00 -3.7100e-01 -2.3188e+00 +2.1482e+00 +3.3911e-01 +3.9376e-01 +1.9891e+00
12762 +3.966721304e+00 +3.966721304e+00 -4.516327870e+01 -4.516327870e+01 +4.5207e+00 +3.6043e+00 +3.8659e+00 +1.0570e+00 +3.7198e+00 -2.3399e-01 +2.8740e+00 +1.4774e-01 +2.8878e+00 -1.6693e-03 -5.3899e-01 -1.4445e+00 -1.0721e+00 +1.4087e+00 -6.9765e-01 -2.5511e+00 +2.2196e+00 +4.3227e-02 +1.9173e-01 +1.9462e+00
13880 +2.438153774e+00 +2.438153774e+00 -4.669184623e+01 -4.669184623e+01 +4.4748e+00 +3.5982e+00 +3.7615e+00 +9.2425e-01 +3.6383e+00 +4.5557e-02 +2.8647e+00 +5.5224e-01 +2.7751e+00 -1.1381e-01 -6.9344e-01 -1.5767e+00 -1.2881e+00 +1.5223e+00 -8.0146e-01 -2.6105e+00 +2.0987e+00 -1.5355e-01 +3.3875e-01 +1.7144e+00
16768 +1.551092558e+00 +1.551092558e+00 -4.757890744e+01 -4.757890744e+01 +4.9046e+00 +3.9823e+00 +3.6813e+00 +6.3471e-01 +3.6038e+00 +3.1588e-01 +2.2826e+00 +9.5781e-01 +3.1383e+00 -2.1242e-01 -8.0048e-01 -1.9331e+00 -1.5021e+00 +1.8211e+00 -1.1076e+00 -2.6943e+00 +2.3049e+00 -1.8438e-01 +8.5403e-02 +1.2625e+00
17804 +9.969694618e-01 +9.969694618e-01 -4.813303054e+01 -4.813303054e+01 +5.0737e+00 +3.7826e+00 +3.8855e+00 +4.8986e-01 +3.6307e+00 +4.7407e-01 +2.2216e+00 +1.2321e+00 +2.9784e+00 -7.3637e-01 -8.9612e-01 -1.7118e+00 -1.6625e+00 +1.6893e+00 -1.5560e+00 -2.5856e+00 +2.1098e+00 -5.1934e-01 -9.6840e-02 +1.1722e+00
18797 +5.919021317e-01 +5.919021317e-01 -4.853809787e+01 -4.853809787e+01 +4.8408e+00 +3.6790e+00 +3.7243e+00 +8.7977e-02 +3.6177e+00 +4.8728e-01 +2.0920e+00 +1.3655e+00 +3.0651e+00 -6.1913e-01 -1.2364e+00 -1.8966e+00 -1.4941e+00 +1.6490e+00 -1.6858e+00 -2.6755e+00 +1.9477e+00 -5.8996e-01 -5.7128e-02 +1.0388e+00
21174 +3.462874208e-01 +3.462874208e-01 -4.878371258e+01 -4.878371258e+01 +4.9162e+00 +3.3809e+00 +3.6265e+00 -1.8048e-01 +3.3209e+00 +7.8937e-01 +2.1828e+00 +1.7859e+00 +3.1097e+00 -9.6147e-01 -1.2937e+00 -2.0980e+00 -1.8950e+00 +1.5720e+00 -2.0962e+00 -2.7105e+00 +1.9783e+00 -5.9597e-01 -3.1679e-01 +7.9988e-01
21429 +2.499110780e-01 +2.499110780e-01 -4.888008892e+01 -4.888008892e+01 +4.7592e+00 +3.4394e+00 +3.7370e+00 -2.2343e-01 +3.2801e+00 +9.2750e-01 +2.1757e+00 +1.7613e+00 +3.2322e+00 -1.0313e+00 -1.3673e+00 -2.0677e+00 -1.8583e+00 +1.4085e+00 -2.1597e+00 -2.7699e+00 +2.0678e+00 -6.7203e-01 -3.4315e-01 +8.3595e-01
22818 +1.504298715e-01 +1.504298715e-01 -4.897957013e+01 -4.897957013e+01 +4.6985e+00 +3.3816e+00 +3.5740e+00 -2.7501e-01 +2.9759e+00 +9.8673e-01 +2.1561e+00 +1.8670e+00 +3.1654e+00 -1.1891e+00 -1.6220e+00 -2.0967e+00 -1.8956e+00 +1.4999e+00 -2.2405e+00 -2.7903e+00 +2.2953e+00 -5.7730e-01 -2.7904e-01 +5.7852e-01
24708 +8.842738741e-02 +8.842738741e-02 -4.904157261e+01 -4.904157261e+01 +4.4679e+00 +3.3714e+00 +3.5470e+00 -3.1925e-01 +2.7108e+00 +1.2689e+00 +2.1130e+00 +2.1130e+00 +3.1889e+00 -1.2847e+00 -1.7015e+00 -2.2113e+00 -2.0082e+00 +1.6360e+00 -2.5479e+00 -2.8469e+00 +2.5239e+00 -6.2762e-01 -4.6652e-01 +1.7476e-01
26480 +6.010462456e-02 +6.010462456e-02 -4.906989538e+01 -4.906989538e+01 +4.4934e+00 +3.2525e+00 +3.7594e+00 -1.8195e-01 +2.6362e+00 +1.3109e+00 +1.7176e+00 +2.2732e+00 +3.2530e+00 -1.4811e+00 -1.7277e+00 -2.1902e+00 -1.9558e+00 +1.6761e+00 -2.6229e+00 -3.1654e+00 +2.6259e+00 -7.5361e-01 -4.1009e-01 -1.1234e-01
28122 +3.715377356e-02 +3.715377356e-02 -4.909284623e+01 -4.909284623e+01 +4.4502e+00 +3.1816e+00 +3.4917e+00 -3.3905e-01 +2.5292e+00 +1.4281e+00 +1.6258e+00 +2.4541e+00 +3.2356e+00 -1.1984e+00 -1.4938e+00 -2.4900e+00 -1.9948e+00 +1.8509e+00 -2.6576e+00 -3.0909e+00 +2.6322e+00 -7.5917e-01 -3.3023e-01 -2.6909e-01
29247 +2.237009293e-02 +2.237009293e-02 -4.910762991e+01 -4.910762991e+01 +4.3536e+00 +3.2211e+00 +3.5574e+00 -1.3804e-01 +2.3413e+00 +1.4426e+00 +1.6346e+00 +2.6846e+00 +3.1696e+00 -1.4120e+00 -1.4878e+00 -2.5788e+00 -2.1352e+00 +1.9825e+00 -2.4978e+00 -3.0164e+00 +2.8942e+00 -8.0789e-01 -5.2399e-01 -2.2977e-01
% function evaluation | noise-free fitness - Fopt (2.977300000000e+02) | best noise-free fitness - Fopt | measured fitness | best measured fitness | x1 | x2...
1 +8.506692980e+01 +8.506692980e+01 +3.827969298e+02 +3.827969298e+02 -3.0444e+00 -3.5516e-01 -1.4872e+00 -3.5233e+00 -2.3104e+00 -1.8827e+00 -1.7470e-01 +2.0422e+00 -1.1494e+00 -2.1375e+00 +1.3749e+00 -2.2775e+00 -3.9502e+00 +1.4462e+00 +2.6274e+00 -3.8080e+00 -2.7014e+00 +1.6003e+00 +8.7643e-01 +6.5865e-01
334 +6.166944888e+01 +6.166944888e+01 +3.593994489e+02 +3.593994489e+02 -2.1563e-01 +3.5799e+00 +1.2430e+00 +3.9924e-01 -3.7254e-02 -3.3244e+00 +9.7312e-01 -2.6009e-01 +1.5347e+00 -2.0285e+00 +8.7349e-01 +1.2594e+00 +1.4801e+00 -1.3576e+00 +3.3953e+00 +2.5029e+00 -3.7580e-01 -2.5965e+00 -3.4300e+00 +9.5369e-01
1600 +3.950084270e+01 +3.950084270e+01 +3.372308427e+02 +3.372308427e+02 -6.8015e-01 +3.7105e+00 +7.1204e-01 -1.8656e-01 +7.9167e-01 -2.9765e+00 +8.9538e-01 -3.7923e-02 +1.3073e+00 -2.2712e+00 +4.0607e-01 +1.1846e+00 +1.4159e+00 -1.2750e+00 +3.4414e+00 +1.4719e+00 -9.2888e-02 -2.3160e+00 -3.2175e+00 +9.7861e-01
3119 +2.475808473e+01 +2.475808473e+01 +3.224880847e+02 +3.224880847e+02 -6.5145e-01 +3.4825e+00 +5.2724e-01 -8.2891e-01 +1.2828e+00 -3.1403e+00 +6.5019e-01 -2.0598e-01 +1.3133e+00 -2.6367e+00 +6.1736e-01 +1.4353e+00 +1.2173e+00 -1.1385e+00 +3.3461e+00 +1.3549e+00 +1.1044e-01 -1.7699e+00 -3.3752e+00 +1.2674e+00
4266 +1.579675629e+01 +1.579675629e+01 +3.135267563e+02 +3.135267563e+02 -9.1900e-01 +3.7469e+00 +3.5186e-01 -1.1313e+00 +1.6915e+00 -2.8538e+00 +5.2565e-01 +1.8970e-01 +1.2568e+00 -2.6947e+00 +2.8783e-01 +1.2942e+00 +8.8705e-01 -1.5154e+00 +3.1117e+00 +1.5716e+00 +4.3839e-01 -1.3216e+00 -3.5710e+00 +1.4580e+00
5386 +9.705272764e+00 +9.705272764e+00 +3.074352728e+02 +3.074352728e+02 -9.2210e-01 +3.9249e+00 +6.0571e-01 -1.2372e+00 +2.1507e+00 -2.7818e+00 +3.3800e-01 +2.9591e-01 +1.4324e+00 -2.7752e+00 +7.8522e-02 +1.4917e+00 +1.0214e+00 -1.3745e+00 +3.4321e+00 +1.4914e+00 +8.3422e-01 -1.0089e+00 -3.5808e+00 +1.7701e+00
6773 +6.124020730e+00 +6.124020730e+00 +3.038540207e+02 +3.038540207e+02 -1.1566e+00 +3.7607e+00 +5.9529e-01 -1.7082e+00 +2.5586e+00 -2.9146e+00 +2.4919e-01 +4.0061e-01 +1.3811e+00 -3.0405e+00 -2.5412e-02 +1.7087e+00 +6.5119e-01 -1.2285e+00 +3.3077e+00 +1.3943e+00 +7.7696e-01 -6.5460e-01 -3.5270e+00 +1.8793e+00
7305 +3.935224979e+00 +3.935224979e+00 +3.016652250e+02 +3.016652250e+02 -1.2501e+00 +3.8194e+00 +3.8803e-01 -1.8458e+00 +2.6427e+00 -2.7315e+00 +1.6730e-01 +5.9874e-01 +1.5610e+00 -3.1533e+00 -4.1115e-01 +1.5501e+00 +3.2911e-01 -9.3954e-01 +3.3618e+00 +1.1870e+00 +8.1949e-01 -6.6070e-01 -3.7028e+00 +1.9370e+00
8037 +2.497647659e+00 +2.497647659e+00 +3.002276477e+02 +3.002276477e+02 -1.4063e+00 +3.8318e+00 +3.3158e-01 -1.9997e+00 +2.7461e+00 -2.7422e+00 +2.7543e-01 +5.5868e-01 +1.5882e+00 -3.2966e+00 -6.1561e-01 +1.4750e+00 +4.4336e-01 -7.8998e-01 +3.4872e+00 +1.2139e+00 +7.5223e-01 -3.8784e-01 -3.7756e+00 +2.0479e+00
9676 +1.546367799e+00 +1.546367799e+00 +2.992763678e+02 +2.992763678e+02 -1.8548e+00 +3.5898e+00 +4.7466e-01 -2.2210e+00 +3.1249e+00 -2.7992e+00 +1.5646e-01 +6.0335e-01 +1.3371e+00 -3.2219e+00 -5.2704e-01 +1.6314e+00 +3.8681e-01 -4.4439e-01 +3.4430e+00 +1.1235e+00 +8.7522e-01 -7.2069e-02 -3.6129e+00 +2.6274e+00
10642 +9.998522961e-01 +9.998522961e-01 +2.987298523e+02 +2.987298523e+02 -2.1161e+00 +3.6888e+00 +5.2275e-01 -2.4024e+00 +3.3265e+00 -2.8214e+00 -1.0407e-01 +4.9556e-01 +1.3827e+00 -3.3785e+00 -6.4336e-01 +1.7703e+00 +4.9858e-02 -5.0228e-01 +3.2277e+00 +1.0902e+00 +9.0246e-01 +4.8801e-02 -3.5213e+00 +2.9360e+00
% function evaluation | noise-free fitness - Fopt (5.157000000000e+01) | best noise-free fitness - Fopt | measured fitness | best measured fitness | x1 | x2...
1 +8.564369475e+01 +8.564369475e+01 +1.372136948e+02 +1.372136948e+02 -3.9099e+00 +8.8716e-01 -6.9634e-01 +1.4644e+00 -2.1154e-01 +3.5995e+00 +3.5619e-01 -1.3661e-01 -3.2094e+00 -3.1292e-01 -2.3016e+00 +2.6622e+00 -3.9311e+00 +4.9095e-01 +1.2997e+00 -3.5504e-01 -6.6079e-01 +3.7108e+00 -7.4374e-01 -3.0370e+00
3572 +6.265215200e+01 +6.265215200e+01 +1.142221520e+02 +1.142221520e+02 +3.1009e+00 +2.8635e+00 -8.3209e-01 +1.0168e+00 -7.2674e-01 -1.2785e+00 +2.2079e+00 +1.0093e-01 +1.2477e+00 -1.1426e+00 -1.3872e-01 -2.0245e+00 -1.6669e+00 +1.5363e+00 +2.5014e+00 -1.0266e-02 -2.5946e+00 +4.8144e-01 +1.2530e+00 -2.9754e+00
6587 +3.953122404e+01 +3.953122404e+01 +9.110122404e+01 +9.110122404e+01 +3.4595e+00 +2.6434e+00 -3.8654e-01 +1.2066e+00 -6.3685e-01 -4.2887e-01 +2.3905e+00 +1.3095e-01 +4.8062e-01 -1.3615e+00 +1.5253e-02 -2.2659e+00 -1.7450e+00 +2.5215e-02 +2.5928e+00 +2.0423e-01 -2.6818e+00 +9.2429e-01 +1.2436e+00 -3.4142e+00
9217 +2.502194189e+01 +2.502194189e+01 +7.659194189e+01 +7.659194189e+01 +3.9229e+00 +2.2271e+00 -2.3740e-01 +1.3227e+00 -6.6086e-01 +5.9651e-03 +2.5373e+00 +1.4925e-01 +6.7880e-01 -1.5476e+00 +2.0672e-01 -2.4757e+00 -1.9441e+00 -1.0533e+00 +2.5878e+00 +2.5241e-01 -2.3752e+00 +1.5887e+00 +8.8893e-01 -3.4241e+00
12102 +1.566602326e+01 +1.566602326e+01 +6.723602326e+01 +6.723602326e+01 +3.9757e+00 +1.7979e+00 +9.7305e-02 +1.7039e+00 -6.6508e-01 +1.5001e-01 +3.1526e+00 +4.3275e-01 +9.3647e-01 -1.7630e+00 +6.6188e-01 -2.7984e+00 -2.4150e+00 -1.9803e+00 +2.9163e+00 +9.7568e-01 -2.2113e+00 +2.2311e+00 +7.0530e-01 -3.0801e+00
14530 +9.991442588e+00 +9.991442588e+00 +6.156144259e+01 +6.156144259e+01 +4.2390e+00 +1.8003e+00 +3.9012e-01 +2.5137e+00 -6.0815e-01 +5.7056e-01 +3.5523e+00 +8.4706e-01 +9.8370e-01 -2.2154e+00 +3.7054e-01 -3.1328e+00 -2.6580e+00 -2.7086e+00 +2.9828e+00 +1.7409e+00 -1.9862e+00 +2.5205e+00 +7.7475e-01 -3.4631e+00
19363 +6.307598627e+00 +6.307598627e+00 +5.787759863e+01 +5.787759863e+01 +4.6188e+00 +1.2358e+00 +1.3132e+00 +2.9994e+00 -5.3683e-01 +1.4823e+00 +3.8726e+00 +4.0574e-01 +1.8631e+00 -2.6301e+00 +7.0591e-01 -3.4605e+00 -2.9368e+00 -3.8332e+00 +3.3998e+00 +2.0887e+00 -8.5839e-01 +3.0349e+00 +3.0319e-01 -2.7456e+00
% function evaluation | noise-free fitness - Fopt (1.495000000000e+01) | best noise-free fitness - Fopt | measured fitness | best measured fitness | x1 | x2...
1 +8.474446399e+01 +8.474446399e+01 +9.969446399e+01 +9.969446399e+01 -2.6797e+00 -1.3108e+00 -2.8414e+00 -1.9839e+00 +1.0786e+00 -1.7107e+00 -7.9675e-01 +3.7685e+00 -1.6083e+00 +2.4650e+00 -2.1309e+00 -2.5835e-01 -2.4134e+00 -5.3316e-02 -1.0056e+00 +3.7583e+00 +6.6241e-01 +4.7657e-01 -4.8475e-01 +7.5320e-01
3769 +6.300895285e+01 +6.300895285e+01 +7.795895285e+01 +7.795895285e+01 -1.2941e-03 -1.3777e+00 -3.6542e+00 -1.6355e+00 +8.9431e-01 +1.3398e+00 +7.6299e-01 +1.9869e-02 +1.6197e+00 -3.4432e+00 +1.8529e+00 -1.9721e+00 -1.8920e+00 -9.7197e-02 -9.2005e-01 +2.7138e+00 +2.2459e+00 +2.3624e-01 -3.8738e+00 -2.7948e+00
6505 +3.961661119e+01 +3.961661119e+01 +5.456661119e+01 +5.456661119e+01 -3.8954e-01 -1.8575e+00 -3.9711e+00 -2.1186e+00 +8.5705e-01 +1.6295e+00 +5.0727e-01 -2.5489e-01 +2.2547e+00 -3.6465e+00 +1.5989e+00 -2.0325e+00 -9.4343e-01 +2.6419e-03 -3.0748e-01 +2.2563e+00 +1.9626e+00 +3.3125e-01 -3.8395e+00 -3.0248e+00
7905 +2.509992907e+01 +2.509992907e+01 +4.004992907e+01 +4.004992907e+01 -5.4286e-01 -2.1414e+00 -4.0948e+00 -2.3611e+00 +7.4585e-01 +1.9533e+00 +6.0305e-01 -5.1962e-01 +2.8190e+00 -3.3716e+00 +1.4600e+00 -2.2388e+00 -3.9712e-01 +2.7366e-01 -1.4522e-01 +2.0744e+00 +2.0642e+00 +2.3422e-01 -4.0034e+00 -3.2461e+00
9288 +1.573597466e+01 +1.573597466e+01 +3.068597466e+01 +3.068597466e+01 -5.3683e-01 -2.2023e+00 -4.1924e+00 -2.7325e+00 +3.4665e-01 +2.3287e+00 +2.9789e-01 -4.7277e-01 +3.1931e+00 -3.2552e+00 +1.2921e+00 -2.1662e+00 +1.0525e-01 +2.8149e-01 +2.7119e-01 +2.1378e+00 +2.2254e+00 +2.7959e-01 -4.1235e+00 -3.5869e+00
10174 +9.938602656e+00 +9.938602656e+00 +2.488860266e+01 +2.488860266e+01 -6.6196e-01 -2.7337e+00 -4.0812e+00 -3.0193e+00 +7.1332e-02 +2.4270e+00 +5.4278e-01 -3.7876e-01 +3.3665e+00 -3.4548e+00 +1.3982e+00 -2.3666e+00 +5.1527e-01 +4.3103e-01 +1.6494e-01 +1.7552e+00 +2.1507e+00 +5.0834e-01 -4.1873e+00 -3.5063e+00
11690 +6.253830206e+00 +6.253830206e+00 +2.120383021e+01 +2.120383021e+01 -9.2950e-01 -3.1028e+00 -4.2045e+00 -3.2656e+00 -2.8371e-01 +2.5619e+00 +6.6376e-01 -6.7609e-01 +3.7620e+00 -3.2826e+00 +1.2319e+00 -2.5535e+00 +9.9729e-01 +2.0451e-01 +3.1857e-01 +1.5515e+00 +2.1876e+00 +9.0847e-01 -4.0557e+00 -3.8516e+00
12542 +3.821321402e+00 +3.821321402e+00 +1.877132140e+01 +1.877132140e+01 -6.5533e-01 -3.0927e+00 -4.3620e+00 -3.6350e+00 -4.2712e-01 +2.9582e+00 +7.2545e-01 -7.9112e-01 +3.7342e+00 -3.2760e+00 +1.2366e+00 -2.8044e+00 +1.1609e+00 +4.6060e-01 +5.5121e-01 +1.7095e+00 +2.2182e+00 +6.8774e-01 -4.1384e+00 -3.9143e+00
13063 +2.451418397e+00 +2.451418397e+00 +1.740141840e+01 +1.740141840e+01 -9.0943e-01 -3.1645e+00 -4.3533e+00 -3.8146e+00 -3.2716e-01 +3.0808e+00 +5.2186e-01 -8.5176e-01 +3.9804e+00 -3.6749e+00 +1.1898e+00 -3.0110e+00 +1.2576e+00 +5.7981e-01 +6.7772e-01 +1.5220e+00 +1.9926e+00 +8.0762e-01 -3.9845e+00 -3.8382e+00
14701 +1.563430237e+00 +1.563430237e+00 +1.651343024e+01 +1.651343024e+01 -1.0527e+00 -3.1612e+00 -4.4689e+00 -3.9747e+00 -5.6838e-01 +3.0925e+00 +7.2941e-01 -9.6203e-01 +4.3963e+00 -3.8662e+00 +8.6204e-01 -2.8264e+00 +1.7844e+00 +1.8362e-01 +1.3243e+00 +1.4903e+00 +2.0532e+00 +4.9539e-01 -3.8486e+00 -3.9523e+00
15829 +9.575922076e-01 +9.575922076e-01 +1.590759221e+01 +1.590759221e+01 -1.3217e+00 -3.1098e+00 -4.6660e+00 -4.0979e+00 -6.4659e-01 +3.1768e+00 +6.1288e-01 -9.6213e-01 +4.4538e+00 -3.9165e+00 +8.7426e-01 -2.7376e+00 +2.1563e+00 +3.4192e-01 +1.4075e+00 +1.4858e+00 +2.2839e+00 +7.4371e-01 -3.8695e+00 -4.1508e+00
% function evaluation | noise-free fitness - Fopt (6.938000000000e+01) | best noise-free fitness - Fopt | measured fitness | best measured fitness | x1 | x2...
1 +8.443060558e+01 +8.443060558e+01 +1.538106056e+02 +1.538106056e+02 -3.8855e+00 -1.5815e+00 -3.4141e+00 -3.4822e+00 +2.4575e+00 -3.5245e+00 +2.7907e+00 -1.2676e+00 +2.4422e+00 -2.8670e-01 +2.1193e+00 -2.1898e+00 -1.0182e+00 -3.0493e+00 +8.5373e-01 -2.4290e+00 +1.6923e+00 +1.9555e+00 -3.8302e-02 +2.0394e+00
516 +6.304801388e+01 +6.304801388e+01 +1.324280139e+02 +1.324280139e+02 -3.8961e+00 -5.0884e-01 -9.9275e-01 +1.8360e+00 +2.6156e+00 +9.4235e-01 +1.8587e+00 +2.8914e+00 -2.7587e+00 -2.4047e+00 -1.9020e+00 -3.4201e+00 +1.4754e+00 +1.3679e+00 +1.7924e+00 +2.1366e+00 +9.7010e-01 +1.3684e+00 -2.1300e+00 +4.6696e-02
2282 +3.887618457e+01 +3.887618457e+01 +1.082561846e+02 +1.082561846e+02 -3.2245e+00 -6.0696e-01 -3.7505e-01 +1.4749e+00 +3.1366e+00 +1.4209e+00 +1.7048e+00 +2.7980e+00 -2.6353e+00 -2.5463e+00 -1.8476e+00 -3.6937e+00 +1.4628e+00 +2.0558e+00 +1.8697e+00 +1.5951e+00 +1.2065e+00 +8.9225e-01 -2.1976e+00 +4.1456e-01
3526 +2.394514652e+01 +2.394514652e+01 +9.332514652e+01 +9.332514652e+01 -3.0711e+00 -1.0043e+00 -4.2658e-01 +1.4461e+00 +3.2966e+00 +1.3362e+00 +1.3523e+00 +2.5710e+00 -2.4970e+00 -2.3269e+00 -1.5181e+00 -3.6017e+00 +1.7246e+00 +2.3773e+00 +2.4584e+00 +1.2383e+00 +8.7964e-01 +5.4806e-01 -2.0596e+00 +7.5216e-01
5037 +1.574460008e+01 +1.574460008e+01 +8.512460008e+01 +8.512460008e+01 -2.6922e+00 -9.4024e-01 +1.4377e-01 +1.0379e+00 +3.3179e+00 +1.0107e+00 +1.4005e+00 +2.5179e+00 -2.0732e+00 -2.1146e+00 -1.0986e+00 -3.5323e+00 +1.4647e+00 +2.3720e+00 +2.6815e+00 +8.4131e-01 +1.1399e+00 +4.4557e-01 -1.8455e+00 +8.4311e-01
5823 +9.911671069e+00 +9.911671069e+00 +7.929167107e+01 +7.929167107e+01 -2.5307e+00 -1.2712e+00 +4.0229e-01 +1.0163e+00 +3.2269e+00 +9.9595e-01 +1.5479e+00 +2.7322e+00 -2.3141e+00 -2.1052e+00 -6.5945e-01 -3.3828e+00 +1.6471e+00 +2.5730e+00 +2.7445e+00 +7.5287e-01 +1.1535e+00 +5.4253e-01 -1.7041e+00 +8.2648e-01
7670 +6.202576628e+00 +6.202576628e+00 +7.558257663e+01 +7.558257663e+01 -1.8299e+00 -1.2204e+00 +6.8473e-01 +1.1693e+00 +3.0608e+00 +1.1215e+00 +1.7702e+00 +2.7936e+00 -2.4467e+00 -2.2220e+00 -4.0790e-01 -3.3742e+00 +2.0059e+00 +3.3357e+00 +3.2781e+00 +8.2083e-01 +1.3108e+00 +6.8379e-01 -1.8406e+00 +1.1245e+00
8330 +3.833864054e+00 +3.833864054e+00 +7.321386405e+01 +7.321386405e+01 -1.6094e+00 -1.3467e+00 +8.4575e-01 +9.9612e-01 +2.7901e+00 +1.2535e+00 +1.5236e+00 +2.7906e+00 -2.4001e+00 -1.8534e+00 -1.1556e-01 -3.4043e+00 +1.9338e+00 +2.8506e+00 +3.6750e+00 +7.4596e-01 +1.2369e+00 +7.4409e-01 -1.7560e+00 +1.3954e+00
9177 +2.504154400e+00 +2.504154400e+00 +7.188415440e+01 +7.188415440e+01 -1.4111e+00 -1.5239e+00 +7.9417e-01 +8.0550e-01 +2.6746e+00 +1.1214e+00 +1.5607e+00 +2.7617e+00 -2.3939e+00 -1.6382e+00 -1.4004e-01 -3.1652e+00 +2.0491e+00 +2.9212e+00 +3.6666e+00 +6.1497e-01 +1.3994e+00 +6.1803e-01 -1.5274e+00 +1.4730e+00
13061 +1.571686778e+00 +1.571686778e+00 +7.095168678e+01 +7.095168678e+01 -4.8579e+00 +1.1300e+00 +3.7273e+00 +2.3641e+00 -2.7593e+00 -3.4374e+00 +3.6527e+00 +3.3359e+00 -2.2498e+00 -2.6730e+00 +2.8551e+00 -3.4201e+00 +9.7768e-01 -2.2617e-01 -4.2515e+00 +3.1555e+00 +1.1836e+00 +3.0541e+00 -1.0262e+00 -1.7473e+00
13796 +9.899747606e-01 +9.899747606e-01 +7.036997476e+01 +7.036997476e+01 -4.8800e+00 +1.3286e+00 +3.7867e+00 +2.2306e+00 -3.0437e+00 -3.1730e+00 +3.7347e+00 +3.2698e+00 -2.0444e+00 -2.9721e+00 +2.8790e+00 -3.4370e+00 +9.9032e-01 -3.0742e-01 -4.1898e+00 +3.0515e+00 +1.1370e+00 +3.1170e+00 -6.8102e-01 -1.6436e+00
% function evaluation | noise-free fitness - Fopt (7.255000000000e+01) | best noise-free fitness - Fopt | measured fitness | best measured fitness | x1 | x2...
1 +8.337611903e+01 +8.337611903e+01 +1.559261190e+02 +1.559261190e+02 -1.9821e+00 +3.7303e+00 -3.9429e-01 -3.4761e+00 +7.4104e-01 +1.9248e+00 +1.1322e+00 -1.9517e+00 -3.5642e+00 -2.6032e+00 +1.8113e+00 +3.0835e+00 +3.0764e+00 +2.1900e-01 +1.8961e+00 +3.2410e+00 +4.0085e-01 -1.6263e+00 +3.7571e+00 +3.7300e+00
1196 +6.291965183e+01 +6.291965183e+01 +1.354696518e+02 +1.354696518e+02 +2.6600e+00 +7.2995e-01 +4.2197e-01 +1.6022e+00 +1.3646e+00 +5.7393e-01 -2.0467e+00 +1.1256e+00 +1.7455e+00 -2.1300e+00 +4.4662e-01 +2.5522e+00 +1.8827e-01 -2.9881e+00 -8.7268e-01 +8.3918e-01 -9.4147e-01 -2.6356e+00 -2.7023e+00 -9.4866e-02
2701 +3.612867821e+01 +3.612867821e+01 +1.086786782e+02 +1.086786782e+02 +2.4568e+00 +2.7957e-01 +2.9662e-01 +1.4069e+00 +1.2663e+00 +7.2269e-01 -1.6760e+00 +1.4322e+00 +1.9415e+00 -2.0729e+00 +1.2872e-01 +2.3452e+00 +5.4698e-01 -2.7560e+00 -4.8704e-01 +9.9735e-01 -1.0485e+00 -2.5934e+00 -3.1701e+00 +2.7298e-01
3566 +2.454979121e+01 +2.454979121e+01 +9.709979121e+01 +9.709979121e+01 +2.6319e+00 +1.4855e-01 +2.3240e-01 +1.4525e+00 +1.0053e+00 +8.7353e-01 -1.5848e+00 +1.6334e+00 +1.9183e+00 -1.9881e+00 +2.1255e-01 +2.1286e+00 +7.9291e-01 -2.7491e+00 -3.2343e-01 +1.1635e+00 -1.2225e+00 -2.3807e+00 -2.9715e+00 +5.0469e-01
4811 +1.579897478e+01 +1.579897478e+01 +8.834897478e+01 +8.834897478e+01 +2.5630e+00 +7.8498e-03 -5.6575e-03 +1.8013e+00 +1.1190e+00 +1.0180e+00 -1.3533e+00 +1.6794e+00 +2.0250e+00 -1.8666e+00 -2.8062e-02 +1.7707e+00 +9.4161e-01 -2.5306e+00 -1.5639e-01 +1.1838e+00 -1.0706e+00 -2.2403e+00 -3.2578e+00 +9.4239e-01
6067 +9.697528564e+00 +9.697528564e+00 +8.224752856e+01 +8.224752856e+01 +2.4303e+00 -1.3792e-01 -2.0218e-01 +1.7333e+00 +2.9182e-01 +7.8240e-01 -1.5016e+00 +2.0567e+00 +2.4969e+00 -1.7260e+00 -1.2718e-01 +1.5518e+00 +8.3427e-01 -2.3823e+00 -3.0011e-01 +1.5053e+00 -1.1636e+00 -2.1074e+00 -3.7976e+00 +1.0401e+00
7834 +6.124003211e+00 +6.124003211e+00 +7.867400321e+01 +7.867400321e+01 +2.6829e+00 -3.7584e-01 -3.5431e-01 +1.9899e+00 +1.4100e-01 +6.4119e-01 -1.4779e+00 +2.2343e+00 +2.3711e+00 -2.0624e+00 -2.4520e-01 +9.7784e-01 +4.1434e-01 -1.9659e+00 +1.4321e-01 +1.7209e+00 -1.0709e+00 -2.4458e+00 -4.0147e+00 +1.3743e+00
9220 +3.944312924e+00 +3.944312924e+00 +7.649431292e+01 +7.649431292e+01 +2.3563e+00 -6.8580e-01 -3.4788e-01 +2.2324e+00 -2.4686e-01 +8.5843e-01 -1.6028e+00 +2.2446e+00 +2.2378e+00 -2.0062e+00 -9.6058e-02 +4.8453e-01 +3.9017e-01 -1.7080e+00 +4.6317e-01 +1.6733e+00 -8.8061e-01 -2.5394e+00 -4.1393e+00 +1.4237e+00
10130 +2.496487429e+00 +2.496487429e+00 +7.504648743e+01 +7.504648743e+01 +2.7853e+00 -7.5495e-01 -1.6211e-01 +2.3479e+00 -4.9761e-01 +7.4170e-01 -1.4467e+00 +2.1071e+00 +1.8590e+00 -2.2028e+00 -1.5410e-01 +7.5958e-02 +5.0154e-01 -1.7453e+00 +8.5690e-01 +1.6788e+00 -8.3316e-01 -2.5663e+00 -4.1078e+00 +1.2692e+00
15393 +1.570531056e+00 +1.570531056e+00 +7.412053106e+01 +7.412053106e+01 +2.0915e+00 -1.0512e+00 +2.7813e-01 +3.6628e+00 -6.4418e-01 +3.1949e-01 -1.4362e+00 +2.0559e+00 +1.6262e+00 -2.0109e+00 +1.8469e-01 -8.6909e-01 +1.6644e-01 -1.4945e+00 +1.7173e+00 +2.2627e+00 -5.0512e-01 -2.5001e+00 -4.4206e+00 +9.7374e-01
19657 +9.993206491e-01 +9.993206491e-01 +7.354932065e+01 +7.354932065e+01 +2.3327e+00 -8.4100e-01 +3.1524e-01 +3.6649e+00 -1.0680e+00 +9.3548e-02 -1.2653e+00 +2.2641e+00 +1.5854e+00 -1.8737e+00 +9.7443e-01 -1.4555e+00 +3.5256e-01 -1.4942e+00 +1.9983e+00 +2.8597e+00 -5.6988e-01 -2.5272e+00 -4.7125e+00 +5.0484e-01
% function evaluation | noise-free fitness - Fopt (-5.473100000000e+02) | best noise-free fitness - Fopt | measured fitness | best measured fitness | x1 | x2...
1 +8.582655217e+01 +8.582655217e+01 -4.614834478e+02 -4.614834478e+02 +3.7088e+00 -2.4490e+00 +2.4894e-01 -1.3071e+00 -2.0522e+00 +4.5273e-01 -3.8897e-01 +1.9731e+00 +2.6287e+00 +1.4432e-01 +1.8701e+00 +3.8819e+00 -2.8479e+00 -2.7931e+00 +1.2899e+00 +4.8615e-02 +3.4589e+00 +1.6236e+00 +2.5194e+00 +1.2713e+00
1120 +6.294264908e+01 +6.294264908e+01 -4.843673509e+02 -4.843673509e+02 +2.4513e+00 +8.9468e-01 -2.1716e+00 -2.0356e+00 -1.1489e+00 +1.3179e+00 +1.7477e+00 -1.0382e+00 +6.6159e-01 -1.3602e+00 -2.0526e+00 +1.9562e+00 +1.3117e+00 -1.4330e+00 -1.9485e+00 -2.2777e+00 -9.6384e-01 +4.2510e-01 -1.3337e-01 -1.8702e+00
3496 +3.964336676e+01 +3.964336676e+01 -5.076666332e+02 -5.076666332e+02 +2.7572e+00 +9.3242e-01 -1.4607e+00 -1.5774e+00 -1.1138e+00 +7.1842e-01 +1.7852e+00 -4.9674e-01 +1.0495e+00 -7.1881e-01 -1.5558e+00 +1.2135e+00 +1.6274e+00 -1.7357e+00 -1.8798e+00 -2.4328e+00 -1.2467e+00 +4.8191e-01 -1.7810e-01 -2.6032e+00
5006 +2.508936889e+01 +2.508936889e+01 -5.222206311e+02 -5.222206311e+02 +2.5001e+00 +1.3549e+00 -9.8773e-01 -1.7472e+00 -8.2711e-01 +4.1782e-01 +1.6793e+00 -7.1286e-01 +1.4186e+00 -6.5556e-01 -1.4713e+00 +8.8287e-01 +2.0566e+00 -1.8181e+00 -1.8968e+00 -2.7706e+00 -1.6688e+00 +2.0746e-01 -4.5236e-01 -2.4667e+00
6245 +1.471277372e+01 +1.471277372e+01 -5.325972263e+02 -5.325972263e+02 +2.7610e+00 +1.8008e+00 -7.7364e-01 -1.6097e+00 -7.5007e-01 +2.1082e-01 +2.0002e+00 -7.8338e-01 +1.8696e+00 -5.2590e-01 -1.2556e+00 +4.8140e-01 +2.5663e+00 -2.0735e+00 -1.7681e+00 -2.7448e+00 -1.6693e+00 -2.3838e-02 -7.1361e-01 -2.6841e+00
7025 +9.857796550e+00 +9.857796550e+00 -5.374522035e+02 -5.374522035e+02 +2.8797e+00 +1.8192e+00 -2.4326e-01 -1.6613e+00 -7.3941e-01 +2.5658e-01 +2.0208e+00 -1.0773e+00 +1.8957e+00 -2.8077e-01 -1.1136e+00 +2.6866e-01 +2.9128e+00 -2.0833e+00 -1.5013e+00 -2.7994e+00 -1.8338e+00 -2.3184e-01 -6.4017e-01 -2.6421e+00
8402 +6.226077263e+00 +6.226077263e+00 -5.410839227e+02 -5.410839227e+02 +2.8069e+00 +1.8387e+00 -1.5271e-01 -1.7895e+00 -1.0138e+00 +1.2052e-01 +1.9200e+00 -7.2165e-01 +2.2304e+00 -1.5660e-01 -4.9640e-01 -3.0197e-01 +3.1487e+00 -2.3103e+00 -1.6362e+00 -2.8068e+00 -2.1502e+00 -2.6904e-01 -6.9366e-01 -2.8657e+00
8803 +3.881970877e+00 +3.881970877e+00 -5.434280291e+02 -5.434280291e+02 +2.7516e+00 +1.7634e+00 +1.3998e-01 -1.7942e+00 -9.4314e-01 +6.8186e-02 +1.9481e+00 -7.4737e-01 +2.4095e+00 -1.0502e-01 -4.2296e-01 -4.2423e-01 +3.3874e+00 -2.5376e+00 -1.6624e+00 -2.6731e+00 -1.9724e+00 -3.6393e-01 -8.7106e-01 -2.9817e+00
9397 +2.395793468e+00 +2.395793468e+00 -5.449142065e+02 -5.449142065e+02 +2.5168e+00 +1.8158e+00 +9.5490e-02 -1.8656e+00 -1.1185e+00 -1.9362e-01 +1.9911e+00 -7.7521e-01 +2.7148e+00 -1.6718e-01 -3.0959e-01 -4.5878e-01 +3.5531e+00 -2.5975e+00 -1.4702e+00 -2.6687e+00 -2.1524e+00 -5.4886e-01 -1.1142e+00 -2.9704e+00
10903 +1.578159241e+00 +1.578159241e+00 -5.457318408e+02 -5.457318408e+02 +2.6157e+00 +1.8100e+00 +6.1681e-01 -2.0163e+00 -1.2453e+00 -6.5069e-01 +2.0439e+00 -7.4371e-01 +2.7176e+00 -1.4200e-01 -2.3629e-01 -6.1968e-01 +4.0400e+00 -2.5544e+00 -1.3049e+00 -2.6619e+00 -2.4499e+00 -6.5893e-01 -1.2850e+00 -3.1268e+00
11696 +9.966769735e-01 +9.966769735e-01 -5.463133230e+02 -5.463133230e+02 +2.7889e+00 +2.0859e+00 +5.5957e-01 -2.1263e+00 -1.0729e+00 -1.0319e+00 +2.0742e+00 -6.4093e-01 +2.6578e+00 -2.9747e-02 -2.3999e-01 -7.1637e-01 +4.3912e+00 -2.5019e+00 -1.2688e+00 -2.5547e+00 -2.6642e+00 -4.3676e-01 -1.3391e+00 -3.2863e+00
% function evaluation | noise-free fitness - Fopt (1.000000000000e+03) | best noise-free fitness - Fopt | measured fitness | best measured fitness | x1 | x2...
1 +8.619735931e+01 +8.619735931e+01 +1.086197359e+03 +1.086197359e+03 +3.0409e+00 +3.5308e+00 -2.5026e+00 +1.7547e+00 -3.8746e+00 -7.9322e-01 +3.5423e-01 +1.3827e+00 +1.2961e+00 -1.6066e+00 -6.3689e-01 -1.6179e+00 -4.5686e-01 -2.3688e-01 -3.9686e+00 -9.4579e-01 -1.1335e-02 +2.8882e-01 -6.4037e-01 -3.1100e+00
1713 +6.284364816e+01 +6.284364816e+01 +1.062843648e+03 +1.062843648e+03 +1.3840e-01 -1.1136e-02 -1.3897e+00 +2.6263e+00 +3.7162e+00 +1.3214e+00 -8.0658e-01 -2.5419e-01 -1.6516e+00 +6.5000e-04 -1.7015e+00 -2.4001e+00 +3.1737e+00 +1.0778e+00 -3.3494e-01 -2.2504e+00 +2.9950e+00 -5.0909e-01 +3.7224e-01 +2.8886e+00
4004 +3.970812698e+01 +3.970812698e+01 +1.039708127e+03 +1.039708127e+03 +7.5510e-01 -2.0974e-01 -1.5752e+00 +2.8356e+00 +3.9506e+00 +1.1417e+00 -5.2477e-01 -4.3047e-01 -1.6549e+00 +3.8521e-01 -1.2260e+00 -3.1427e+00 +2.7927e+00 +5.1990e-01 -3.7167e-01 -2.1594e+00 +2.2634e+00 -7.4043e-01 +8.0437e-02 +3.6066e+00
5407 +2.511344921e+01 +2.511344921e+01 +1.025113449e+03 +1.025113449e+03 +1.2903e+00 +5.1641e-02 -2.0855e+00 +2.9826e+00 +3.9039e+00 +1.1126e+00 -4.7775e-01 -5.8135e-01 -1.8133e+00 +5.6598e-01 -8.8399e-01 -3.3281e+00 +2.7382e+00 +5.4641e-01 -4.8576e-01 -2.4816e+00 +1.8486e+00 -1.0907e+00 -1.8301e-01 +3.8187e+00
6917 +1.570376990e+01 +1.570376990e+01 +1.015703770e+03 +1.015703770e+03 +1.8127e+00 +2.3809e-03 -2.5643e+00 +2.8526e+00 +4.0927e+00 +1.0652e+00 -4.8440e-01 -8.4558e-01 -1.6570e+00 +7.8866e-01 -5.1447e-01 -3.4576e+00 +2.5544e+00 +4.6223e-01 -5.9678e-01 -2.4571e+00 +1.4141e+00 -1.1733e+00 -3.6776e-01 +4.1495e+00
8143 +9.810856168e+00 +9.810856168e+00 +1.009810856e+03 +1.009810856e+03 +2.0621e+00 -9.1404e-03 -2.5350e+00 +2.9198e+00 +4.3924e+00 +9.6562e-01 -4.9313e-01 -7.2796e-01 -1.4989e+00 +8.0818e-01 -2.7422e-02 -3.6693e+00 +2.8049e+00 +3.6271e-01 -4.6042e-01 -2.8245e+00 +1.3326e+00 -1.5396e+00 -6.1439e-01 +4.0211e+00
9544 +6.055218249e+00 +6.055218249e+00 +1.006055218e+03 +1.006055218e+03 +2.5574e+00 +9.2226e-02 -2.7248e+00 +3.1231e+00 +4.4879e+00 +8.4981e-01 -4.1374e-01 -6.0925e-01 -1.3838e+00 +7.5147e-01 +4.4817e-01 -3.9826e+00 +2.9100e+00 +1.2846e-01 -5.3416e-01 -2.9409e+00 +1.0199e+00 -1.4941e+00 -7.7409e-01 +4.2111e+00
10188 +3.856814104e+00 +3.856814104e+00 +1.003856814e+03 +1.003856814e+03 +2.7612e+00 +2.3738e-01 -2.8640e+00 +3.1756e+00 +4.6259e+00 +6.7301e-01 -3.1309e-01 -5.1244e-01 -1.3558e+00 +7.2203e-01 +6.3831e-01 -3.9224e+00 +3.0140e+00 -6.0733e-02 -6.0678e-01 -3.1333e+00 +9.9901e-01 -1.4813e+00 -9.7063e-01 +4.4287e+00
11031 +2.449377506e+00 +2.449377506e+00 +1.002449378e+03 +1.002449378e+03 +3.1243e+00 +1.6021e-01 -2.8788e+00 +3.0136e+00 +4.8874e+00 +5.6494e-01 -3.5467e-01 -5.0498e-01 -1.4128e+00 +7.8693e-01 +8.7527e-01 -4.1416e+00 +3.0451e+00 -8.5408e-02 -4.9891e-01 -3.1185e+00 +8.2153e-01 -1.2954e+00 -1.0415e+00 +4.3004e+00
13067 +1.552477166e+00 +1.552477166e+00 +1.001552477e+03 +1.001552477e+03 +3.5430e+00 +1.4102e-01 -3.2775e+00 +3.0026e+00 +4.6500e+00 +4.0604e-01 -5.6301e-01 -6.6601e-01 -1.4448e+00 +8.1915e-01 +1.3203e+00 -4.5801e+00 +2.8841e+00 -1.4795e-01 -4.0457e-01 -3.0716e+00 +3.1613e-01 -1.6598e+00 -1.2778e+00 +4.8723e+00
13925 +9.155520823e-01 +9.155520823e-01 +1.000915552e+03 +1.000915552e+03 +3.7375e+00 +1.6095e-03 -3.5274e+00 +3.3817e+00 +4.8942e+00 +7.5094e-02 -5.2915e-01 -5.4082e-01 -1.4830e+00 +8.1758e-01 +1.3667e+00 -4.4725e+00 +2.9843e+00 -1.4217e-01 -4.8268e-01 -3.1713e+00 +2.5717e-01 -1.7754e+00 -1.3568e+00 +4.9365e+00
% function evaluation | noise-free fitness - Fopt (2.935800000000e+02) | best noise-free fitness - Fopt | measured fitness | best measured fitness | x1 | x2...
1 +8.607015629e+01 +8.607015629e+01 +3.796501563e+02 +3.796501563e+02 +7.2773e-01 -9.3158e-01 -8.8011e-01 +3.6918e+00 +5.6070e-01 -3.2608e+00 +8.4072e-02 +9.2412e-01 -8.5119e-01 +2.0717e+00 +2.5384e+00 -1.0902e+00 -2.2032e+00 -2.2948e+00 +3.7118e+00 +3.6028e+00 +1.5228e+00 +6.3943e-01 -3.2197e+00 -1.5960e+00
3042 +6.295061763e+01 +6.295061763e+01 +3.565306176e+02 +3.565306176e+02 -2.9150e+00 -1.9377e+00 +9.8102e-01 -2.6065e+00 +2.2801e+00 +1.6857e+00 -3.1546e+00 +2.1281e+00 +2.7641e+00 +9.6926e-01 +1.0558e+00 -4.1531e-01 +1.1949e+00 -1.1565e+00 +3.9774e-01 +4.0711e+00 +2.7120e+00 +8.9586e-01 -3.5254e+00 +2.2273e+00
6199 +3.970630906e+01 +3.970630906e+01 +3.332863091e+02 +3.332863091e+02 -3.4140e+00 -1.7135e+00 +1.6276e+00 -3.0784e+00 +1.7638e+00 +1.6609e+00 -3.1056e+00 +2.8561e+00 +2.5286e+00 +7.4811e-01 +3.1790e-02 -1.7856e-01 +8.4340e-01 -1.7500e+00 +1.3679e+00 +4.0318e+00 +3.5730e+00 +1.1514e+00 -3.8967e+00 +2.8568e+00
9265 +2.454238756e+01 +2.454238756e+01 +3.181223876e+02 +3.181223876e+02 -3.7775e+00 +1.5245e+00 +2.0887e+00 -2.2434e+00 +1.5920e+00 -2.6669e+00 -2.9240e+00 +1.4947e+00 +3.3588e+00 -6.6392e-01 +3.0722e+00 -3.5015e-01 -3.6732e-01 +1.1420e+00 -9.5866e-01 +8.3088e-01 -7.9745e-01 +2.2040e+00 -4.3395e-01 -3.2490e+00
11033 +1.507482798e+01 +1.507482798e+01 +3.086548280e+02 +3.086548280e+02 -4.1187e+00 +1.3096e+00 +2.4790e+00 -2.8642e+00 +1.7901e+00 -2.8389e+00 -3.2488e+00 +1.2835e+00 +3.5702e+00 -6.9348e-01 +3.3348e+00 -8.6552e-01 -3.4885e-01 +1.0687e+00 -7.5756e-01 +6.6777e-01 -3.5983e-01 +2.6469e+00 +5.7402e-02 -3.4848e+00
12544 +9.874415765e+00 +9.874415765e+00 +3.034544158e+02 +3.034544158e+02 -4.4361e+00 +1.0037e+00 +2.6001e+00 -3.1448e+00 +1.7848e+00 -3.0291e+00 -3.2944e+00 +1.0363e+00 +3.8456e+00 -2.0220e-01 +3.0775e+00 -1.0147e+00 -2.1976e-01 +1.1582e+00 -7.2978e-01 +8.5361e-01 -2.5858e-01 +2.9323e+00 +2.3546e-01 -3.3446e+00
14314 +6.307286335e+00 +6.307286335e+00 +2.998872863e+02 +2.998872863e+02 -4.4950e+00 +2.9295e-01 +2.8614e+00 -3.8655e+00 +2.0012e+00 -3.0368e+00 -3.3447e+00 +7.8468e-01 +4.0979e+00 -6.1937e-02 +2.7836e+00 -1.3107e+00 -3.0682e-02 +1.1820e+00 -7.4434e-01 +5.5424e-01 -2.0347e-01 +3.2324e+00 +8.1375e-01 -3.4363e+00
15830 +3.939202621e+00 +3.939202621e+00 +2.975192026e+02 +2.975192026e+02 -4.6453e+00 -6.4052e-02 +2.7975e+00 -3.9971e+00 +1.6978e+00 -3.5397e+00 -3.4794e+00 +5.4114e-01 +4.1052e+00 +1.1766e-01 +2.3637e+00 -1.4734e+00 -2.5175e-01 +1.2437e+00 -7.3427e-01 +5.9367e-01 -1.4859e-01 +3.3267e+00 +8.3350e-01 -3.7856e+00
17081 +2.493082366e+00 +2.493082366e+00 +2.960730824e+02 +2.960730824e+02 -4.5254e+00 -5.7857e-01 +2.4952e+00 -4.2753e+00 +1.9048e+00 -3.3572e+00 -3.6635e+00 +3.7897e-01 +4.1802e+00 +8.9815e-02 +2.4390e+00 -1.6525e+00 -1.7747e-01 +1.2356e+00 -9.2159e-01 +3.8393e-01 +1.7004e-02 +3.4102e+00 +1.1320e+00 -3.9249e+00
% function evaluation | noise-free fitness - Fopt (3.712600000000e+02) | best noise-free fitness - Fopt | measured fitness | best measured fitness | x1 | x2...
1 +8.547995978e+01 +8.547995978e+01 +4.567399598e+02 +4.567399598e+02 -3.2853e+00 +2.4992e+00 -1.2244e+00 +4.3421e-01 -1.0665e+00 -4.4516e-01 -1.0607e+00 +4.0791e-01 +1.6304e+00 +2.4608e+00 +9.0926e-01 +2.0804e+00 +2.2251e-01 +3.8737e+00 +1.3530e+00 +6.7604e-01 -2.7131e+00 +9.7331e-01 -4.3465e-02 -1.0945e+00
3693 +6.297351324e+01 +6.297351324e+01 +4.342335132e+02 +4.342335132e+02 +2.5681e+00 +6.7184e-01 -2.7181e+00 +2.3987e+00 -9.4306e-01 -2.5542e+00 +2.2672e+00 +4.6949e-01 -3.5464e-01 -3.5888e-01 +2.3990e-01 -1.0077e+00 +6.3018e-01 +6.8215e-01 -1.6205e+00 +1.5377e+00 -6.3029e-01 +1.7460e+00 +7.7677e-01 -6.5712e-01
7572 +3.967975925e+01 +3.967975925e+01 +4.109397593e+02 +4.109397593e+02 +2.0694e+00 -7.6158e-02 -3.0362e+00 +1.8384e+00 -7.7688e-01 -2.2143e+00 +2.9283e+00 -2.4839e-01 -4.4049e-01 -2.9403e-01 +5.2644e-01 -9.7149e-01 +1.4543e+00 -3.3945e-01 -1.7001e+00 +1.6773e+00 -9.0261e-01 +1.8147e+00 +1.5454e+00 -1.5728e+00
10182 +2.508322619e+01 +2.508322619e+01 +3.963432262e+02 +3.963432262e+02 +7.7270e-01 +3.0177e+00 +2.9382e+00 +9.6569e-01 -8.8442e-01 +3.6671e+00 +1.9637e+00 -7.5873e-01 +1.7989e+00 -5.2677e-01 +1.6067e+00 +5.4981e-01 -3.3750e+00 +2.1739e+00 +2.2849e-01 -7.9937e-01 +1.4117e+00 +2.8653e+00 -3.9825e+00 +1.0623e+00
11710 +1.554694310e+01 +1.554694310e+01 +3.868069431e+02 +3.868069431e+02 +9.3015e-01 +3.3622e+00 +3.2007e+00 +9.9904e-01 -1.0921e+00 +4.0690e+00 +1.9666e+00 -9.5910e-01 +2.2727e+00 -3.6125e-01 +2.2538e+00 +5.5695e-01 -3.4899e+00 +2.0146e+00 +5.1508e-01 -7.1534e-01 +1.3433e+00 +3.1256e+00 -3.9854e+00 +1.3981e+00
13067 +9.869520367e+00 +9.869520367e+00 +3.811295204e+02 +3.811295204e+02 +7.2631e-01 +3.5071e+00 +3.3735e+00 +7.1426e-01 -1.0974e+00 +4.3341e+00 +1.9946e+00 -8.9616e-01 +2.8603e+00 -4.5065e-01 +2.5387e+00 +5.9171e-01 -3.4647e+00 +2.1794e+00 +7.2702e-01 -5.4181e-01 +1.8282e+00 +3.1118e+00 -4.2209e+00 +1.1917e+00
14840 +6.280467304e+00 +6.280467304e+00 +3.775404673e+02 +3.775404673e+02 +9.2147e-01 +3.8562e+00 +3.6972e+00 +9.4598e-01 -1.3367e+00 +4.4193e+00 +2.3923e+00 -1.3360e+00 +3.3602e+00 -3.9808e-01 +3.0005e+00 +4.2788e-01 -3.7892e+00 +1.9275e+00 +1.0128e+00 -4.1966e-01 +1.5988e+00 +3.5259e+00 -4.6741e+00 +1.4103e+00
16083 +3.927196675e+00 +3.927196675e+00 +3.751871967e+02 +3.751871967e+02 +1.1600e+00 +4.0005e+00 +3.8738e+00 +8.2496e-01 -1.7253e+00 +4.4667e+00 +2.3541e+00 -1.4300e+00 +3.5933e+00 -5.3489e-01 +3.3296e+00 +6.4972e-01 -3.9221e+00 +1.8657e+00 +1.0655e+00 +1.0154e-01 +1.8820e+00 +3.7493e+00 -4.8752e+00 +1.3855e+00
% function evaluation | noise-free fitness - Fopt (5.226000000000e+01) | best noise-free fitness - Fopt | measured fitness | best measured fitness | x1 | x2...
1 +8.392363104e+01 +8.392363104e+01 +1.361836310e+02 +1.361836310e+02 +2.8699e-01 +2.4078e+00 -2.6122e+00 -7.5068e-01 -3.5424e-01 +2.4993e+00 +1.3404e+00 +8.1922e-01 -1.1504e+00 +9.3957e-01 +3.2500e+00 +7.3341e-01 +2.8950e+00 +3.0232e-01 -2.1533e+00 -1.7427e+00 -1.2338e+00 -1.2026e-01 -1.5279e+00 -2.7680e+00
3095 +6.289451087e+01 +6.289451087e+01 +1.151545109e+02 +1.151545109e+02 +2.0571e+00 +4.8741e-01 +7.6581e-01 -3.6945e+00 +2.0405e+00 -3.7027e+00 -2.4213e+00 +4.1734e-01 -1.6076e+00 +1.3954e+00 +2.7153e+00 -1.1381e+00 +4.2346e+00 +1.9317e+00 +6.7691e-01 -1.6975e+00 -1.0068e+00 +1.8696e+00 +1.0123e+00 +8.6400e-01
6374 +3.960993413e+01 +3.960993413e+01 +9.186993413e+01 +9.186993413e+01 +2.1631e+00 +1.0002e+00 +1.5189e+00 -3.8746e+00 +2.0932e+00 -3.5814e+00 -2.8922e+00 +1.2215e+00 -1.4784e+00 +2.4027e+00 +2.5968e+00 -1.8623e+00 +4.3953e+00 +2.7021e+00 +6.3935e-01 -1.2490e+00 -1.4303e+00 +2.3680e+00 +1.0088e+00 +1.6632e-01
9832 +2.486397993e+01 +2.486397993e+01 +7.712397993e+01 +7.712397993e+01 -2.8583e-01 +9.3262e-01 -2.4362e+00 -3.7334e+00 +3.6469e-01 +2.6795e+00 -9.5409e-02 +1.0630e-01 +3.7169e+00 +1.2420e+00 +1.5047e+00 -8.1819e-01 +1.7501e+00 -2.8663e+00 +8.6201e-01 +6.3784e-01 +7.9678e-01 +2.4174e+00 -2.5131e+00 +1.6239e+00
12203 +1.513918803e+01 +1.513918803e+01 +6.739918803e+01 +6.739918803e+01 -4.7773e-01 +1.4372e+00 -2.5035e+00 -3.6985e+00 +7.5888e-01 +2.7104e+00 -2.5993e-01 +3.9509e-01 +4.2425e+00 +1.5943e+00 +2.1538e+00 -1.3379e+00 +2.0058e+00 -3.0598e+00 +9.7907e-01 +1.1841e+00 +1.2537e+00 +2.3989e+00 -2.9218e+00 +1.5925e+00
13968 +9.993648104e+00 +9.993648104e+00 +6.225364810e+01 +6.225364810e+01 -5.8367e-01 +1.5354e+00 -2.6770e+00 -3.8697e+00 +1.0410e+00 +2.7885e+00 -4.2125e-01 +7.6041e-01 +4.3531e+00 +1.9731e+00 +2.6247e+00 -1.5785e+00 +2.1247e+00 -3.4260e+00 +9.4551e-01 +1.7160e+00 +1.2362e+00 +2.4708e+00 -2.6173e+00 +1.4019e+00
% function evaluation | noise-free fitness - Fopt (5.034000000000e+01) | best noise-free fitness - Fopt | measured fitness | best measured fitness | x1 | x2...
1 +8.535641708e+01 +8.535641708e+01 +1.356964171e+02 +1.356964171e+02 -1.5202e+00 -1.0450e+00 +3.7905e+00 +3.2372e-01 +3.2832e-01 -1.6853e+00 +3.0485e-01 +2.5972e-01 +3.3934e+00 +3.4884e+00 +3.2495e+00 -1.9924e+00 +2.5398e+00 +3.2681e+00 -1.6268e+00 +1.9465e+00 +1.0284e-01 +3.4181e+00 +1.5396e+00 -3.7216e+00
5817 +6.297136819e+01 +6.297136819e+01 +1.133113682e+02 +1.133113682e+02 +3.4402e+00 +1.6361e+00 +3.1842e+00 +4.2120e-01 +3.2652e-01 +4.0739e-01 -2.4073e+00 -3.3209e+00 +1.6304e+00 -4.9854e-01 -1.3252e+00 -3.0532e-01 +4.4113e-01 +7.4342e-01 +1.4998e+00 +3.1462e+00 -2.6784e-01 -1.3147e+00 +2.3466e+00 +3.7344e+00
8846 +3.929707698e+01 +3.929707698e+01 +8.963707698e+01 +8.963707698e+01 +3.1331e+00 +1.6882e+00 +4.1183e+00 -3.4985e-01 +9.5676e-01 +8.2774e-01 -2.2519e+00 -2.8958e+00 +1.2512e+00 +2.6038e-01 -9.7855e-01 +2.5649e-01 +9.7894e-01 +8.3568e-01 +2.3012e+00 +3.0813e+00 -4.0830e-01 -1.3416e+00 +2.0468e+00 +3.6823e+00
11077 +2.507548519e+01 +2.507548519e+01 +7.541548519e+01 +7.541548519e+01 +2.9262e+00 +2.0507e+00 +4.3448e+00 -9.3791e-01 +1.4614e+00 +9.2718e-01 -2.3000e+00 -2.8581e+00 +1.1826e+00 +6.0093e-01 -4.8401e-01 +1.3069e-01 +1.2699e+00 +1.2676e+00 +2.7350e+00 +2.4425e+00 -7.5879e-01 -1.4823e+00 +1.4947e+00 +3.7840e+00
13374 +1.544668776e+01 +1.544668776e+01 +6.578668776e+01 +6.578668776e+01 +2.8404e+00 +1.8927e+00 +4.4695e+00 -1.1747e+00 +1.5168e+00 +1.4487e+00 -2.3936e+00 -2.7492e+00 +1.5611e+00 +1.7710e+00 +2.5382e-01 +2.6795e-01 +1.9864e+00 +1.2132e+00 +3.0658e+00 +2.1723e+00 -7.9173e-01 -1.8351e+00 +1.2333e+00 +4.1026e+00
16386 +9.856278312e+00 +9.856278312e+00 +6.019627831e+01 +6.019627831e+01 +2.3731e+00 +1.9717e+00 +4.3671e+00 -1.7069e+00 +2.5701e+00 +1.5377e+00 -2.3261e+00 -2.3880e+00 +1.1147e+00 +2.6540e+00 +5.5039e-01 +4.1101e-01 +2.3673e+00 +8.8312e-01 +3.3392e+00 +1.9071e+00 -8.6761e-01 -2.0527e+00 +1.0652e+00 +4.1888e+00
% function evaluation | noise-free fitness - Fopt (-2.314000000000e+01) | best noise-free fitness - Fopt | measured fitness | best measured fitness | x1 | x2...
1 +7.361175926e+01 +7.361175926e+01 +5.047175926e+01 +5.047175926e+01 -8.9425e-01 +2.2718e+00 -1.7803e+00 -3.6558e+00 +3.6264e-01 -2.4105e+00 -3.2683e+00 -2.4899e+00 -2.3147e+00 -1.7136e+00 -3.3822e-01 +1.3911e-01 -2.2856e+00 -3.4567e+00 +3.8074e+00 -1.8404e-01 +2.1887e-01 -7.4494e-01 -2.9921e+00 +2.9338e+00
2056 +6.300052537e+01 +6.300052537e+01 +3.986052537e+01 +3.986052537e+01 -5.8640e-02 +1.9349e+00 -1.6833e+00 -3.0249e+00 +2.5079e-01 -2.4223e+00 -2.7513e+00 -1.9066e+00 -1.9998e+00 -1.4186e+00 -3.2225e-01 -1.1217e-01 -2.1766e+00 -3.2809e+00 +4.0982e+00 -2.8981e-01 -3.3261e-01 -7.8868e-01 -3.1769e+00 +3.0342e+00
3953 +3.887714782e+01 +3.887714782e+01 +1.573714782e+01 +1.573714782e+01 +2.6174e-01 +1.9070e+00 -1.9050e+00 -2.5486e+00 +2.9470e-01 -2.7479e+00 -2.1721e+00 -1.3394e+00 -1.7868e+00 -1.4166e+00 +1.2407e-01 -3.1514e-01 -2.1481e+00 -2.9732e+00 +4.4490e+00 -3.3671e-01 -4.1822e-01 -1.1962e+00 -3.1715e+00 +3.0865e+00
5468 +2.472659385e+01 +2.472659385e+01 +1.586593850e+00 +1.586593850e+00 +2.6094e-01 +1.8052e+00 -2.1609e+00 -2.3186e+00 +3.2409e-01 -2.7839e+00 -1.5374e+00 -9.1454e-01 -1.5626e+00 -1.5426e+00 +3.1807e-01 -8.2185e-01 -2.1243e+00 -2.6579e+00 +4.7302e+00 -4.5492e-01 -6.5133e-01 -1.0583e+00 -3.1331e+00 +3.2835e+00
7576 +1.531029513e+01 +1.531029513e+01 -7.829704867e+00 -7.829704867e+00 +9.3457e-01 +1.9484e+00 -2.2265e+00 -1.8724e+00 +3.7755e-01 -3.1182e+00 -1.0276e+00 -6.3083e-01 -1.5969e+00 -1.8282e+00 +5.8028e-01 -1.3158e+00 -1.5209e+00 -2.5079e+00 +4.7653e+00 -5.5907e-01 -2.5199e-01 -1.0880e+00 -3.1846e+00 +3.5205e+00
8671 +9.965653605e+00 +9.965653605e+00 -1.317434640e+01 -1.317434640e+01 +1.7248e+00 +1.3486e+00 -2.6623e+00 -8.4416e-01 -9.0742e-01 -2.7383e+00 +2.3471e+00 +2.5978e-01 -2.4946e+00 -2.6347e+00 -5.1745e-01 -2.4751e+00 -1.3552e+00 -2.0899e+00 +3.2582e+00 +3.2179e-01 +1.2215e+00 -2.2627e+00 -3.1001e+00 +3.0985e+00
10301 +5.871751107e+00 +5.871751107e+00 -1.726824889e+01 -1.726824889e+01 +1.3440e+00 +1.7041e+00 -2.7174e+00 -5.1271e-01 -6.3821e-01 -3.2982e+00 +1.9762e+00 +5.7952e-01 -2.5738e+00 -2.7640e+00 -3.7309e-01 -2.7679e+00 -1.0794e+00 -2.1271e+00 +3.5656e+00 +1.0403e-01 +1.6673e+00 -2.1643e+00 -3.3013e+00 +3.2109e+00
11174 +3.733018330e+00 +3.733018330e+00 -1.940698167e+01 -1.940698167e+01 +1.4084e+00 +1.8335e+00 -2.7443e+00 -4.0836e-01 -6.3295e-01 -3.3381e+00 +1.7707e+00 +7.7112e-01 -2.4696e+00 -2.8260e+00 -5.3621e-01 -2.7185e+00 -1.0925e+00 -2.3578e+00 +3.9837e+00 +2.3722e-01 +1.7221e+00 -2.0726e+00 -3.2458e+00 +3.2694e+00
11708 +2.475069843e+00 +2.475069843e+00 -2.066493016e+01 -2.066493016e+01 +1.6076e+00 +1.9493e+00 -2.8367e+00 -8.5441e-02 -5.0918e-01 -3.6178e+00 +1.6815e+00 +8.8127e-01 -2.3385e+00 -2.8504e+00 -9.4125e-01 -2.7985e+00 -9.8832e-01 -2.4690e+00 +3.9610e+00 +1.5240e-01 +1.8121e+00 -2.1365e+00 -3.2864e+00 +3.2630e+00
14199 +1.546426148e+00 +1.546426148e+00 -2.159357385e+01 -2.159357385e+01 +1.4131e+00 +2.3373e+00 -2.5288e+00 +6.2398e-01 -5.2102e-01 -3.7884e+00 +1.6448e+00 +1.2437e+00 -2.1826e+00 -2.9271e+00 -1.0476e+00 -3.0950e+00 -1.2157e+00 -2.7775e+00 +4.6348e+00 -4.9164e-02 +2.1182e+00 -2.2087e+00 -3.9222e+00 +3.8777e+00
15835 +9.890059311e-01 +9.890059311e-01 -2.215099407e+01 -2.215099407e+01 +1.2915e+00 +2.4950e+00 -2.7152e+00 +7.3092e-01 -4.9344e-01 -4.0735e+00 +1.5521e+00 +1.5528e+00 -1.9692e+00 -3.0140e+00 -9.0543e-01 -3.1676e+00 -9.5432e-01 -2.9757e+00 +4.5250e+00 -2.5666e-01 +2.1653e+00 -2.5281e+00 -3.8543e+00 +4.0328e+00
