% function evaluation | noise-free fitness - Fopt (-5.465000000000e+02) | best noise-free fitness - Fopt | measured fitness | best measured fitness | x1 | x2...
1 +2.040448338e+05 +2.040448338e+05 +2.034983338e+05 +2.034983338e+05 -5.0294e-01 +3.5610e+00 +3.9052e+00 -3.6227e+00 +2.8821e+00 +1.9881e+00 -3.2381e+00 -2.6894e+00 +3.8211e+00 -2.4985e+00
2 +9.617136849e+02 +9.617136849e+02 +4.152136849e+02 +4.152136849e+02 -1.5619e+00 +1.0767e+00 +7.3123e-01 -3.4373e+00 +1.6547e-01 -3.3708e+00 -1.8966e+00 +1.5023e-01 -2.7657e+00 +1.7900e+00
161 +5.520489892e+02 +5.520489892e+02 +5.548989238e+00 +5.548989238e+00 -1.6760e+00 +6.4994e-01 -5.8415e-01 -3.4982e+00 +1.1863e-01 -3.3017e+00 -1.9605e+00 +4.9673e-01 -2.7367e+00 +2.0239e+00
169 +3.808694969e+02 +3.808694969e+02 -1.656305031e+02 -1.656305031e+02 -1.6065e+00 +7.0097e-01 -4.0443e-01 -3.3794e+00 +7.0042e-02 -3.2392e+00 -1.9274e+00 +5.4152e-01 -2.6692e+00 +1.7268e+00
214 +3.156803363e+01 +3.156803363e+01 -5.149319664e+02 -5.149319664e+02 +2.1685e+00 +1.3584e+00 +3.9612e-01 +5.9590e-01 +2.3725e+00 -1.7944e+00 +7.4513e-02 +8.0866e-01 -2.5681e+00 +6.8039e-01
331 +2.368493398e+01 +2.368493398e+01 -5.228150660e+02 -5.228150660e+02 +2.2402e+00 +1.4309e+00 +4.1707e-01 +5.3175e-01 +2.3508e+00 -1.7076e+00 -1.1002e-02 +7.2114e-01 -2.6522e+00 +6.7513e-01
338 +9.408253470e+00 +9.408253470e+00 -5.370917465e+02 -5.370917465e+02 +2.1434e+00 +1.3034e+00 +4.5757e-01 +4.9789e-01 +2.3786e+00 -1.8327e+00 -1.9360e-03 +8.2124e-01 -2.5900e+00 +6.1764e-01
461 +5.721930800e+00 +5.721930800e+00 -5.407780692e+02 -5.407780692e+02 +2.1660e+00 +1.4012e+00 +4.2853e-01 +4.3515e-01 +2.3283e+00 -1.8586e+00 -5.4822e-02 +7.8369e-01 -2.5618e+00 +7.0708e-01
735 +3.711509096e+00 +3.711509096e+00 -5.427884909e+02 -5.427884909e+02 +1.7529e+00 +6.9973e-01 +3.4276e-01 +5.1938e-01 +2.1536e+00 -1.8142e+00 -3.8030e-01 +8.7236e-01 -2.4442e+00 +8.5774e-01
1248 +2.504509162e+00 +2.504509162e+00 -5.439954908e+02 -5.439954908e+02 +1.6430e+00 +7.5026e-01 +5.0131e-01 +6.1337e-01 +2.2588e+00 -1.9855e+00 -4.0493e-01 +1.0055e+00 -2.3762e+00 +8.2977e-01
2702 +1.314129541e+00 +1.314129541e+00 -5.451858705e+02 -5.451858705e+02 -2.0413e+00 +1.0005e+00 -4.5198e-01 -2.6934e+00 -2.3263e-01 -2.7135e+00 -1.8681e+00 +6.7049e-01 -2.4589e+00 +1.4477e+00
% function evaluation | noise-free fitness - Fopt (1.000000000000e+03) | best noise-free fitness - Fopt | measured fitness | best measured fitness | x1 | x2...
1 +2.018310111e+04 +2.018310111e+04 +2.118310111e+04 +2.118310111e+04 -6.7807e-02 +3.3313e+00 +3.2275e+00 -2.6104e+00 +9.5134e-01 +1.4797e-01 -1.9332e+00 -2.3783e+00 -3.5044e+00 +3.5254e-01
12 +8.996920810e+03 +8.996920810e+03 +9.996920810e+03 +9.996920810e+03 -1.5664e+00 +3.0493e+00 +2.0125e-02 +6.5165e-01 +1.9743e+00 +2.4186e+00 -1.7330e+00 +2.3572e-01 -1.8187e+00 +3.2378e-01
24 +4.408041262e+03 +4.408041262e+03 +5.408041262e+03 +5.408041262e+03 -3.0338e-01 +3.1634e+00 +2.4047e+00 -2.4692e-01 +1.2887e+00 +5.9177e-01 -1.8150e+00 -2.7382e-01 -3.1126e+00 +2.5756e-01
85 +1.236648705e+03 +1.236648705e+03 +2.236648705e+03 +2.236648705e+03 -2.9999e+00 +3.6089e+00 +2.4320e-01 -1.6702e+00 -2.0107e+00 -5.1298e-01 -2.6129e+00 +1.0329e+00 -1.5401e+00 -2.5151e+00
120 +4.943259926e+02 +4.943259926e+02 +1.494325993e+03 +1.494325993e+03 +2.5667e+00 +5.5395e-01 +7.9787e-01 -3.6303e-01 -2.1094e+00 +2.6735e+00 -1.6068e+00 +3.7335e-01 -2.9914e+00 -6.4839e-01
251 +3.049674966e+02 +3.049674966e+02 +1.304967497e+03 +1.304967497e+03 +2.6205e+00 +5.7660e-01 +8.7977e-01 -4.4640e-01 -2.1637e+00 +2.5774e+00 -1.5921e+00 +3.7201e-01 -2.9232e+00 -7.1119e-01
381 +2.387060790e+02 +2.387060790e+02 +1.238706079e+03 +1.238706079e+03 +2.7025e+00 +6.4908e-01 +8.5211e-01 -3.9745e-01 -2.1630e+00 +2.6062e+00 -1.5027e+00 +3.0180e-01 -2.8475e+00 -7.0582e-01
508 +1.576467715e+02 +1.576467715e+02 +1.157646771e+03 +1.157646771e+03 +2.6899e+00 +5.0812e-01 +8.4460e-01 -3.1022e-01 -2.1464e+00 +2.4476e+00 -1.5966e+00 +2.4588e-01 -2.8741e+00 -8.7290e-01
639 +9.492689484e+01 +9.492689484e+01 +1.094926895e+03 +1.094926895e+03 +2.7584e+00 +5.9738e-01 +9.9938e-01 -6.1015e-01 -2.1633e+00 +2.4795e+00 -1.6871e+00 +2.8898e-01 -2.7635e+00 -9.4315e-01
767 +5.781875480e+01 +5.781875480e+01 +1.057818755e+03 +1.057818755e+03 +2.7918e+00 +5.3077e-01 +8.7104e-01 -6.3814e-01 -2.0550e+00 +2.3900e+00 -1.6212e+00 +4.0175e-01 -2.7355e+00 -7.0702e-01
897 +3.424541180e+01 +3.424541180e+01 +1.034245412e+03 +1.034245412e+03 +2.7740e+00 +6.5532e-01 +8.9994e-01 -4.2854e-01 -1.8942e+00 +2.3626e+00 -1.7261e+00 +3.7254e-01 -2.5864e+00 -6.1807e-01
904 +2.078930047e+01 +2.078930047e+01 +1.020789300e+03 +1.020789300e+03 +2.7015e+00 +4.9506e-01 +7.9380e-01 -7.2843e-01 -1.9919e+00 +2.3284e+00 -1.6377e+00 +3.6517e-01 -2.6753e+00 -7.9530e-01
1026 +1.414718084e+01 +1.414718084e+01 +1.014147181e+03 +1.014147181e+03 +2.6262e+00 +5.8163e-01 +7.3720e-01 -7.7469e-01 -2.0662e+00 +2.3131e+00 -1.5740e+00 +3.1757e-01 -2.6602e+00 -7.9688e-01
1032 +9.952575801e+00 +9.952575801e+00 +1.009952576e+03 +1.009952576e+03 +2.6172e+00 +4.8214e-01 +8.4791e-01 -7.2951e-01 -2.0101e+00 +2.3159e+00 -1.6935e+00 +3.7277e-01 -2.5998e+00 -8.2555e-01
1294 +6.238097660e+00 +6.238097660e+00 +1.006238098e+03 +1.006238098e+03 +2.5188e+00 +5.1220e-01 +8.7301e-01 -6.6691e-01 -1.9841e+00 +2.2674e+00 -1.8136e+00 +2.6978e-01 -2.6809e+00 -8.2541e-01
1762 +3.600965072e+00 +3.600965072e+00 +1.003600965e+03 +1.003600965e+03 +2.4873e+00 +4.3541e-01 +7.4033e-01 -8.0610e-01 -2.2290e+00 +2.1064e+00 -1.6232e+00 +4.0919e-01 -2.5594e+00 -8.5461e-01
3221 +2.370493535e+00 +2.370493535e+00 +1.002370494e+03 +1.002370494e+03 -2.1972e+00 +2.0812e+00 +1.4469e-01 -1.4538e+00 -1.6147e+00 -2.0565e-01 -2.7567e+00 +9.5585e-01 -1.6278e+00 -2.2523e+00
10947 +1.558758681e+00 +1.558758681e+00 +1.001558759e+03 +1.001558759e+03 +2.5015e+00 +1.1260e-03 +8.5221e-01 -4.3845e-01 -2.4940e+00 +2.0133e+00 -1.5988e+00 +7.8767e-01 -2.4170e+00 -8.6372e-01
% function evaluation | noise-free fitness - Fopt (2.083800000000e+02) | best noise-free fitness - Fopt | measured fitness | best measured fitness | x1 | x2...
1 +7.026102203e+04 +7.026102203e+04 +7.046940203e+04 +7.046940203e+04 +7.7921e-01 -9.3534e-01 -3.7819e+00 +4.0452e-01 -1.2644e+00 +9.8085e-01 -2.7782e-01 +2.6554e-01 -3.1527e+00 -3.5142e+00
2 +1.012854725e+04 +1.012854725e+04 +1.033692725e+04 +1.033692725e+04 +2.7901e+00 +1.2887e+00 -7.5558e-01 +2.2678e+00 +9.7984e-01 -1.2611e-01 +8.3967e-01 +2.2165e+00 +1.3820e+00 +2.8921e+00
4 +5.360397724e+03 +5.360397724e+03 +5.568777724e+03 +5.568777724e+03 -2.1912e+00 +3.6208e+00 -3.4426e+00 -9.4097e-01 +1.7075e+00 +1.8210e+00 +2.8979e+00 +2.5638e+00 -9.8205e-01 +6.3839e-01
24 +1.826145768e+03 +1.826145768e+03 +2.034525768e+03 +2.034525768e+03 -3.6480e+00 +2.6265e+00 -2.4172e+00 +1.6425e+00 +1.3326e+00 +1.3083e-01 +1.5773e+00 +2.4374e+00 -4.3943e-01 +6.5513e-01
82 +1.529047575e+03 +1.529047575e+03 +1.737427575e+03 +1.737427575e+03 +9.7394e-01 +1.3390e+00 +2.1317e+00 +1.7643e+00 +3.5579e+00 -5.6285e-01 +4.8796e-01 +1.0645e+00 -2.0333e+00 +2.3704e+00
170 +1.711815718e+02 +1.711815718e+02 +3.795615718e+02 +3.795615718e+02 +1.3790e+00 +2.8023e+00 -6.7474e-01 +2.8371e+00 +2.0961e+00 +1.7263e-01 +2.3509e+00 +2.4695e+00 -1.6176e+00 +1.6466e+00
284 +1.309740487e+02 +1.309740487e+02 +3.393540487e+02 +3.393540487e+02 +1.3348e+00 +2.8096e+00 -7.5502e-01 +2.9286e+00 +2.0631e+00 +1.9256e-01 +2.4389e+00 +2.4138e+00 -1.6223e+00 +1.6091e+00
419 +4.543594039e+01 +4.543594039e+01 +2.538159404e+02 +2.538159404e+02 +1.4295e+00 +2.7741e+00 -7.3797e-01 +2.8328e+00 +2.0208e+00 +1.9056e-01 +2.4402e+00 +2.3155e+00 -1.7068e+00 +1.6612e+00
421 +3.485007071e+01 +3.485007071e+01 +2.432300707e+02 +2.432300707e+02 +1.4892e+00 +2.7060e+00 -6.6659e-01 +2.7813e+00 +1.9317e+00 +2.3818e-02 +2.3405e+00 +2.3210e+00 -1.6516e+00 +1.6389e+00
542 +1.397724295e+01 +1.397724295e+01 +2.223572429e+02 +2.223572429e+02 +1.2674e+00 +2.6742e+00 -6.3981e-01 +2.8948e+00 +1.9606e+00 +6.1629e-02 +2.4384e+00 +2.2475e+00 -1.6681e+00 +1.7698e+00
543 +8.280671574e+00 +8.280671574e+00 +2.166606716e+02 +2.166606716e+02 +1.4914e+00 +2.6177e+00 -6.8372e-01 +2.6992e+00 +1.9567e+00 -9.0969e-03 +2.2947e+00 +2.2610e+00 -1.6909e+00 +1.7067e+00
545 +5.410535478e+00 +5.410535478e+00 +2.137905355e+02 +2.137905355e+02 +1.5851e+00 +2.7593e+00 -6.9831e-01 +2.8816e+00 +1.9446e+00 +2.0179e-01 +2.2553e+00 +2.2575e+00 -1.4901e+00 +1.7524e+00
672 +2.688242162e+00 +2.688242162e+00 +2.110682422e+02 +2.110682422e+02 +1.4830e+00 +2.8382e+00 -7.3977e-01 +2.9092e+00 +1.8615e+00 +1.1153e-01 +2.1543e+00 +2.1986e+00 -1.5875e+00 +1.7937e+00
810 +2.114747658e+00 +2.114747658e+00 +2.104947477e+02 +2.104947477e+02 +1.5480e+00 +2.9305e+00 -7.3315e-01 +2.8534e+00 +1.9588e+00 +1.2453e-01 +2.0696e+00 +2.1614e+00 -1.5411e+00 +1.7252e+00
2189 +1.469639934e+00 +1.469639934e+00 +2.098496399e+02 +2.098496399e+02 +1.4693e+00 +3.0151e+00 -9.1514e-01 +2.7594e+00 +1.9701e+00 +2.2247e-01 +2.1010e+00 +2.1066e+00 -1.4339e+00 +1.7042e+00
% function evaluation | noise-free fitness - Fopt (-1.449600000000e+02) | best noise-free fitness - Fopt | measured fitness | best measured fitness | x1 | x2...
1 +1.975362723e+05 +1.975362723e+05 +1.973913123e+05 +1.973913123e+05 +9.3684e-01 +3.9796e+00 -3.0564e-01 +3.4793e+00 +2.7482e+00 -2.0201e+00 +2.1390e+00 -1.8846e+00 +3.1922e+00 -1.6160e+00
2 +4.051581166e+04 +4.051581166e+04 +4.037085166e+04 +4.037085166e+04 +1.6831e-01 +2.6800e+00 +3.5800e+00 +1.7106e+00 -3.3565e+00 -2.0063e+00 +3.1320e-01 -1.8896e+00 -2.6583e+00 +3.1991e+00
6 +2.911034197e+04 +2.911034197e+04 +2.896538197e+04 +2.896538197e+04 -9.6855e-01 +8.7171e-01 -3.3709e+00 -1.0697e+00 -1.0569e+00 -2.7289e+00 -2.9015e+00 -1.9270e+00 -3.8616e+00 +3.2546e+00
9 +2.401383105e+04 +2.401383105e+04 +2.386887105e+04 +2.386887105e+04 +3.5390e+00 +4.7488e-01 +3.5654e+00 +2.0915e-01 +3.4144e+00 +3.9391e+00 -2.9456e+00 +2.9385e+00 -2.7487e+00 +1.1329e+00
15 +9.845433147e+03 +9.845433147e+03 +9.700473147e+03 +9.700473147e+03 +2.2271e+00 -3.3388e+00 +2.7435e+00 -6.3404e-01 -2.4383e+00 -2.0193e+00 -2.3767e+00 +3.5893e+00 -1.1182e+00 +4.3904e-01
68 +3.554158073e+03 +3.554158073e+03 +3.409198073e+03 +3.409198073e+03 +3.5144e+00 -3.5475e+00 -1.7927e+00 -3.0813e+00 +4.6853e-01 +2.3235e+00 -1.2423e+00 +8.0925e-01 +1.7654e-01 +2.1669e+00
202 +2.509734050e+03 +2.509734050e+03 +2.364774050e+03 +2.364774050e+03 +3.5163e+00 -3.5676e+00 -1.7847e+00 -2.9823e+00 +4.9357e-01 +2.2110e+00 -1.3604e+00 +8.0840e-01 -4.6681e-04 +2.0816e+00
596 +1.552552020e+03 +1.552552020e+03 +1.407592020e+03 +1.407592020e+03 +3.5495e+00 -3.6437e+00 -1.6156e+00 -2.7570e+00 +5.4152e-01 +2.1373e+00 -1.4365e+00 +7.5517e-01 -2.0539e-01 +2.0308e+00
872 +9.413462645e+02 +9.413462645e+02 +7.963862645e+02 +7.963862645e+02 +3.4258e+00 -3.6757e+00 -1.7917e+00 -2.7448e+00 +4.3861e-01 +2.0916e+00 -1.3878e+00 +7.8765e-01 -3.6965e-01 +1.9939e+00
1112 +5.784197220e+02 +5.784197220e+02 +4.334597220e+02 +4.334597220e+02 +3.3107e+00 -3.6375e+00 -1.7492e+00 -2.6733e+00 +4.9710e-01 +2.1146e+00 -1.4107e+00 +9.0528e-01 -4.5346e-01 +2.0463e+00
1583 +3.602102685e+02 +3.602102685e+02 +2.152502685e+02 +2.152502685e+02 +3.1037e+00 -3.8076e+00 -1.7175e+00 -2.8547e+00 +5.4839e-01 +1.9890e+00 -1.5377e+00 +7.9750e-01 -6.1378e-01 +2.1471e+00
1711 +2.186115036e+02 +2.186115036e+02 +7.365150358e+01 +7.365150358e+01 +3.1810e+00 -3.5911e+00 -1.8452e+00 -2.5314e+00 +5.0566e-01 +2.1013e+00 -1.1602e+00 +9.5841e-01 -6.5238e-01 +1.8884e+00
1849 +1.485569877e+02 +1.485569877e+02 +3.596987677e+00 +3.596987677e+00 +3.0665e+00 -3.7558e+00 -1.6471e+00 -2.5150e+00 +5.0178e-01 +2.1758e+00 -1.4148e+00 +8.6818e-01 -6.8760e-01 +1.9353e+00
2104 +8.129305038e+01 +8.129305038e+01 -6.366694962e+01 -6.366694962e+01 +2.9178e+00 -3.7187e+00 -1.6220e+00 -2.4180e+00 +5.2237e-01 +1.9792e+00 -1.4870e+00 +1.1664e+00 -6.3411e-01 +1.8815e+00
2250 +6.246457286e+01 +6.246457286e+01 -8.249542714e+01 -8.249542714e+01 +2.8716e+00 -3.6393e+00 -1.7303e+00 -2.5270e+00 +6.5952e-01 +2.1389e+00 -1.4214e+00 +9.1971e-01 -9.0733e-01 +2.0075e+00
2316 +3.730112251e+01 +3.730112251e+01 -1.076588775e+02 -1.076588775e+02 +1.6635e+00 -3.1791e+00 +1.7759e+00 -1.3878e+00 -2.6740e+00 -4.9457e-01 -2.4216e+00 +1.5261e+00 -5.5393e-01 +1.4574e+00
2456 +2.437184046e+01 +2.437184046e+01 -1.205881595e+02 -1.205881595e+02 +1.7473e+00 -3.1627e+00 +1.7964e+00 -1.3900e+00 -2.5871e+00 -5.0636e-01 -2.3985e+00 +1.4813e+00 -5.5720e-01 +1.4432e+00
2578 +1.145934004e+01 +1.145934004e+01 -1.335006600e+02 -1.335006600e+02 +1.6748e+00 -3.1003e+00 +1.7860e+00 -1.2972e+00 -2.5724e+00 -4.8820e-01 -2.4855e+00 +1.5364e+00 -6.5028e-01 +1.4229e+00
2704 +8.723870672e+00 +8.723870672e+00 -1.362361293e+02 -1.362361293e+02 +1.6538e+00 -3.0844e+00 +1.7490e+00 -1.2105e+00 -2.5203e+00 -4.8560e-01 -2.4111e+00 +1.4376e+00 -6.2692e-01 +1.3485e+00
2715 +3.508533219e+00 +3.508533219e+00 -1.414514668e+02 -1.414514668e+02 +1.6084e+00 -3.1761e+00 +1.7182e+00 -1.2021e+00 -2.4819e+00 -4.2214e-01 -2.4945e+00 +1.4425e+00 -6.2917e-01 +1.5003e+00
3616 +2.486000668e+00 +2.486000668e+00 -1.424739993e+02 -1.424739993e+02 +2.4532e+00 -3.3786e+00 -1.7382e+00 -2.2939e+00 +2.8296e-01 +2.0689e+00 -1.6488e+00 +8.0655e-01 -7.9394e-01 +2.1369e+00
9679 +1.561812693e+00 +1.561812693e+00 -1.433981873e+02 -1.433981873e+02 +2.4411e+00 -3.2377e+00 -1.8379e+00 -2.1905e+00 +1.2471e-01 +2.0552e+00 -1.5866e+00 +7.0925e-01 -1.1884e+00 +2.0035e+00
% function evaluation | noise-free fitness - Fopt (-6.300000000000e+00) | best noise-free fitness - Fopt | measured fitness | best measured fitness | x1 | x2...
1 +1.761628195e+04 +1.761628195e+04 +1.760998195e+04 +1.760998195e+04 +4.0652e-01 -9.5559e-01 +2.4393e-02 -1.9852e+00 -1.1053e+00 -2.3723e+00 -3.3390e-01 +8.4387e-01 +3.5428e+00 +3.2752e+00
5 +1.152850712e+04 +1.152850712e+04 +1.152220712e+04 +1.152220712e+04 +1.9369e+00 +3.6035e+00 -3.6300e+00 -1.4005e+00 +2.6178e+00 -8.1540e-01 +1.4773e+00 -3.0111e+00 +9.2209e-01 +7.0119e-01
12 +8.963732483e+03 +8.963732483e+03 +8.957432483e+03 +8.957432483e+03 -1.0923e+00 +8.7436e-01 +1.5524e+00 -2.0294e+00 -1.7888e+00 -2.3188e+00 +5.2397e-01 -3.2776e+00 +1.5645e+00 +3.4175e+00
48 +1.818090882e+02 +1.818090882e+02 +1.755090882e+02 +1.755090882e+02 +2.1837e+00 +7.6656e-01 +3.3728e-02 +2.9468e+00 +1.1800e+00 -2.9538e-01 +1.5976e+00 -1.4033e+00 +1.7351e+00 +6.9179e-01
96 +1.178151615e+02 +1.178151615e+02 +1.115151615e+02 +1.115151615e+02 +2.2560e+00 +8.4159e-01 +1.2008e-01 +3.0452e+00 +1.0993e+00 -2.8151e-01 +1.6961e+00 -1.4997e+00 +1.7827e+00 +7.6534e-01
210 +6.914675317e+01 +6.914675317e+01 +6.284675317e+01 +6.284675317e+01 +2.0982e+00 +7.2520e-01 +1.3945e-01 +2.9622e+00 +1.0457e+00 -3.1673e-01 +1.7216e+00 -1.3750e+00 +1.7188e+00 +7.3419e-01
336 +2.566303778e+01 +2.566303778e+01 +1.936303778e+01 +1.936303778e+01 +2.0348e+00 +7.4096e-01 +1.0386e-01 +2.9938e+00 +9.6606e-01 -3.8751e-01 +1.6441e+00 -1.3300e+00 +1.6414e+00 +7.2652e-01
464 +5.938744508e+00 +5.938744508e+00 -3.612554916e-01 -3.612554916e-01 +2.4030e+00 +7.7364e-01 +2.1237e-01 +2.9767e+00 +9.0129e-01 -4.1478e-01 +1.5850e+00 -1.4077e+00 +1.8906e+00 +8.3844e-01
723 +3.390949763e+00 +3.390949763e+00 -2.909050237e+00 -2.909050237e+00 +2.2216e+00 +7.9746e-01 +1.5253e-01 +2.8471e+00 +8.5227e-01 -4.4412e-01 +1.6269e+00 -1.3168e+00 +1.8648e+00 +7.0347e-01
2120 +2.378091241e+00 +2.378091241e+00 -3.921908759e+00 -3.921908759e+00 +2.2423e+00 +9.4234e-01 +2.6923e-02 +2.6028e+00 +7.6047e-01 -4.0306e-01 +1.6480e+00 -1.0850e+00 +1.9548e+00 +9.4464e-01
% function evaluation | noise-free fitness - Fopt (-3.790000000000e+00) | best noise-free fitness - Fopt | measured fitness | best measured fitness | x1 | x2...
1 +1.327144479e+05 +1.327144479e+05 +1.327106579e+05 +1.327106579e+05 +1.9259e-01 -1.4898e+00 +2.3265e+00 -2.3349e+00 +9.7877e-02 +2.1734e+00 +3.8805e+00 +2.2956e+00 -1.9981e+00 -9.9238e-01
3 +7.209141895e+04 +7.209141895e+04 +7.208762895e+04 +7.208762895e+04 -1.8236e-01 +2.5516e+00 -2.5509e+00 +2.0268e+00 -2.6932e+00 -3.2514e+00 -3.3705e+00 +2.0372e-01 -2.2514e+00 +9.5230e-01
6 +6.011032230e+04 +6.011032230e+04 +6.010653230e+04 +6.010653230e+04 +1.4597e+00 +2.9761e+00 +3.4346e+00 -1.6971e+00 -1.1848e+00 -1.8060e+00 -2.5705e+00 +5.2052e-01 -1.1542e-01 +2.4510e+00
8 +8.291185866e+03 +8.291185866e+03 +8.287395866e+03 +8.287395866e+03 +7.9174e-01 +3.3258e+00 +2.0665e+00 +3.3027e+00 +7.6634e-01 -3.5955e+00 +4.4302e-01 -2.3004e-01 +1.5284e+00 -1.5127e+00
40 +2.799306010e+03 +2.799306010e+03 +2.795516010e+03 +2.795516010e+03 +1.4958e-01 +1.5925e+00 +1.7978e+00 +2.6509e+00 -1.2013e+00 -4.3280e-01 -6.9326e-01 -1.7054e+00 +2.6676e+00 -1.5182e+00
73 +9.275596889e+02 +9.275596889e+02 +9.237696889e+02 +9.237696889e+02 +1.0748e+00 -4.5367e-01 -1.2542e+00 -2.8717e+00 -1.2557e+00 -7.6657e-01 -1.1635e+00 -1.5354e+00 +8.4538e-02 -2.3525e+00
249 +5.003371743e+02 +5.003371743e+02 +4.965471743e+02 +4.965471743e+02 -1.0989e+00 -5.6067e-01 +1.0664e+00 +1.1472e+00 -3.7111e+00 -1.4778e+00 -1.2012e+00 -2.6061e+00 +7.8616e-01 -2.0347e+00
358 +2.783087246e+02 +2.783087246e+02 +2.745187246e+02 +2.745187246e+02 -2.7436e-02 +1.5200e+00 -1.2292e+00 -2.7277e+00 -1.4585e+00 -8.8484e-01 -1.3545e+00 -2.0099e+00 +1.7668e-01 -2.3894e+00
461 +1.275390949e+02 +1.275390949e+02 +1.237490949e+02 +1.237490949e+02 -1.1554e-01 +1.4729e+00 -1.1586e+00 -2.6842e+00 -1.4248e+00 -8.6624e-01 -1.3805e+00 -2.0051e+00 +2.7556e-01 -2.4159e+00
595 +8.494188067e+01 +8.494188067e+01 +8.115188067e+01 +8.115188067e+01 -1.2840e-01 +1.3828e+00 -1.2141e+00 -2.6025e+00 -1.6921e+00 -7.9584e-01 -1.3248e+00 -2.1714e+00 +2.7192e-01 -1.9279e+00
611 +3.294427062e+01 +3.294427062e+01 +2.915427062e+01 +2.915427062e+01 -7.5034e-02 +1.5407e+00 -1.1606e+00 -2.7589e+00 -1.4565e+00 -7.8776e-01 -1.4740e+00 -2.0333e+00 +3.7147e-01 -2.3686e+00
723 +2.205949244e+01 +2.205949244e+01 +1.826949244e+01 +1.826949244e+01 -7.2968e-02 +1.5464e+00 -1.1162e+00 -2.6956e+00 -1.5874e+00 -7.4699e-01 -1.3848e+00 -1.9947e+00 +4.0154e-01 -2.2342e+00
725 +1.392364477e+01 +1.392364477e+01 +1.013364477e+01 +1.013364477e+01 -1.4537e-01 +1.4650e+00 -1.2499e+00 -2.7237e+00 -1.4059e+00 -8.3102e-01 -1.5369e+00 -2.0147e+00 +4.1610e-01 -2.3481e+00
731 +6.565905830e+00 +6.565905830e+00 +2.775905830e+00 +2.775905830e+00 +2.5378e-01 +1.3735e+00 -1.3259e+00 -2.5542e+00 -1.6202e+00 -6.9974e-01 -1.4875e+00 -2.4211e+00 +4.3993e-01 -1.9289e+00
852 +4.179657259e+00 +4.179657259e+00 +3.896572587e-01 +3.896572587e-01 -1.3014e-01 +1.4435e+00 -1.2837e+00 -2.7290e+00 -1.3957e+00 -8.9510e-01 -1.5605e+00 -2.0734e+00 +4.5184e-01 -2.3145e+00
983 +3.338800089e+00 +3.338800089e+00 -4.511999112e-01 -4.511999112e-01 -1.0253e-01 +1.5556e+00 -1.2797e+00 -2.7773e+00 -1.7075e+00 -7.7571e-01 -1.1818e+00 -1.8560e+00 +5.7587e-01 -2.4886e+00
2290 +2.503373919e+00 +2.503373919e+00 -1.286626081e+00 -1.286626081e+00 -1.0165e+00 -7.1615e-01 +1.4553e+00 +8.4277e-01 -2.8855e+00 -1.9182e+00 -1.0514e+00 -2.2895e+00 +1.1232e+00 -1.8194e+00
14058 +1.576222308e+00 +1.576222308e+00 -2.213777692e+00 -2.213777692e+00 -2.2590e-01 +1.5592e+00 -1.3345e+00 -2.9244e+00 -1.8936e+00 -2.3719e-01 -8.4827e-01 -1.9962e+00 +8.3937e-01 -2.4220e+00
% function evaluation | noise-free fitness - Fopt (-5.675000000000e+01) | best noise-free fitness - Fopt | measured fitness | best measured fitness | x1 | x2...
1 +1.648349814e+04 +1.648349814e+04 +1.642674814e+04 +1.642674814e+04 +1.0792e-01 +3.7445e+00 +1.2146e+00 +1.3164e+00 -3.2646e+00 -2.1157e+00 +1.7697e+00 -2.0660e+00 +2.4811e+00 +1.5542e+00
4 +1.396141540e+04 +1.396141540e+04 +1.390466540e+04 +1.390466540e+04 +3.1363e+00 +1.0836e-01 -4.3034e-01 +2.1996e+00 -6.4865e-01 +2.2579e+00 +2.6055e+00 +3.3339e+00 +1.7330e+00 +1.9140e+00
13 +9.335833682e+03 +9.335833682e+03 +9.279083682e+03 +9.279083682e+03 +1.3857e+00 -8.3492e-01 +2.2023e+00 -1.1974e+00 -3.8738e+00 +2.4569e+00 +1.0554e+00 +1.5605e+00 +3.0001e+00 -3.0684e-01
36 +4.970717192e+03 +4.970717192e+03 +4.913967192e+03 +4.913967192e+03 +4.5908e-01 -9.5111e-01 +1.9661e+00 -7.3575e-01 +2.6288e-01 -3.0841e+00 +9.5626e-01 -1.6698e-01 +3.2440e+00 -5.3699e-01
157 +3.624268500e+03 +3.624268500e+03 +3.567518500e+03 +3.567518500e+03 +8.7452e-01 -1.0154e+00 +9.8312e-01 -8.2953e-01 +1.0029e-01 -4.2471e-01 +8.1320e-01 +6.1837e-01 +3.0761e+00 -4.5591e-01
463 +1.458763908e+03 +1.458763908e+03 +1.402013908e+03 +1.402013908e+03 -1.4574e+00 +8.1696e-01 +1.7428e+00 -7.5926e-01 -8.1060e-01 +8.9757e-01 +2.9409e+00 +4.9644e-01 +5.4142e-01 +1.3495e+00
726 +9.210158469e+02 +9.210158469e+02 +8.642658469e+02 +8.642658469e+02 -1.4324e+00 +8.4829e-01 +1.5723e+00 -5.8749e-01 -8.5235e-01 +7.5117e-01 +2.9577e+00 +5.5096e-01 +6.3400e-01 +1.2548e+00
981 +5.032267533e+02 +5.032267533e+02 +4.464767533e+02 +4.464767533e+02 -1.6106e+00 +8.0497e-01 +1.6962e+00 -5.1472e-01 -8.4006e-01 +5.7187e-01 +3.0326e+00 +5.1487e-01 +7.4761e-01 +1.3687e+00
1111 +3.313343174e+02 +3.313343174e+02 +2.745843174e+02 +2.745843174e+02 -1.6263e+00 +9.6212e-01 +1.7885e+00 -8.9801e-01 -9.7047e-01 +5.0759e-01 +2.9832e+00 +4.8745e-01 +7.9580e-01 +1.2818e+00
1241 +2.421494753e+02 +2.421494753e+02 +1.853994753e+02 +1.853994753e+02 -1.6572e+00 +8.9903e-01 +1.7644e+00 -8.4268e-01 -1.0150e+00 +4.1565e-01 +2.9486e+00 +4.7259e-01 +7.3545e-01 +1.3108e+00
1583 +1.337201932e+02 +1.337201932e+02 +7.697019317e+01 +7.697019317e+01 -1.3264e+00 +9.7133e-01 +1.7745e+00 -6.7284e-01 -1.1416e+00 +3.4307e-01 +3.0319e+00 +2.7295e-01 +1.1368e+00 +2.0684e+00
1713 +8.044859430e+01 +8.044859430e+01 +2.369859430e+01 +2.369859430e+01 -1.3417e+00 +8.8986e-01 +1.8581e+00 -6.2622e-01 -1.2315e+00 +3.1814e-01 +2.9693e+00 +2.3089e-01 +1.0908e+00 +2.1447e+00
1845 +3.988981332e+01 +3.988981332e+01 -1.686018668e+01 -1.686018668e+01 -1.4417e+00 +8.3025e-01 +1.5150e+00 -7.9460e-01 -1.1123e+00 +2.2604e-01 +2.9116e+00 +2.1737e-01 +1.5297e+00 +1.8053e+00
1856 +3.397173821e+01 +3.397173821e+01 -2.277826179e+01 -2.277826179e+01 -1.4520e+00 +9.4460e-01 +1.4997e+00 -9.1294e-01 -1.0911e+00 +1.9328e-01 +2.9295e+00 +2.5364e-01 +1.4289e+00 +1.9113e+00
1865 +1.894182196e+01 +1.894182196e+01 -3.780817804e+01 -3.780817804e+01 -1.4701e+00 +7.8104e-01 +1.5121e+00 -8.9318e-01 -1.1114e+00 +1.6929e-01 +2.8888e+00 +2.4528e-01 +1.4255e+00 +1.9702e+00
1974 +9.027085240e+00 +9.027085240e+00 -4.772291476e+01 -4.772291476e+01 -1.5133e+00 +7.0608e-01 +1.5792e+00 -9.9171e-01 -1.0228e+00 +1.1091e-01 +2.8169e+00 +1.5016e-01 +1.4766e+00 +1.8971e+00
2101 +4.533653186e+00 +4.533653186e+00 -5.221634681e+01 -5.221634681e+01 -1.4552e+00 +7.6335e-01 +1.6388e+00 -1.0262e+00 -1.1068e+00 +5.2807e-02 +2.8056e+00 +1.4594e-01 +1.5350e+00 +1.9254e+00
2240 +3.973175694e+00 +3.973175694e+00 -5.277682431e+01 -5.277682431e+01 -1.6222e+00 +5.7273e-01 +1.5939e+00 -9.6754e-01 -1.0144e+00 +4.3566e-02 +2.6945e+00 +2.2740e-01 +1.3068e+00 +1.9042e+00
3096 +2.289412253e+00 +2.289412253e+00 -5.446058775e+01 -5.446058775e+01 -1.4051e+00 +3.0956e-01 +1.8204e+00 -9.4556e-01 -1.1060e+00 +7.7447e-02 +2.7092e+00 +4.1264e-01 +1.2437e+00 +1.9651e+00
% function evaluation | noise-free fitness - Fopt (-5.980000000000e+01) | best noise-free fitness - Fopt | measured fitness | best measured fitness | x1 | x2...
1 +4.583398378e+04 +4.583398378e+04 +4.577418378e+04 +4.577418378e+04 +1.8163e+00 -2.7346e+00 -2.4689e+00 -1.7934e+00 -3.9461e+00 -5.4500e-01 -3.9185e+00 +5.8274e-01 -2.8564e+00 -2.6513e+00
5 +2.543520963e+04 +2.543520963e+04 +2.537540963e+04 +2.537540963e+04 +1.0762e+00 +9.4681e-01 -1.9384e+00 -3.5132e+00 -3.1553e+00 -2.2391e-01 -3.2074e+00 -2.4262e+00 -3.0768e+00 +4.0763e-01
8 +1.224332801e+04 +1.224332801e+04 +1.218352801e+04 +1.218352801e+04 +1.9171e+00 -1.1463e+00 +1.8707e+00 +8.6145e-01 -1.8320e+00 -3.5327e+00 -2.3888e+00 +2.8370e+00 -3.2085e+00 +3.0608e+00
9 +4.337992250e+03 +4.337992250e+03 +4.278192250e+03 +4.278192250e+03 -1.5196e+00 -1.6983e+00 -1.0637e+00 +3.7202e+00 +2.9645e+00 -1.2900e+00 -1.9775e+00 +1.4720e-01 -1.5038e+00 +7.8030e-01
29 +2.922750428e+03 +2.922750428e+03 +2.862950428e+03 +2.862950428e+03 -6.5076e-01 -1.6889e+00 +2.9867e+00 +3.3564e+00 +1.3992e+00 -2.7275e+00 -1.6600e+00 +3.5908e-02 -3.3600e+00 +1.2547e+00
69 +5.302255088e+01 +5.302255088e+01 -6.777449122e+00 -6.777449122e+00 +2.3269e+00 -2.6147e+00 +1.5279e+00 +1.7855e+00 +7.2319e-01 -1.3125e+00 -2.1810e+00 +2.4287e-01 -1.8759e+00 +1.2559e+00
98 +3.537866020e+01 +3.537866020e+01 -2.442133980e+01 -2.442133980e+01 +2.2568e+00 -2.5894e+00 +1.5508e+00 +1.8783e+00 +7.1719e-01 -1.3963e+00 -2.2367e+00 +2.5107e-01 -1.9065e+00 +1.3411e+00
203 +1.651146348e+01 +1.651146348e+01 -4.328853652e+01 -4.328853652e+01 +2.3310e+00 -2.5372e+00 +1.6142e+00 +1.6681e+00 +5.8819e-01 -1.2655e+00 -2.2046e+00 +2.4385e-01 -1.7911e+00 +1.3587e+00
206 +1.462150732e+01 +1.462150732e+01 -4.517849268e+01 -4.517849268e+01 +2.3196e+00 -2.5258e+00 +1.4911e+00 +1.9746e+00 +6.5873e-01 -1.3793e+00 -2.2769e+00 +1.5854e-01 -1.9442e+00 +1.4234e+00
334 +4.404854953e+00 +4.404854953e+00 -5.539514505e+01 -5.539514505e+01 +2.2700e+00 -2.4434e+00 +1.5481e+00 +2.0649e+00 +6.5366e-01 -1.4167e+00 -2.2553e+00 +1.7372e-01 -1.9750e+00 +1.3939e+00
481 +3.485978116e+00 +3.485978116e+00 -5.631402188e+01 -5.631402188e+01 +2.2744e+00 -2.3592e+00 +1.4486e+00 +2.1377e+00 +6.8005e-01 -1.3351e+00 -2.3438e+00 +1.8205e-01 -2.0409e+00 +1.4521e+00
855 +2.495152342e+00 +2.495152342e+00 -5.730484766e+01 -5.730484766e+01 +2.0670e+00 -2.0812e+00 +1.3236e+00 +2.2768e+00 +5.8489e-01 -1.4231e+00 -2.3122e+00 +1.8974e-01 -2.1258e+00 +1.3112e+00
7331 +1.568611284e+00 +1.568611284e+00 -5.823138872e+01 -5.823138872e+01 -1.5401e+00 -9.1509e-01 -4.9673e-01 +2.6851e+00 -1.9765e+00 +2.9530e-01 -2.7269e+00 +8.7466e-01 -2.4201e+00 +8.6979e-01
% function evaluation | noise-free fitness - Fopt (1.155700000000e+02) | best noise-free fitness - Fopt | measured fitness | best measured fitness | x1 | x2...
1 +3.734708186e+04 +3.734708186e+04 +3.746265186e+04 +3.746265186e+04 +3.2688e+00 -1.7851e+00 -2.4148e+00 +6.4653e-01 -5.8736e-01 -9.1547e-01 +2.3425e-01 +1.0448e+00 +3.7774e+00 -2.4510e+00
2 +1.001239208e+04 +1.001239208e+04 +1.012796208e+04 +1.012796208e+04 +6.5431e-01 +2.5654e+00 +2.0505e+00 +2.5261e+00 -7.8049e-01 -2.3777e-01 -5.6228e-01 +3.5756e+00 -7.9629e-01 +8.8361e-01
4 +2.007517503e+03 +2.007517503e+03 +2.123087503e+03 +2.123087503e+03 -3.0723e+00 -1.9347e+00 -4.0855e-01 -5.0134e-01 -2.4514e-01 -3.6027e+00 +4.8456e-02 +3.1437e+00 +1.0502e+00 +1.6910e+00
56 +4.498635821e+02 +4.498635821e+02 +5.654335821e+02 +5.654335821e+02 +3.4808e+00 +8.5064e-01 +2.3282e+00 +1.3576e+00 +9.5822e-01 -2.2218e+00 +6.5596e-01 +2.2417e+00 +1.2029e+00 +2.3151e+00
86 +3.670316243e+02 +3.670316243e+02 +4.826016243e+02 +4.826016243e+02 +3.4210e+00 +7.9818e-01 +2.3874e+00 +1.2733e+00 +8.9425e-01 -2.2081e+00 +6.4516e-01 +2.2372e+00 +1.2787e+00 +2.3902e+00
215 +6.068221961e+01 +6.068221961e+01 +1.762522196e+02 +1.762522196e+02 +2.2498e+00 -6.6696e-01 +9.1103e-01 +3.0597e-01 +1.2065e+00 -1.5886e+00 +6.2929e-01 +4.3913e-01 +1.6540e+00 +1.1835e+00
342 +3.948336101e+01 +3.948336101e+01 +1.550533610e+02 +1.550533610e+02 +2.2029e+00 -7.0812e-01 +9.4526e-01 +2.4850e-01 +1.2680e+00 -1.6256e+00 +7.2215e-01 +4.4790e-01 +1.6043e+00 +1.2687e+00
346 +1.739379185e+01 +1.739379185e+01 +1.329637918e+02 +1.329637918e+02 +2.1789e+00 -6.8880e-01 +1.0109e+00 +3.9895e-01 +1.2840e+00 -1.5718e+00 +5.9899e-01 +5.2470e-01 +1.6551e+00 +1.1265e+00
354 +9.326569463e+00 +9.326569463e+00 +1.248965695e+02 +1.248965695e+02 +2.2345e+00 -6.0122e-01 +8.8261e-01 +2.9816e-01 +1.1792e+00 -1.5615e+00 +7.0723e-01 +5.2716e-01 +1.7050e+00 +1.1868e+00
461 +5.620583541e+00 +5.620583541e+00 +1.211905835e+02 +1.211905835e+02 +2.1535e+00 -5.2254e-01 +8.1903e-01 +2.2601e-01 +1.1656e+00 -1.5681e+00 +6.5704e-01 +5.5932e-01 +1.6226e+00 +1.2316e+00
468 +3.940012513e+00 +3.940012513e+00 +1.195100125e+02 +1.195100125e+02 +2.1354e+00 -5.1685e-01 +8.4385e-01 +2.4303e-01 +1.2236e+00 -1.6088e+00 +7.0926e-01 +5.7341e-01 +1.7882e+00 +1.1110e+00
2758 +2.429611130e+00 +2.429611130e+00 +1.179996111e+02 +1.179996111e+02 +2.1713e+00 -2.6781e-01 +9.8367e-01 +1.6615e-01 +1.0695e+00 -1.8372e+00 +4.9723e-01 +6.2751e-01 +1.7693e+00 +1.0303e+00
% function evaluation | noise-free fitness - Fopt (-3.912000000000e+01) | best noise-free fitness - Fopt | measured fitness | best measured fitness | x1 | x2...
1 +1.039885373e+05 +1.039885373e+05 +1.039494173e+05 +1.039494173e+05 -2.6637e+00 +3.4798e+00 +2.4893e+00 -3.1647e+00 -3.0903e+00 +7.1853e-01 -3.1453e+00 -8.8969e-01 -9.9625e-01 +3.3199e+00
2 +5.188743847e+04 +5.188743847e+04 +5.184831847e+04 +5.184831847e+04 -2.9181e+00 +5.0288e-01 +4.3574e-01 -4.1185e-01 -5.1232e-01 +3.4268e+00 +2.1140e+00 -1.1824e+00 +1.9686e+00 -3.9881e+00
6 +9.131545479e+03 +9.131545479e+03 +9.092425479e+03 +9.092425479e+03 -1.1592e+00 -1.0398e+00 +3.7878e-01 -2.3962e+00 +1.4066e+00 -2.6942e-01 -2.9673e-03 -3.7006e+00 +9.0837e-01 -2.5101e+00
14 +3.885376718e+03 +3.885376718e+03 +3.846256718e+03 +3.846256718e+03 +3.8762e+00 -4.4226e-01 +1.0113e+00 +3.8685e+00 +5.9082e-01 -4.4494e-01 -1.3113e+00 -2.9136e-01 +2.7408e-01 -3.0657e+00
17 +9.398669649e+02 +9.398669649e+02 +9.007469649e+02 +9.007469649e+02 -2.8380e+00 -1.8289e+00 -1.6321e+00 +1.2267e+00 -2.3274e+00 +3.8596e-01 -1.4558e+00 -6.9428e-01 +2.4985e+00 -1.2424e+00
206 +5.800796893e+02 +5.800796893e+02 +5.409596893e+02 +5.409596893e+02 +1.4121e+00 -1.4174e+00 +1.7775e+00 -1.5175e+00 -2.9423e+00 -2.2614e-02 -3.1658e+00 -1.7819e-01 +2.2799e+00 -1.5048e+00
461 +3.905995140e+02 +3.905995140e+02 +3.514795140e+02 +3.514795140e+02 +1.3804e+00 -1.2862e+00 +1.8033e+00 -1.4017e+00 -3.0811e+00 -5.3172e-02 -3.1249e+00 -2.8797e-01 +2.2271e+00 -1.5198e+00
595 +2.388426684e+02 +2.388426684e+02 +1.997226684e+02 +1.997226684e+02 +1.3473e+00 -1.5408e+00 +1.8516e+00 -1.2909e+00 -3.0840e+00 -2.1784e-01 -2.9019e+00 -2.0998e-01 +2.0928e+00 -1.4397e+00
730 +1.418825163e+02 +1.418825163e+02 +1.027625163e+02 +1.027625163e+02 +1.4662e+00 -1.3497e+00 +1.7583e+00 -1.2610e+00 -3.1755e+00 -5.3324e-03 -2.8772e+00 -1.4285e-01 +2.1929e+00 -1.3940e+00
869 +8.961259865e+01 +8.961259865e+01 +5.049259865e+01 +5.049259865e+01 +1.4950e+00 -1.2817e+00 +1.8057e+00 -1.2156e+00 -3.1214e+00 -6.2638e-02 -2.8155e+00 -2.3162e-01 +2.2054e+00 -1.3576e+00
1111 +5.007990343e+01 +5.007990343e+01 +1.095990343e+01 +1.095990343e+01 +1.1714e+00 -1.2661e+00 +1.8494e+00 -1.1434e+00 -2.8332e+00 -3.7069e-02 -2.8797e+00 -2.6426e-01 +1.9893e+00 -1.4947e+00
1130 +3.792302622e+01 +3.792302622e+01 -1.196973779e+00 -1.196973779e+00 +1.1867e+00 -1.2631e+00 +1.7960e+00 -1.1240e+00 -2.8565e+00 -1.3715e-01 -2.7476e+00 -3.0445e-01 +2.0554e+00 -1.6651e+00
1269 +9.115598590e+00 +9.115598590e+00 -3.000440141e+01 -3.000440141e+01 +1.2927e+00 -1.1847e+00 +1.7967e+00 -1.0079e+00 -2.7710e+00 -1.3339e-01 -2.7325e+00 -3.6137e-01 +2.1369e+00 -1.6943e+00
1583 +5.056965756e+00 +5.056965756e+00 -3.406303424e+01 -3.406303424e+01 +1.3217e+00 -1.1004e+00 +1.7445e+00 -9.8659e-01 -2.9626e+00 -1.2590e-01 -2.7655e+00 -4.4470e-01 +1.9548e+00 -1.6546e+00
1584 +3.786629292e+00 +3.786629292e+00 -3.533337071e+01 -3.533337071e+01 +1.3324e+00 -1.0974e+00 +1.8782e+00 -9.4144e-01 -2.6864e+00 -1.6571e-01 -2.7094e+00 -3.1469e-01 +2.1034e+00 -1.6681e+00
2232 +2.498889045e+00 +2.498889045e+00 -3.662111095e+01 -3.662111095e+01 +1.4797e+00 -1.0836e+00 +2.1370e+00 -1.0447e+00 -2.9319e+00 -8.5688e-02 -2.6195e+00 -4.7753e-01 +1.8854e+00 -1.6164e+00
% function evaluation | noise-free fitness - Fopt (-8.801000000000e+01) | best noise-free fitness - Fopt | measured fitness | best measured fitness | x1 | x2...
1 +1.265699636e+05 +1.265699636e+05 +1.264819536e+05 +1.264819536e+05 +2.7506e+00 -3.2952e+00 +2.1646e+00 -1.3237e+00 +1.7583e+00 -3.5077e+00 +3.2394e+00 -2.5707e-01 +1.9412e+00 -2.3556e+00
2 +6.978136729e+04 +6.978136729e+04 +6.969335729e+04 +6.969335729e+04 -1.5406e+00 +1.2312e+00 +3.4194e+00 +6.4611e-02 -1.8369e+00 -2.8376e+00 -3.9429e+00 -1.1619e+00 +8.1394e-01 +3.0693e+00
3 +6.169975431e+04 +6.169975431e+04 +6.161174431e+04 +6.161174431e+04 -2.0409e+00 +1.9535e+00 +1.9888e+00 -1.5775e+00 +2.4963e+00 +2.1059e+00 -2.6932e+00 -2.8578e+00 +1.9954e+00 -6.6930e-01
12 +2.732724166e+04 +2.732724166e+04 +2.723923166e+04 +2.723923166e+04 -1.2225e+00 +1.8415e+00 +3.0628e+00 -1.0572e+00 +3.9977e+00 +1.9795e+00 -1.0300e+00 -8.6926e-01 -8.0860e-01 +1.1311e-01
14 +2.162915761e+04 +2.162915761e+04 +2.154114761e+04 +2.154114761e+04 +5.9425e-02 -2.2895e+00 +2.8032e+00 +2.7257e+00 +2.8465e-01 +2.5408e+00 +1.3292e+00 -3.4912e+00 +2.0355e+00 +3.6282e+00
50 +1.530117864e+03 +1.530117864e+03 +1.442107864e+03 +1.442107864e+03 +9.5755e-01 -7.3885e-01 +1.9949e+00 -7.4942e-01 -2.8349e+00 -4.9289e-01 +5.2052e-01 -1.4046e+00 -1.9760e+00 +9.7311e-01
61 +5.554080383e+02 +5.554080383e+02 +4.673980383e+02 +4.673980383e+02 +8.9333e-01 +5.5893e-01 -7.7360e-01 -2.4181e-01 -2.7895e+00 +1.7942e+00 +2.9111e+00 -1.0666e+00 -1.6369e+00 +8.5330e-01
86 +1.536166779e+02 +1.536166779e+02 +6.560667790e+01 +6.560667790e+01 -2.3897e+00 +2.1387e-01 +4.4906e-01 +1.7615e+00 -3.5517e-01 +1.2141e-01 +1.9916e+00 -2.1510e+00 -1.3526e+00 +6.4320e-01
202 +5.252888744e+01 +5.252888744e+01 -3.548111256e+01 -3.548111256e+01 -2.4579e+00 +2.4698e-01 +4.5234e-01 +1.7732e+00 -3.9653e-01 +1.1950e-01 +2.0303e+00 -2.0617e+00 -1.4477e+00 +7.0220e-01
217 +4.759484144e+00 +4.759484144e+00 -8.325051586e+01 -8.325051586e+01 -2.0454e+00 +4.0750e-01 -6.9995e-01 +2.2368e-01 -1.6966e+00 +1.5069e+00 +2.0147e+00 -1.3015e+00 -1.5856e+00 +9.3162e-01
339 +3.832136150e+00 +3.832136150e+00 -8.417786385e+01 -8.417786385e+01 -2.0496e+00 +3.5112e-01 -6.9305e-01 +1.2726e-01 -1.7782e+00 +1.5235e+00 +2.0628e+00 -1.2277e+00 -1.5613e+00 +1.0158e+00
865 +2.441706784e+00 +2.441706784e+00 -8.556829322e+01 -8.556829322e+01 -2.0439e+00 +2.6846e-01 -5.2129e-01 +4.5149e-02 -1.9192e+00 +1.5691e+00 +2.2218e+00 -1.2783e+00 -1.5151e+00 +1.0587e+00
% function evaluation | noise-free fitness - Fopt (7.934000000000e+01) | best noise-free fitness - Fopt | measured fitness | best measured fitness | x1 | x2...
1 +1.373074364e+05 +1.373074364e+05 +1.373867764e+05 +1.373867764e+05 +2.1438e+00 +2.6766e+00 -2.7123e+00 +1.0753e+00 +9.3480e-01 +1.0941e+00 +3.6319e+00 -1.4138e+00 -7.2545e-01 +3.9726e+00
2 +4.808529350e+04 +4.808529350e+04 +4.816463350e+04 +4.816463350e+04 +5.2147e-01 +1.6109e+00 +3.9199e-01 +8.4019e-01 -1.4088e+00 -2.2520e+00 +6.7300e-01 -3.8857e+00 +2.7678e+00 -1.4173e+00
4 +8.121673499e+03 +8.121673499e+03 +8.201013499e+03 +8.201013499e+03 -1.1555e+00 -2.7902e-01 -3.1749e+00 -3.2005e+00 -1.6389e+00 -1.9236e+00 -9.6196e-01 +2.1135e+00 +1.9461e+00 +4.5828e-01
89 +5.910396217e+03 +5.910396217e+03 +5.989736217e+03 +5.989736217e+03 +1.1785e+00 -8.1906e-01 +2.0279e+00 +1.2055e+00 -2.9205e-01 -2.3066e+00 +1.0601e+00 +5.3293e-01 +3.4940e-02 -4.4098e-01
207 +3.451770265e+03 +3.451770265e+03 +3.531110265e+03 +3.531110265e+03 +1.2730e+00 -6.4642e-01 +3.0772e+00 -1.3048e+00 +9.1917e-02 -2.2909e+00 +9.4767e-01 +2.0454e+00 -4.1661e-02 -1.0941e+00
347 +2.492961175e+03 +2.492961175e+03 +2.572301175e+03 +2.572301175e+03 +1.2102e+00 -7.6327e-01 +2.4669e+00 -6.6237e-01 +6.9942e-02 -2.3232e+00 +1.0693e+00 +1.4558e+00 -1.9954e-02 -1.0670e+00
722 +1.470228334e+03 +1.470228334e+03 +1.549568334e+03 +1.549568334e+03 +1.1435e+00 -8.7891e-01 +2.4721e+00 -1.2382e+00 -3.4427e-02 -2.3409e+00 +1.0653e+00 +2.0263e+00 +1.5523e-01 -1.2151e+00
1001 +9.154044828e+02 +9.154044828e+02 +9.947444828e+02 +9.947444828e+02 +1.3356e+00 -7.6056e-01 +2.1616e+00 -6.6323e-01 +6.2284e-02 -2.5941e+00 +1.1068e+00 +1.5730e+00 +3.3298e-01 -1.1001e+00
1582 +5.763899139e+02 +5.763899139e+02 +6.557299139e+02 +6.557299139e+02 +1.4009e+00 -9.2887e-01 +2.0924e+00 -7.5464e-01 +2.5941e-01 -2.6366e+00 +1.0270e+00 +1.7786e+00 +6.0918e-01 -1.0166e+00
1844 +3.798624803e+02 +3.798624803e+02 +4.592024803e+02 +4.592024803e+02 +1.3509e+00 -9.2796e-01 +1.9155e+00 -5.7913e-01 +3.0522e-01 -2.7806e+00 +1.0408e+00 +1.6446e+00 +6.2362e-01 -1.1099e+00
2025 +2.425140228e+02 +2.425140228e+02 +3.218540228e+02 +3.218540228e+02 -2.1185e+00 -4.8295e-01 -2.9879e+00 +6.7011e-01 -7.6022e-01 -4.1923e-01 +2.8590e+00 +2.0777e+00 +6.8474e-01 -7.9351e-01
2154 +8.193152110e+01 +8.193152110e+01 +1.612715211e+02 +1.612715211e+02 -2.1303e+00 -5.0476e-01 -2.9934e+00 +7.4840e-01 -7.6746e-01 -4.1339e-01 +2.7910e+00 +2.0516e+00 +7.5975e-01 -8.7991e-01
2283 +2.289399893e+01 +2.289399893e+01 +1.022339989e+02 +1.022339989e+02 -2.1154e+00 -4.1373e-01 -2.9549e+00 +7.6505e-01 -7.6263e-01 -4.3343e-01 +2.7759e+00 +2.0728e+00 +8.4001e-01 -9.6520e-01
2541 +1.500255863e+01 +1.500255863e+01 +9.434255863e+01 +9.434255863e+01 -2.2926e+00 -4.5348e-01 -2.8388e+00 +8.1056e-01 -8.4328e-01 -5.5692e-01 +2.7498e+00 +1.9866e+00 +9.1722e-01 -9.3270e-01
2542 +9.240505464e+00 +9.240505464e+00 +8.858050546e+01 +8.858050546e+01 -2.0689e+00 -3.3409e-01 -2.8606e+00 +7.1132e-01 -7.8445e-01 -4.7161e-01 +2.7203e+00 +2.0863e+00 +8.5789e-01 -9.2575e-01
2671 +6.117010532e+00 +6.117010532e+00 +8.545701053e+01 +8.545701053e+01 -2.0823e+00 -2.7587e-01 -2.7623e+00 +6.9138e-01 -8.1215e-01 -4.6835e-01 +2.7094e+00 +2.1428e+00 +9.5681e-01 -9.4317e-01
2801 +3.683199617e+00 +3.683199617e+00 +8.302319962e+01 +8.302319962e+01 -2.0316e+00 -2.8896e-01 -2.7330e+00 +8.0123e-01 -8.2044e-01 -3.9877e-01 +2.7292e+00 +2.0083e+00 +8.6323e-01 -9.6077e-01
3280 +2.453413861e+00 +2.453413861e+00 +8.179341386e+01 +8.179341386e+01 -2.2315e+00 -3.4167e-01 -2.7992e+00 +6.1695e-01 -6.7883e-01 -5.3508e-01 +2.5433e+00 +2.0346e+00 +9.6198e-01 -9.4781e-01
4055 +1.548027710e+00 +1.548027710e+00 +8.088802771e+01 +8.088802771e+01 -2.1196e+00 -1.5199e-01 -2.5258e+00 +4.9045e-01 -6.3326e-01 -4.8625e-01 +2.5315e+00 +2.0805e+00 +8.1151e-01 -9.7947e-01
% function evaluation | noise-free fitness - Fopt (1.721800000000e+02) | best noise-free fitness - Fopt | measured fitness | best measured fitness | x1 | x2...
1 +6.663979671e+04 +6.663979671e+04 +6.681197671e+04 +6.681197671e+04 -3.4133e-01 +1.2072e+00 +3.4720e-01 -3.2768e+00 +2.1331e+00 -1.7916e+00 +2.0395e+00 +2.1459e+00 +7.2256e-01 -1.3828e+00
4 +4.313793705e+04 +4.313793705e+04 +4.331011705e+04 +4.331011705e+04 -8.5444e-01 +2.5659e+00 +6.1183e-01 +2.8472e+00 +3.2054e+00 +1.5747e+00 +2.9696e+00 -6.0155e-01 -1.0479e+00 +1.2534e+00
5 +2.473949932e+04 +2.473949932e+04 +2.491167932e+04 +2.491167932e+04 +8.5484e-02 +3.6798e+00 +1.5584e-01 +2.9692e+00 +1.8510e+00 -2.0076e+00 -1.2441e+00 +2.6935e+00 +3.6768e+00 -1.7858e-01
27 +8.231476300e+03 +8.231476300e+03 +8.403656300e+03 +8.403656300e+03 -1.2765e-01 +1.6965e+00 -8.6440e-01 +2.7986e+00 -2.5759e+00 -2.4661e-01 -1.0528e+00 -2.5503e+00 +1.5344e+00 -2.4694e-01
32 +5.289424775e+03 +5.289424775e+03 +5.461604775e+03 +5.461604775e+03 -4.7982e-01 +1.5047e+00 +1.2727e-02 +2.4752e+00 +1.4555e+00 -8.2552e-01 -1.2295e+00 -2.6672e+00 +8.7381e-01 -1.8439e-01
112 +3.681894784e+03 +3.681894784e+03 +3.854074784e+03 +3.854074784e+03 -2.0739e+00 +3.1219e+00 +2.1077e-01 +2.1721e+00 -6.7906e-01 -2.8308e+00 +1.6090e+00 -2.2416e+00 +2.3557e+00 +1.7740e+00
376 +2.426259142e+03 +2.426259142e+03 +2.598439142e+03 +2.598439142e+03 -2.3512e+00 +3.1752e+00 +2.2622e-01 +2.0424e+00 -6.9870e-01 -2.7831e+00 +1.3435e+00 -2.1629e+00 +2.2227e+00 +1.9411e+00
767 +1.461908414e+03 +1.461908414e+03 +1.634088414e+03 +1.634088414e+03 -2.2235e+00 +3.0338e+00 +3.2190e-01 +2.0042e+00 -6.4824e-01 -2.8221e+00 +1.0983e+00 -2.0542e+00 +2.0600e+00 +1.9717e+00
1062 +8.583134293e+02 +8.583134293e+02 +1.030493429e+03 +1.030493429e+03 -6.1190e-01 +1.6099e+00 +2.7712e-02 +2.4961e+00 +1.3664e+00 -8.9882e-01 -1.2213e+00 -2.6153e+00 +1.1485e+00 +4.3645e-01
1192 +5.350888214e+02 +5.350888214e+02 +7.072688214e+02 +7.072688214e+02 -5.2292e-01 +1.7932e+00 -9.7606e-02 +2.4914e+00 +1.0104e+00 -9.5469e-01 -1.2667e+00 -2.5310e+00 +1.1679e+00 +5.2135e-01
1531 +3.447131965e+02 +3.447131965e+02 +5.168931965e+02 +5.168931965e+02 -5.3044e-01 +1.8837e+00 -5.9691e-03 +2.3929e+00 +1.1059e+00 -9.9513e-01 -1.2929e+00 -2.5042e+00 +1.1307e+00 +6.0203e-01
1668 +2.265485393e+02 +2.265485393e+02 +3.987285393e+02 +3.987285393e+02 -5.4231e-01 +1.8386e+00 -1.3577e-01 +2.4799e+00 +1.0164e+00 -8.8550e-01 -1.3171e+00 -2.4715e+00 +1.2009e+00 +6.3902e-01
1672 +1.548524459e+02 +1.548524459e+02 +3.270324459e+02 +3.270324459e+02 -6.3972e-01 +1.7927e+00 -1.2442e-01 +2.5608e+00 +1.1007e+00 -9.5965e-01 -1.4156e+00 -2.4640e+00 +1.3338e+00 +6.4815e-01
1794 +7.649731402e+01 +7.649731402e+01 +2.486773140e+02 +2.486773140e+02 -4.5081e-01 +1.8031e+00 +1.4345e-01 +2.4004e+00 +1.0306e+00 -1.0385e+00 -1.3391e+00 -2.4786e+00 +1.3214e+00 +7.1053e-01
1807 +5.284215841e+01 +5.284215841e+01 +2.250221584e+02 +2.250221584e+02 -5.2754e-01 +1.8377e+00 -8.3842e-03 +2.4367e+00 +9.2175e-01 -9.2703e-01 -1.3803e+00 -2.4918e+00 +1.3113e+00 +7.4138e-01
1927 +1.829188855e+01 +1.829188855e+01 +1.904718885e+02 +1.904718885e+02 -5.1838e-01 +1.8142e+00 -2.1904e-02 +2.4340e+00 +1.0011e+00 -9.4171e-01 -1.4510e+00 -2.4478e+00 +1.2742e+00 +7.9696e-01
1937 +5.039974514e+00 +5.039974514e+00 +1.772199745e+02 +1.772199745e+02 -5.6577e-01 +1.8205e+00 +8.0377e-02 +2.3218e+00 +1.0970e+00 -9.3250e-01 -1.2097e+00 -2.4209e+00 +1.3962e+00 +8.0501e-01
2056 +3.651734580e+00 +3.651734580e+00 +1.758317346e+02 +1.758317346e+02 -5.8892e-01 +1.8692e+00 -9.0149e-02 +2.4057e+00 +9.8432e-01 -8.7038e-01 -1.2749e+00 -2.3850e+00 +1.2992e+00 +8.4310e-01
4093 +2.456777979e+00 +2.456777979e+00 +1.746367780e+02 +1.746367780e+02 -5.1824e-01 +1.8170e+00 -1.9045e-02 +2.6378e+00 +8.6363e-01 -9.5722e-01 -1.1412e+00 -2.2853e+00 +1.1055e+00 +1.2242e+00
% function evaluation | noise-free fitness - Fopt (-3.181900000000e+02) | best noise-free fitness - Fopt | measured fitness | best measured fitness | x1 | x2...
1 +3.109233410e+04 +3.109233410e+04 +3.077414410e+04 +3.077414410e+04 +2.7888e+00 +2.3297e+00 +1.9927e+00 -2.5674e+00 -3.4980e+00 -2.3516e+00 +4.5808e-01 +2.0306e+00 -3.5760e+00 +3.1908e+00
13 +2.119478441e+04 +2.119478441e+04 +2.087659441e+04 +2.087659441e+04 +3.9869e+00 -9.0840e-01 -1.4621e+00 -9.0496e-01 -1.1643e+00 -8.6309e-01 +2.6937e+00 -7.4749e-01 -3.5298e+00 +1.4549e+00
15 +1.282743236e+04 +1.282743236e+04 +1.250924236e+04 +1.250924236e+04 -1.3293e+00 -2.8142e+00 +7.1440e-01 +3.0231e+00 +1.7867e+00 -1.5814e+00 -2.9734e+00 -7.4109e-01 -1.3999e+00 +2.9176e+00
30 +3.918759601e+00 +3.918759601e+00 -3.142712404e+02 -3.142712404e+02 -2.8891e-01 -1.8360e+00 +2.2905e-02 +2.7651e-01 -1.0452e+00 -1.0285e+00 -1.5678e+00 -7.1256e-01 -1.9998e+00 +1.7465e+00
4280 +2.320803069e+00 +2.320803069e+00 -3.158691969e+02 -3.158691969e+02 +2.4617e+00 -2.4084e+00 +5.5330e-01 -9.2311e-01 +3.4603e-01 -2.6805e+00 -1.5158e+00 -2.2027e+00 -7.4298e-01 +2.4362e+00
% function evaluation | noise-free fitness - Fopt (-5.276000000000e+01) | best noise-free fitness - Fopt | measured fitness | best measured fitness | x1 | x2...
1 +1.294171012e+04 +1.294171012e+04 +1.288895012e+04 +1.288895012e+04 -2.0210e+00 -3.6973e+00 -8.9257e-01 -2.2391e+00 -3.5051e+00 -9.3532e-02 -8.7543e-02 +9.2903e-01 -1.8521e+00 +1.8268e+00
14 +5.152369896e+03 +5.152369896e+03 +5.099609896e+03 +5.099609896e+03 -3.3750e+00 -7.2134e-01 -1.1210e+00 -3.3545e+00 +1.3406e+00 -3.5832e+00 -1.4802e+00 +1.8924e+00 +3.4533e-02 +2.6272e+00
32 +3.176840053e+03 +3.176840053e+03 +3.124080053e+03 +3.124080053e+03 -1.9773e+00 -2.6031e+00 -1.1310e+00 -3.4095e+00 -2.1484e+00 -2.8888e-01 -1.4255e-01 +1.0756e+00 -1.1340e+00 +2.5127e+00
35 +1.386517754e+03 +1.386517754e+03 +1.333757754e+03 +1.333757754e+03 -1.9649e+00 -2.5549e+00 +2.7276e+00 +6.5870e-01 -8.7451e-01 -1.2883e-01 +1.6339e+00 +1.1203e+00 -2.6945e+00 +1.6058e+00
163 +8.562146491e+02 +8.562146491e+02 +8.034546491e+02 +8.034546491e+02 -1.8885e+00 -2.6118e+00 +1.7591e-01 -2.2477e-01 -8.1541e-01 -8.9864e-02 +9.5856e-01 +1.0076e+00 -1.5402e+00 +2.2899e+00
166 +1.814860268e+02 +1.814860268e+02 +1.287260268e+02 +1.287260268e+02 -2.2070e+00 -2.4712e+00 +5.6044e-01 -2.4163e+00 -4.4173e-01 -1.2560e-01 +1.3261e+00 +1.4294e+00 -6.6946e-01 +1.7381e+00
281 +1.567201466e+02 +1.567201466e+02 +1.039601466e+02 +1.039601466e+02 -2.1384e+00 -2.4718e+00 +6.4343e-01 -2.3727e+00 -4.8778e-01 -2.2026e-01 +1.3236e+00 +1.4331e+00 -7.6450e-01 +1.6747e+00
412 +9.881867318e+01 +9.881867318e+01 +4.605867318e+01 +4.605867318e+01 -2.2356e+00 -2.3948e+00 +5.6607e-01 -2.3917e+00 -5.1948e-01 -2.6495e-01 +1.3657e+00 +1.3874e+00 -7.6529e-01 +1.6667e+00
553 +4.808757740e+01 +4.808757740e+01 -4.672422604e+00 -4.672422604e+00 -2.4021e+00 -2.3099e+00 +4.5009e-01 -2.3872e+00 -5.4874e-01 -3.0106e-01 +1.2457e+00 +1.3778e+00 -6.4833e-01 +1.7236e+00
677 +3.713233685e+01 +3.713233685e+01 -1.562766315e+01 -1.562766315e+01 -2.4314e+00 -2.2156e+00 +4.7722e-01 -2.3812e+00 -5.3703e-01 -3.5249e-01 +1.2849e+00 +1.4022e+00 -5.5316e-01 +1.8089e+00
812 +1.042349942e+01 +1.042349942e+01 -4.233650058e+01 -4.233650058e+01 -2.5272e+00 -2.1601e+00 +3.9850e-01 -2.3945e+00 -4.5868e-01 -4.4297e-01 +1.1929e+00 +1.4528e+00 -6.4808e-01 +1.7675e+00
940 +7.346122464e+00 +7.346122464e+00 -4.541387754e+01 -4.541387754e+01 -2.5042e+00 -2.1195e+00 +3.4410e-01 -2.3502e+00 -4.0246e-01 -4.5080e-01 +1.2020e+00 +1.5364e+00 -6.7724e-01 +1.8472e+00
1061 +4.799053722e+00 +4.799053722e+00 -4.796094628e+01 -4.796094628e+01 -2.5387e+00 -2.0377e+00 +3.0601e-01 -2.4966e+00 -4.3847e-01 -4.8087e-01 +1.1720e+00 +1.4626e+00 -6.3046e-01 +1.6323e+00
1543 +3.945080700e+00 +3.945080700e+00 -4.881491930e+01 -4.881491930e+01 -2.4899e+00 -2.0270e+00 +2.1887e-01 -2.4928e+00 -3.0905e-01 -4.1071e-01 +1.2519e+00 +1.5634e+00 -7.9381e-01 +1.5839e+00
2571 +2.459940168e+00 +2.459940168e+00 -5.030005983e+01 -5.030005983e+01 -2.3908e+00 -1.9130e+00 +2.4981e-01 -2.4688e+00 -1.7675e-01 -7.6658e-01 +1.1353e+00 +1.9092e+00 -8.5717e-01 +1.7846e+00
5693 +1.568212135e+00 +1.568212135e+00 -5.119178787e+01 -5.119178787e+01 +1.3708e+00 +3.1163e+00 -1.7149e+00 -4.7512e-01 +2.5225e+00 -7.9247e-02 +2.1098e+00 +2.0798e+00 -7.5859e-01 +1.2736e+00
